1.0496
1.049613894805
1.0496277889877
1.049641682548
1.0496555754859
1.0497250308367
1.0497944706205
1.0498638948379
1.0499333034937
1.0502801134664
1.0506265377783
1.0509725818048
1.0513182517451
1.0516805958292
1.0520425482734
1.052404121473
1.0527653281666
1.0532016454872
1.0536374728916
1.0540728371922
1.0545077651531
1.055067498917
1.0556266148849
1.0561851742467
1.0567432373637
1.0574738407725
1.0582038352862
1.0589333587293
1.0596625467524
1.0606626567601
1.0616627394371
1.0626631397724
1.0636641974682
1.0651618530206
1.0666628364588
1.0681682366308
1.0696791264955
1.0713002770054
1.0729301464641
1.074569963553
1.0762209547397
1.0778843328387
1.0795612182167
1.0812527315657
1.082960039655
1.0844874373199
1.0860288195816
1.087584896274
1.0891564475992
1.0905260056967
1.0919080423254
1.0933029860348
1.0947112979529
1.0961371036218
1.0975771805463
1.0990319351974
1.1005017902933
1.1021942530751
1.1039073717655
1.1056417002892
1.1073978173674
1.1093248866068
1.1112787912419
1.1132601636183
1.1152697016399
1.1172046762156
1.1191660945736
1.1211544352564
1.1231702751681
1.1250077877316
1.1268682589266
1.1287520067217
1.1306594157173
1.1325358650789
1.1344352259198
1.1363577689703
1.1383038038934
1.1404318656915
1.1425879443012
1.1447723479662
1.1469854270453
1.1494100133322
1.1518687993124
1.1543621229924
1.1568903992904
1.1594235929725
1.1619915255473
1.1645944693152
1.1672328136316
1.1697053768479
1.1722086549872
1.1747428325546
1.177308193863
1.179788163177
1.1822969038248
1.1848345600418
1.1874013402378
1.1901051518361
1.1928408413717
1.1956085498806
1.1984084760018
1.2014516942409
1.204532383225
1.2076506820177
1.2108068136579
1.2140511961891
1.2173348564391
1.2206578962029
1.2240205448922
1.227243187007
1.2305015379603
1.2337956537911
1.2371257194074
1.2403113778312
1.2435293422101
1.2467796466893
1.2500624164879
1.2534157696544
1.2568023972233
1.2602223215456
1.2636756376631
1.2673826081585
1.2711273359795
1.2749098249273
1.2787301672994
1.2827274478739
1.2867653304802
1.2908437858314
1.2949629154484
1.2989970580671
1.3030693924208
1.3071798628071
1.3113285645889
1.3152824830399
1.3192704124669
1.3232922938955
1.3273481874353
1.3313835918307
1.3354519996458
1.3395533480022
1.3436876628989
1.348050855159
1.3524500296295
1.3568851014216
1.3613560777614
1.366085935327
1.3708551211778
1.3756635139161
1.3805111203001
1.3853655912076
1.390258510451
1.3951897329363
1.4001592775
1.4049126376346
1.4097002821759
1.414522074417
1.4193780244435
1.4241058297331
1.4288653284482
1.4336563951702
1.4384790121648
1.4434603525711
1.44847465261
1.453521772216
1.4586016679067
1.4639950043521
1.4694244825201
1.4748899241523
1.4803912730272
1.4860227563376
1.4916909999663
1.4973957948916
1.503137098274
1.5086918510693
1.5142799794355
1.5199012833031
1.5255557337159
1.5309776140312
1.5364292826056
1.541910565822
1.5474214202763
1.5529737320303
1.5585554078688
1.5641662747364
1.5698062633236
1.5757636420127
1.5817527891433
1.5877734982736
1.5938256782106
1.6001410908447
1.6064899615757
1.6128720440314
1.6192872506228
1.6256114201811
1.6319669884933
1.6383537073892
1.6447715161432
1.6508860414409
1.6570281031266
1.6631974879412
1.669394138865
1.6754793118318
1.6815901685942
1.6877265156193
1.6938882748837
1.7003026260527
1.7067438790198
1.7132118193419
1.719706343048
1.7265718652067
1.733466369184
1.7403895961645
1.7473414324261
1.7543602440378
1.7614074614165
1.7684828061321
1.7755861911962
1.782384552864
1.7892079208192
1.7960560481791
1.8029288710068
1.8095289965358
1.8161513180393
1.8227956264329
1.8294618462555
1.8362419281097
1.8430441165374
1.8498682003459
1.8567140783712
1.8639741766411
1.8712581573188
1.8785657690638
1.8858968902768
1.8934862397826
1.9011000868895
1.9087381431995
1.9164003021765
1.9238522011746
1.9313262352249
1.9388221310774
1.9463398196714
1.9534578707112
1.9605948986059
1.9677506786541
1.9749251449971
1.9820146992508
1.9891219988988
1.9962468393329
2.0033891320022
2.0108939482606
2.0184174979877
2.0259595497018
2.0335199889502
2.0415108349671
2.0495216049215
2.0575520205661
2.0656019658224
2.0736355897003
2.0816880303442
2.0897589997769
2.0978484221821
2.10549660506
2.113160731355
2.1208405589691
2.128536034904
2.1359234284418
2.1433247784307
2.1507398841595
2.1581686756673
2.1658029944357
2.1734513104573
2.1811134163399
2.1887892147924
2.1969888696528
2.205203623534
2.2134332241919
2.2216775584035
2.2301629123985
2.2386632891899
2.247178402614
2.255708168677
2.2638842676751
2.2720732861517
2.280274965247
2.2884892634254
2.2962036614116
2.3039287426066
2.3116643037517
2.3194102975103
2.3271158836388
2.3348313952437
2.3425566463487
2.3502915622789
2.3585192696301
2.3667574738971
2.3750059571565
2.3832646204134
2.3920128934441
2.4007720726879
2.4095418920048
2.4183222622812
2.4269782542999
2.4356439746383
2.4443191547507
2.4530037580125
2.4610964468671
2.4691968745782
2.4773048279278
2.4854202845779
2.4932051091311
2.5009964733806
2.5087942052648
2.5165982558349
2.5247231534191
2.5328545348995
2.540992216826
2.5491361218785
2.5579246402815
2.5667199692513
2.5755218770835
2.5843302779425
2.5882743045095
2.5922196560785
2.596166984912
2.6001170517132
2.6040702394624
2.6080263218295
2.6119852333201
2.6159469170209
2.6219539340321
2.6279669020432
2.6339855586899
2.6400096763246
2.6478419187086
2.6556823944524
2.6635305594411
2.6713859042717
2.6824030088429
2.6934317583534
2.7044707617788
2.7155187197673
2.7255449320436
2.7355764260908
2.7456122266426
2.7556515001293
2.7656934579163
2.7757370059174
2.7857811920813
2.7958253755875
2.804706299778
2.8135858673879
2.8224634285162
2.8313386797297
2.8388208738443
2.8463006367855
2.8537776253866
2.8612516330628
2.8686347484468
2.8760143359576
2.8833901005237
2.8907618037824
2.8994676963067
2.9081670646843
2.916859455131
2.9255444800803
2.9357922211742
2.9460283629304
2.9562521872786
2.966463161493
2.9763652255354
2.9862538596247
2.9961283746491
3.0059885263724
3.0138747751665
3.0217510494299
3.0296170108132
3.0374725893568
3.0441794295873
3.0508782762515
3.0575689593276
3.0642513734681
3.0716536873635
3.0790454170868
3.0864263516523
3.0937963183519
3.1030822903715
3.1123500676183
3.1215992500831
3.1308295176103
3.141197467455
3.1515403923997
3.1618577077773
3.1721491420425
3.1789037726619
3.1856468034585
3.1923780856472
3.1990975545029
3.205805125029
3.2125006123786
3.2191838876836
3.2258548521944
3.234436978754
3.242998179329
3.2515381948319
3.2600568201533
3.2702118857712
3.2803355924274
3.2904274902962
3.3004873673523
3.3072230872265
3.3139440471277
3.3206501221979
3.3273412670556
3.3340174184861
3.340678415737
3.3473241519635
3.3539545539673
3.3622296067352
3.370480295945
3.3787064254924
3.3869078591391
3.3963337435458
3.405726246135
3.415085052893
3.4244100723941
3.4308872866195
3.43734785047
3.4437916681447
3.4502187221159
3.4566289772262
3.4630223008582
3.4693986135828
3.4757578700818
3.4835808102817
3.4913775333429
3.4991479002936
3.5068918299488
3.5157275190627
3.5245281558239
3.5332935173475
3.5420235793181
3.5482555553903
3.5544692310939
3.5606645330964
3.5668414642582
3.5730000106394
3.5791400615998
3.5852615586301
3.5913644786016
3.5987465496508
3.6061010827482
3.6134279812655
3.6207272063804
3.628949855877
3.6371368452385
3.6452880200428
3.6534034067173
3.6607474667667
3.6680617187184
3.6753460111249
3.6826004885429
3.6884489495066
3.6942777339488
3.7000867799632
3.705876151048
3.7112420839001
3.7165909271331
3.7219226507387
3.7272372626122
3.7334227585173
3.7395848390563
3.7457234645581
3.7518386310932
3.7592200466476
3.7665668729542
3.7738790377093
3.781156565261
3.7885140757728
3.7958356811984
3.8031212674403
3.8103709875293
3.8163309173022
3.8222662494263
3.8281769100932
3.8340630376642
3.8389883946751
3.843896376091
3.8487869624575
3.853660192091
3.8588044291172
3.8639291546315
3.869034356012
3.8741200490458
3.8803678703086
3.8865859641132
3.8927743103616
3.898932939161
3.9058814335088
3.9127916506367
3.9196635403496
3.9264972238689
3.9313735227163
3.9362301404704
3.9410670638825
3.9458843441803
3.9506820176581
3.9554600378861
3.9602184022897
3.9649571375281
3.9706940060979
3.9764018424633
3.982080645045
3.9877304601254
3.9940954245408
4.0004231886405
4.0067137318611
4.0129671856707
4.0186234465356
4.0242489732421
4.0298437157355
4.0354078749902
4.0398916056805
4.0443552383629
4.0487987600754
4.0532222649055
4.057317452781
4.0613953344366
4.0654559151173
4.0694992324566
4.0741946981993
4.0788666926361
4.0835152291305
4.0881403514292
4.0937067208327
4.0992388434582
4.1047367376718
4.1102005039319
4.1157126871027
4.1211897194443
4.1266315837196
4.13203848822
4.1364878380903
4.1409132124614
4.1453145916056
4.1496921352224
4.1533617852976
4.157014515406
4.1606503333429
4.1642692965921
4.1680848624566
4.1718815433448
4.1756593565178
4.1794183438458
4.1840177440963
4.1885887089109
4.1931312713268
4.1976455077178
4.2027163081167
4.2077509711703
4.2127495232442
4.2177121371832
4.2221350468699
4.2265290408354
4.2308941034561
4.2352304544829
4.2386893768072
4.2421298113675
4.2455517635056
4.2489553305821
4.2521250906753
4.2552787648156
4.2584163706816
4.2615379529922
4.2652081477394
4.2688560046454
4.2724815563055
4.2760848620902
4.2804335156888
4.2847494313303
4.2890326601115
4.2932833305011
4.2975287179795
4.3017412124766
4.3059208283456
4.3100677954991
4.3134361442701
4.3167826607412
4.3201073441939
4.3234103548462
4.3261751633667
4.3289246230918
4.3316587513368
4.3343776072914
4.3372748386552
4.3401545771762
4.3430168504841
4.3458617075167
4.3493650472481
4.3528417112202
4.3562917516552
4.3597152604458
4.3635446670345
4.3673404595233
4.3711026899629
4.3748315502297
4.3774516095582
4.3800549858684
4.3826417005852
4.385211824805
4.3877654174678
4.3903024736917
4.3928230220915
4.3953271126122
4.3983805069727
4.4014091718203
4.4044131602579
4.4073925607936
4.4107653391969
4.4141061890079
4.4174151703853
4.4206924637296
4.4212079707227
4.4217226862367
4.4222366107746
4.4227497448271
4.4230382857966
4.4233265764489
4.4236146168648
4.4239024071244
4.4241899607343
4.4244772566175
4.424764234751
4.4250508241431
4.4253463125795
4.4256413631462
4.4259359763014
4.4262301525449
4.4276944871379
4.4291480032932
4.4305908143077
4.4320230004912
4.4334827336171
4.4349315151958
4.436369476346
4.4377967401842
4.4397849584586
4.4417526631154
4.4437002161824
4.4456279629801
4.4481856547106
4.4507091311732
4.4531992354114
4.4556567665628
4.4585105548079
4.4613216348846
4.4640913438739
4.4668208326225
4.4686324747784
4.4704269421434
4.4722046174888
4.4739658246083
4.4757108972013
4.4774402353517
4.4791541984051
4.4808531193198
4.4829644421845
4.4850533088372
4.4871203974436
4.4891663358224
4.4915089378717
4.4938251036315
4.4961158528031
4.4983820272132
4.4999741188414
4.5015547051583
4.5031241281027
4.5046826613791
4.5062305900479
4.5077682793579
4.5092960468643
4.5108141764461
4.5126503808877
4.5144732957148
4.5162834651574
4.5180813761307
4.520115446825
4.5221350676674
4.5241410208364
4.5261339071894
4.52793838013
4.5297332265257
4.5315190511318
4.5332961415902
4.5347135808925
4.5361260745732
4.537533905147
4.5389372158673
4.5402213410871
4.5415020771582
4.5427796138361
4.5440541002205
4.5455410089525
4.5470242794416
4.5485041947445
4.549981000355
4.5518029296463
4.5536210323686
4.5554358181407
4.5572476938487
4.5591288298572
4.5610079237705
4.5628855689882
4.5647620224667
4.5662938035943
4.5678254963147
4.5693574359626
4.5708896471916
4.5721274239888
4.5733657276287
4.5746046966823
4.5758443926888
4.5771313419541
4.5784193497669
4.5797085513482
4.5809990505767
4.5826309810507
4.5842654417466
4.5859026864894
4.5875429174926
4.5895060287819
4.5914741667762
4.5934477624782
4.5954270375982
4.5968111503368
4.5981983680483
4.5995888258496
4.6009825754789
4.6023796857512
4.6037803298942
4.605184623495
4.6065926418245
4.6083141953336
4.6100416380169
4.6117751638028
4.6135148986455
4.6154975663662
4.6174887523615
4.6194887505438
4.6214976287879
4.6229497910798
4.6244068067224
4.6258687742395
4.6273357024508
4.6288076194291
4.6302846666172
4.6317669237531
4.6332544280972
4.6350646860843
4.6368828898982
4.6387091691851
4.640543585381
4.642641447031
4.6447501966184
4.6468700395898
4.6490009603996
4.650953952242
4.6529164974675
4.6548888014015
4.6568706753815
4.6584667384479
4.6600691629029
4.6616780327263
4.6632932594628
4.6647813578301
4.6662749111121
4.6677739571757
4.6692784848568
4.6710426417945
4.6728143679169
4.6745937120474
4.6763806796058
4.678592906384
4.6808168548178
4.6830526155585
4.6853001601895
4.6876402703036
4.6899932372804
4.6923592207285
4.6947379922987
4.696696719154
4.6986642357285
4.700640657566
4.7026257501536
4.7042497898846
4.705879683971
4.7075154578831
4.7091570487521
4.7108731136902
4.7125955221933
4.7143242872363
4.7160593851674
4.7182452083116
4.7204410296829
4.7226468688464
4.7248626849792
4.7274827961423
4.7301167838627
4.7327647096775
4.7354263961386
4.7373109258346
4.7392023432883
4.7411006656508
4.7430058150174
4.7449177352209
4.7468364931788
4.7487620907638
4.7506944851048
4.7530538922032
4.755423344207
4.7578028407062
4.7601923068827
4.7629082500253
4.7656369644607
4.7683784820381
4.7711325898835
4.773636913859
4.7761516358111
4.7786768406007
4.7812121983551
4.7832588132427
4.7853120686091
4.7873719874598
4.7894384185556
4.791361791238
4.7932907762207
4.7952253668187
4.7971655052398
4.799448700862
4.8017394961201
4.8040378729074
4.8063437655825
4.8091718924427
4.8120111778095
4.8148615995099
4.8177230015072
4.8206551433164
4.8235987137562
4.826553761538
4.8295199285682
4.8319579346422
4.8344034707486
4.836856589199
4.8393170056299
4.8413614744934
4.8434109796146
4.8454655155051
4.8475249898068
4.8497055865797
4.8518916584211
4.8540831854896
4.8562801081725
4.859027504281
4.8617832117572
4.8645471916282
4.8673193355235
4.8705252955041
4.8737420098383
4.8769694619972
4.8802073720942
4.8824981913198
4.8847942035293
4.887095399446
4.8894016702988
4.8917129312303
4.8940292263766
4.8963505323576
4.898676781157
4.9015283574227
4.9043872371189
4.9072533775816
4.9101266619828
4.9134049508848
4.9166923860053
4.9199889448446
4.9232943534114
4.9262980307512
4.9293089801737
4.9323272555986
4.9353524736739
4.9377823812158
4.9402167867486
4.9426556982414
4.9450989404619
4.9473617055951
4.9496281521693
4.9518982614389
4.954171962365
4.9568445554479
4.9595220235109
4.9622043307986
4.9648913935555
4.9681868823618
4.971489375032
4.9747988211687
4.978115034859
4.9815122155882
4.9849164023057
4.9883276193566
4.9917454773545
4.9945541781953
4.9973673899409
5.0001851545672
5.0030071694871
5.0053497316465
5.007695226094
5.0100436417143
5.0123948779811
5.014878383139
5.0173649809444
5.0198546456046
5.0223473105274
5.0254549231708
5.0285670872689
5.0316837547181
5.034804806492
5.038401778782
5.0420044387736
5.0456127601556
5.0492264509109
5.0517924779952
5.0543611849677
5.0569325599765
5.0595064895626
5.0614761590265
5.0634472979116
5.0654198900749
5.0673939116171
5.0687327594994
5.0700748588375
5.0714211845851
5.0727715546663
5.0741254768587
5.0754831219492
5.0768444361553
5.078209367764
5.0809192404525
5.0836426202078
5.0863790723615
5.0891282099885
5.0925651857835
5.0960203453956
5.0994928986737
5.1029821468062
5.1069405304714
5.1109181127903
5.1149137776645
5.1189267373268
5.1216268612318
5.1243339542785
5.1270477066146
5.1297679037286
5.1324943105495
5.135226581142
5.1379644339468
5.1407076243962
5.144207104168
5.1477142404383
5.1512284839254
5.1547493505502
5.1589285568455
5.1631154253728
5.1673090587728
5.1715088237049
5.1743626470261
5.1772186254309
5.180076497556
5.1829360914042
5.18579721657
5.1886595753598
5.1915229311555
5.1943870863876
5.1979540233292
5.201521412588
5.2050888215632
5.2086558867211
5.2127554759882
5.2168534163869
5.2209490531507
5.2250419763911
5.2279131643239
5.2307824866916
5.2336497336239
5.2365147825091
5.2393774924501
5.2422376156936
5.2450949641609
5.2479493889374
5.2514516684765
5.2549489336957
5.2584408542921
5.2619271664123
5.2658953946044
5.2698554364184
5.2738067991018
5.2777492081975
5.2805903712228
5.2834264405324
5.286257244289
5.2890826954457
5.2919026894241
5.2947170154441
5.2975255210558
5.3003280942187
5.3037061415261
5.3070750631477
5.3104346044808
5.3137845769404
5.3175453608477
5.3212933427285
5.3250281526341
5.328749618232
5.3321254861749
5.3354897135833
5.3388419926002
5.3421823273397
5.3448973416307
5.3476040738882
5.3503023799351
5.3529922503654
5.3554981719551
5.3579965157803
5.3604871873768
5.3629701353579
5.3658479712383
5.368715104882
5.3715713996657
5.374416760733
5.3778203270179
5.3812076997822
5.3845786458471
5.3879330419029
5.3913041112447
5.39465781881
5.3979938923912
5.4013123411209
5.404058950552
5.4067930343686
5.4095144320499
5.412223200568
5.4145183619615
5.4168041970475
5.4190806338215
5.4213476633876
5.4237461499307
5.4261338686774
5.4285107463727
5.4308767431825
5.4337516124917
5.4366100252679
5.4394518550034
5.4422770350837
5.4454155843421
5.4485329966717
5.4516290783107
5.4547038239296
5.457439963391
5.4601586823217
5.4628598102758
5.4655434560257
5.4677108311079
5.4698664907953
5.4720103638351
5.474142489046
5.4761524545927
5.4781517675927
5.4801403853771
5.4821183008908
5.4844353917888
5.4867375061411
5.4890245816653
5.4912965935875
5.4939979304897
5.4966774731867
5.4993351111323
5.5019708390091
5.5045695393055
5.5071463566089
5.5097011460095
5.512234023357
5.5143049085333
5.5163607424101
5.5184014413807
5.5204271048143
5.5221553248804
5.5238723628141
5.5255781880989
5.5272728216994
5.529091285231
5.5308966247599
5.5326888113322
5.534467845454
5.5366286630578
5.5387696693912
5.5408908139573
5.5429921030881
5.5452888596089
5.5475612853588
5.549809289871
5.5520329629564
5.5539764849792
5.5559008915096
5.5578060913612
5.5596922390401
5.5612130919032
5.5627212429261
5.564216661401
5.5656994067058
5.567115890702
5.5685205773545
5.5699134534698
5.5712945362668
5.5729227716795
5.5745342749946
5.5761290288203
5.57770705045
5.5795641380435
5.5813974563312
5.5832069680204
5.5849927378406
5.5867175306179
5.5884194992064
5.5900985715233
5.591754917099
5.5930930412821
5.5944158780009
5.5957233873677
5.5970156839847
5.5981252458255
5.5992233119237
5.6003098752967
5.6013849716157
5.6025516079127
5.6037044297878
5.6048434351236
5.6059686481677
5.607330173467
5.6086709444514
5.6099909571531
5.6112902619877
5.6126839009256
5.6140528881401
5.6153971929201
5.6167169577428
5.6178470640484
5.6189584850204
5.6200511744658
5.6211253041183
5.6219870177506
5.6228363710473
5.6236733561585
5.6244980398847
5.6252927661636
5.6260757272142
5.6268469272183
5.6276063965819
5.6285030388622
5.629382783468
5.6302456406749
5.6310916529143
5.6320722949755
5.6330293228184
5.6339627427961
5.6348726602444
5.6357283949606
5.6365622486423
5.6373741902023
5.6381644140303
5.6387901457313
5.6394015317807
5.6399985568976
5.6405813380818
5.641080067424
5.6415678723631
5.6420447591724
5.6425107698528
5.6430167376968
5.6435092566752
5.6439883408169
5.644454027759
5.6450083912754
5.6455425475676
5.6460565208418
5.6465503871689
5.6470611421548
5.6475485069276
5.6480124846862
5.6484532452999
5.6488140792684
5.6491577163605
5.6494841354815
5.6497935112032
5.6500331428991
5.6502614481775
5.6504784317187
5.650684160937
5.6508769758562
5.6510587626071
5.6512295352257
5.6513893304531
5.6515682894711
5.65173118433
5.6518780417777
5.6520089182349
5.652142993491
5.6522548568307
5.6523445398211
5.652412169652
5.6524562320262
5.652480310125
5.6524843952584
5.6524686903946
5.6524417684395
5.6524019985217
5.6523493787942
5.6522840223398
5.6522159118482
5.652137918695
5.652050056138
5.6519523676652
5.6518305015059
5.6516961918693
5.6515494618673
5.6513903557146
5.6511770667347
5.6509450215913
5.650694260618
5.6504248732622
5.6503206488429
5.6502138894963
5.6501045983349
5.6499927785713
5.649878689926
5.6497619289362
5.6496413569333
5.6495156390068
5.649409728178
5.6493002130921
5.6491871156012
5.6490704573502
5.6488439969451
5.6486054557831
5.6483550070153
5.6480928036916
5.6477696018864
5.6474306554321
5.6470762417294
5.6467066253959
5.6461734021941
5.6456125871188
5.6450248802493
5.6444109487171
5.6436229149204
5.6427976969966
5.6419365473023
5.6410405769312
5.6403806442767
5.6397040442503
5.6390112095844
5.6383025144198
5.6375783404204
5.6368391377114
5.6360853147643
5.6353172474924
5.6343813878135
5.6334264312098
5.632453044461
5.6314618369834
5.6303465398593
5.6292111459312
5.6280565280847
5.6268834079667
5.6257964472838
5.6246954091578
5.6235809497867
5.6224535119325
5.6214978791026
5.6205339172024
5.6195619852776
5.6185823407001
5.6176417386987
5.6166947313019
5.61574160297
5.6147825971889
5.6136743024895
5.6125590282786
5.6114371816525
5.6103091257333
5.6089788206318
5.6076411488149
5.6062967403099
5.6049461178175
5.603590154
5.6022292054913
5.600863900772
5.5994946277413
5.5983352024928
5.5971737409655
5.5960106094395
5.5948459880919
5.5938322261984
5.5928178147488
5.5918029641334
5.5907878216581
5.589708079623
5.5886284683362
5.5875492198939
5.5864705286536
5.5851720023554
5.5838749934011
5.5825798854455
5.5812869949157
5.5798565999735
5.578429892682
5.5770073905429
5.5755894116107
5.5743208221867
5.5730566529551
5.5717972950273
5.5705428446862
5.5695223180683
5.5685054992837
5.5674925739846
5.5664836054445
5.5655309437624
5.5645821281868
5.5636372921195
5.5626965274444
5.5615960504158
5.5605015737237
5.5594132970992
5.5583313767439
5.557036274784
5.5557510127387
5.5544759276983
5.5532112347319
5.551953089185
5.5507060770405
5.549470570918
5.5482466118634
5.5472544034516
5.5462703530632
5.5452946666099
5.5443272995269
5.5435191618183
5.5427171510456
5.5419213572783
5.5411318037571
5.5402925788574
5.5394607114675
5.5386362961173
5.5378193925902
5.5368130066352
5.5358185677387
5.5348362452979
5.5338661438378
5.5327763542728
5.5317028728686
5.5306459668601
5.529605664219
5.5288910184305
5.528184634227
5.5274865911944
5.5267968850766
5.5261155307307
5.5254426474339
5.5247782975467
5.5241225072549
5.5233225544514
5.5225359130296
5.5217626907982
5.5210029343431
5.5201428853752
5.5193010724947
5.5184776793245
5.5176726676792
5.5171104180837
5.5165576468419
5.5160144123408
5.5154806855586
5.5149564567966
5.5144418279863
5.5139368411227
5.5134414970388
5.5128527597516
5.512278369327
5.5117183929156
5.5111728300405
5.5105713900953
5.5099886768072
5.5094248092997
5.5088796867114
5.508400455648
5.5079369086651
5.5074891859667
5.5070570485952
5.5067205764017
5.5063943268299
5.5060783522056
5.505772541946
5.5054988329997
5.5052338619767
5.5049776454766
5.5047301524201
5.5044516660854
5.5041851497025
5.503930620602
5.5036880524063
5.5034074054329
5.50314472123
5.5029000359358
5.5026732644686
5.5024591633472
5.5022640036307
5.5020878845091
5.5019305326876
5.5018152014124
5.5017126422601
5.5016229330452
5.5015458340196
5.5014915467695
5.5014459146644
5.501408947601
5.5013805729344
5.5013599568445
5.5013488320001
5.5013471959095
5.5013550091278
5.5013779442165
5.5014155560702
5.5014678364223
5.5015347137006
5.5016303199955
5.501745500358
5.5018802760521
5.5020344280568
5.502155079405
5.5022854451975
5.5024255287005
5.5025752403056
5.5027345121491
5.5029033965731
5.5030818826467
5.5032699168052
5.5035119740235
5.5037681698395
5.5040384823401
5.5043228188902
5.5046623449567
5.5050198794768
5.5053954240989
5.5057887454978
5.5061605833098
5.5065470723082
5.5069482754104
5.507363852443
5.5077082229505
5.5080619334061
5.5084249970584
5.5087972567577
5.5091501987997
5.5095110212902
5.5098797107876
5.51025620418
5.5107072623956
5.5111689820536
5.5116413351945
5.5121242479526
5.5127283383196
5.5133480867083
5.5139834541105
5.5146342728282
5.5153147188577
5.5160112335669
5.5167238456526
5.51745219574
5.5180618496537
5.5186821608433
5.5193131702358
5.5199545963391
5.5204950072692
5.5210426132457
5.5215974043358
5.5221592861046
5.5227598507098
5.5233682682839
5.5239845145212
5.5246085261771
5.5253954643655
5.5261943223356
5.5270050536527
5.5278275440983
5.5287875569742
5.5297629973773
5.5307538371151
5.5317597954721
5.532482510225
5.5332128109681
5.5339506845868
5.5346960213911
5.5354487348634
5.5362088641488
5.5369763828046
5.5377512206362
5.5387059215424
5.5396714087371
5.5406476349284
5.5416344805029
5.5427675515489
5.5439141927406
5.5450743740025
5.5462478246175
5.547324166372
5.5484114262444
5.5495096480564
5.5506184628692
5.5515186079759
5.552425645166
5.5533395787578
5.5542602378424
5.5551192785914
5.555984069408
5.5568545899839
5.5577307687113
5.5587634729956
5.5598038553194
5.5608518780191
5.5619074561066
5.5632044260117
5.5645124991539
5.5658316224954
5.5671616109988
5.5681442642296
5.5691327140873
5.570126935272
5.571126857294
5.5716751147581
5.5722252469499
5.5727786733043
5.5733370565718
5.5739012537645
5.5744708497877
5.5750457858533
5.5756260086876
5.576566980894
5.5775211198603
5.5784881568907
5.5794678561579
5.5807430923285
5.5820382031568
5.5833526499325
5.5846859338705
5.5864625212088
5.5882694537688
5.5901055735597
5.5919698738249
5.5934141562643
5.5948737722019
5.5963482288253
5.5978371336543
5.5993400857003
5.6008565486685
5.6023860619028
5.603928244126
5.6056460973363
5.6073782782539
5.6091241964545
5.6108833795288
5.6127100406186
5.6145495675207
5.6164013306769
5.6182649030911
5.6199905043993
5.6217251305109
5.6234683057642
5.6252197599189
5.6268067064185
5.6283997016939
5.6299984270898
5.6316026757481
5.6332156130731
5.6348334973744
5.6364560354126
5.6380830009316
5.6398984246385
5.6417186018677
5.6435431515995
5.6453717726897
5.6473714829455
5.6493751290882
5.651382229939
5.6533924573549
5.6553304099524
5.6572704135491
5.6592120393768
5.6611550814635
5.6628702999585
5.6645860289252
5.6663019932752
5.668018065074
5.6696290086947
5.6712396150473
5.6728496824055
5.6744590785344
5.6761977991343
5.6779352756678
5.679671272329
5.6814056118695
5.6833699485516
5.6853315371684
5.6872900471264
5.6892452505745
5.691250434489
5.6932514419085
5.695247910161
5.6972396762594
5.6990207290581
5.7007974749611
5.7025696556602
5.7043372027241
5.7059028973316
5.7074645879727
5.7090221172323
5.7105754151774
5.7121518938662
5.713723688774
5.7152906521892
5.7168526867718
5.7186296046878
5.7203997120694
5.7221628014729
5.7239187332266
5.7258348915439
5.7277419485034
5.7296396300987
5.7315278108595
5.7332989943042
5.7350612734208
5.7368144071927
5.7385583683952
5.7400595548369
5.7415535678205
5.7430402664518
5.7445196321646
5.7459112908165
5.7472961808345
5.7486742028433
5.7500453105778
5.751556042375
5.7530580533487
5.7545512201828
5.7560354681435
5.7577259894585
5.7594044586373
5.7610706934591
5.7627246092532
5.7643865728224
5.7660355391714
5.7676713038708
5.7692938593461
5.7707048890912
5.7721054948919
5.7734955388772
5.7748750505243
5.7760887192683
5.777293941294
5.7784906404944
5.7796788091282
5.7809053836583
5.7821225852642
5.783330341192
5.7845286194684
5.7859082719322
5.7872749463459
5.7886285349135
5.7899689920344
5.7914140701354
5.7928433102459
5.7942565631729
5.7956538277668
5.7969273009687
5.798186956887
5.7994326629657
5.8006644865118
5.8017067763757
5.8027387595444
5.8037603673046
5.8047716305583
5.8057318432222
5.8066824389183
5.8076233724498
5.8085546406464
5.8095976752852
5.8106282039104
5.8116461683363
5.8126515530903
5.8137926588506
5.8149169587589
5.8160243616168
5.8171148722352
5.8181819093682
5.8192320827153
5.8202652813574
5.8212815876073
5.8221416994158
5.8229891899898
5.8238239890659
5.8246461711006
5.8253670188409
5.8260778006281
5.8267784843023
5.8274690915798
5.8281928153042
5.8289050733568
5.8296058362635
5.8302951088404
5.8310911983962
5.8318713115001
5.832635402379
5.833383484232
5.834172240512
5.8349422729364
5.8356935082074
5.8364260218309
5.8370701753669
5.8376990112093
5.8383124590308
5.8389106334531
5.8394061375801
5.8398905784973
5.8403639272953
5.840826235984
5.8412665959106
5.8416964150834
5.8421156789932
5.8425244071241
5.8429835828029
5.8434286614762
5.8438596254062
5.8442764953306
5.8447390415763
5.8451828589847
5.8456079135233
5.8460142668506
5.8463924468797
5.8467527872383
5.8470952314918
5.8474199124958
5.847680389484
5.8479281307772
5.8481631040975
5.8483854018883
5.8485736350269
5.848751689987
5.8489195589364
5.8490772769405
5.8492373702682
5.8493854410787
5.8495214860279
5.8496455311294
5.8497774453187
5.8498923907049
5.8499903611102
5.8500714069249
5.8501392691612
5.8501878584743
5.8502171471625
5.8502272573507
5.8502203576351
5.8501984927812
5.8501616276789
5.8501098979959
5.8500548359542
5.8499891882208
5.8499129477655
5.8498261735949
5.8497296989412
5.8496228538534
5.8495056414096
5.8493780925854
5.8492147776222
5.8490371642677
5.848845260238
5.848639108232
5.8483841658214
5.8481103590434
5.8478176894919
5.8475062543474
5.8471908329809
5.8468582279262
5.8465084136079
5.846141549585
5.8458238287228
5.845494312115
5.8451529885014
5.8447999544059
5.8444721008588
5.8441347531519
5.8437879166611
5.8434316312965
5.843024701774
5.8426061301002
5.8421759285759
5.8417341348868
5.8411884527068
5.8406261051591
5.8400471110117
5.8394515434097
5.8388050436285
5.838140115455
5.8374567576204
5.8367551192835
5.8361338890955
5.8354989892504
5.8348504040116
5.8341882753612
5.8336230592349
5.8330483295927
5.8324640910112
5.8318704024057
5.8312621140628
5.830644235458
5.830016779377
5.8293797817897
5.8286050863058
5.8278167768217
5.8270148765855
5.8261994407554
5.825243933427
5.8242705493007
5.823279311318
5.8222703374978
5.8213054193855
5.8203248433204
5.8193286003054
5.8183168617515
5.8179696111292
5.8176205704899
5.8172697425727
5.8169171302523
5.8165627361135
5.8162065620906
5.8158486102145
5.8154888825586
5.8151048432333
5.8147164618515
5.8143228621491
5.813924188708
5.8135208716271
5.8131127630888
5.8126999055679
5.8122823403835
5.8115418794838
5.8107874316869
5.8100192422021
5.8092375370115
5.8082641246484
5.8072713180277
5.8062595505201
5.8052292364218
5.8038476771091
5.8024357715131
5.8009944674821
5.7995246518877
5.7978982628567
5.7962405629302
5.794552737406
5.7928357651394
5.7913688231134
5.7898827444352
5.7883782273944
5.7868557458007
5.7856149155374
5.7843631738057
5.7831008534733
5.7818282213551
5.780538675541
5.7792393513298
5.7779305645278
5.7766126041368
5.7749786642937
5.7733318649079
5.7716727676992
5.7700018916608
5.7680226179655
5.7660286931459
5.7640209994731
5.7620002817108
5.7600895637695
5.7581688163937
5.7562387753757
5.7542999003315
5.7527335908252
5.751162382602
5.7495866349375
5.7480065645035
5.746591825692
5.7451741426318
5.7437537424594
5.7423308116153
5.7407066834179
5.7390798718842
5.7374506924583
5.7358194272962
5.7338065411001
5.7317915153851
5.7297749130027
5.7277572149113
5.7256156799843
5.723474183731
5.7213333984487
5.7191937420323
5.7173909124489
5.715589745878
5.7137906514949
5.7119937695969
5.7105323565192
5.7090728603317
5.7076154683229
5.7061602876214
5.7046923986276
5.7032271219059
5.7017646295821
5.7003050618397
5.6985122537503
5.6967244321266
5.6949418983479
5.693164906274
5.6910654555043
5.6889746875367
5.6868930928309
5.684820997219
5.6832963954557
5.6817774242925
5.6802642686944
5.6787570347835
5.6772558423281
5.6757609121402
5.6742724092087
5.6727904537687
5.6710582321078
5.6693355099067
5.6676225372647
5.6659194936361
5.6640544180511
5.6622020143871
5.6603626171356
5.6585363751941
5.6568744086574
5.6552240175138
5.6535854767368
5.6519587854768
5.6506084123011
5.6492666345023
5.6479335903827
5.6466092857539
5.6453657743354
5.6441302754949
5.6429028819852
5.641683637209
5.6402949831011
5.6389172915742
5.6375506877922
5.6361952488464
5.6346031777717
5.6330271539234
5.6314673790193
5.6299239355538
5.6283806270975
5.6268544133771
5.625345533797
5.623853926628
5.6226167181222
5.6213919454443
5.6201797550585
5.6189800475386
5.6179666741436
5.6169625393186
5.6159677038397
5.6149821524453
5.6139520881265
5.6129324790905
5.6119233806411
5.610924808447
5.6097217726584
5.6085345412857
5.6073632050606
5.6062077869022
5.6049212669357
5.6036553146555
5.6024100806423
5.6011854916722
5.6000990061439
5.5990295496899
5.5979772804233
5.5969419828403
5.596123452232
5.5953160013031
5.5945196889878
5.5937344208254
5.593013946034
5.5923030898437
5.5916018754764
5.5909102811186
5.5901078719935
5.5893188655634
5.5885432901154
5.5877811309106
5.5868661013786
5.58597126978
5.5850966912993
5.5842422977257
5.5833923668831
5.5825635297004
5.5817559042219
5.5809692312219
5.5803431086277
5.5797310616213
5.5791331736659
5.5785492205947
5.5780767812044
5.5776139325788
5.5771606878674
5.5767169827333
5.5762573093061
5.5758083497942
5.5753701062029
5.5749425448331
5.5744221437393
5.5739184867641
5.5734315737445
5.5729613410616
5.5724386197192
5.5719381781524
5.5714600501125
5.571004023652
5.5706979199113
5.5704026665894
5.570118270028
5.5698446459188
5.5695817314463
5.5693295799913
5.569088183429
5.5688574934689
5.5685886414714
5.5683359119801
5.5680992870115
5.5678786810168
5.5676461229027
5.5674344284337
5.5672436038704
5.5670734203024
5.5669634075298
5.5668641269358
5.5667755764658
5.5666976597112
5.5666303020994
5.5665735520369
5.5665273934362
5.5664917657009
5.5664626813717
5.5664489164085
5.5664504405145
5.5664671515234
5.5665041535151
5.5665604649717
5.566636074386
5.5667307426983
5.566833376244
5.5669518438718
5.5670861942484
5.5672360923879
5.5673689272861
5.5675120280131
5.5676654025857
5.5678288902163
5.5679896268126
5.5681590620762
5.5683371789935
5.5685239089713
5.5687520215749
5.5689917373594
5.569243023119
5.5695057982809
5.5698399051003
5.5701908100775
5.5705584659128
5.5709426970021
5.5713516945687
5.5717778868468
5.5722212899895
5.5726815476778
5.5730745994076
5.5734792016637
5.5738953871119
5.5743228770167
5.5746887014265
5.5750624263895
5.5754440389956
5.5758334407841
5.5762519627033
5.5766790768362
5.5771147554344
5.5775589305018
5.5781195322747
5.5786930066745
5.5792793018569
5.5798782968522
5.5805791055982
5.5812964115726
5.5820301785111
5.5827801218953
5.58332678297
5.5838817025154
5.5844448642711
5.5850161548822
5.5855954841245
5.5861828886321
5.5867783389638
5.5873817609408
5.5881248505857
5.5888795795435
5.589645895935
5.590423674859
5.5913178868639
5.5922266614033
5.5931499614436
5.594087513277
5.5949524931152
5.5958292390182
5.5967177867577
5.5976177709741
5.5983540103096
5.5990977525218
5.5998489987558
5.6006075765178
5.6013181717267
5.6020350539525
5.6027582007528
5.6034875374744
5.6043461307227
5.605213068033
5.6060883086769
5.6069717638039
5.6080535695923
5.6091486126667
5.6102657136971
5.6114146765625
5.6124549081201
5.6135211381529
5.6146127044149
5.6157288859444
5.6170307767001
5.6183629114784
5.6197244024465
5.6211141767051
5.6224360280423
5.6237811163497
5.6251488217502
5.6265381943904
5.6277063120025
5.6288885675761
5.6300846198151
5.6312939615288
5.6324235970345
5.6335640232171
5.6347149641926
5.6358760906056
5.6372055432389
5.638547361805
5.6399011592391
5.641266504795
5.642903601221
5.6445558529365
5.6462226609293
5.6479033219357
5.6496393200368
5.6513886678822
5.6531508127193
5.6549249277341
5.656449528444
5.6579821546094
5.6595225037335
5.661070030545
5.6624020399845
5.6637388981644
5.6650804032823
5.6664262732536
5.6678302876087
5.6692385733657
5.6706509046162
5.6720670167694
5.6737680883313
5.6754738891258
5.6771840539101
5.6788981584749
5.6808273450609
5.6827605717681
5.6846973854878
5.6866371515533
5.6884178966947
5.6902004492625
5.6919845316437
5.6937695658437
5.6952376153246
5.6967059634706
5.6981744544245
5.6996427952674
5.7010129387156
5.7023826736446
5.7037518628532
5.7051203257082
5.7066981459099
5.7082746073549
5.70984950665
5.7114226025244
5.7133084280783
5.7151910328756
5.7170700989815
5.7189452104276
5.7208514767921
5.7227530252897
5.7246495955147
5.7265406508541
5.7281143334523
5.7296838648215
5.7312491238509
5.7328097578263
5.7341222511302
5.7354312750303
5.7367367394651
5.7380384880962
5.739403017277
5.7407632261367
5.7421190067818
5.7434702206362
5.7451209082576
5.7467643724407
5.7484004275907
5.7500288383337
5.7518766288313
5.7537139921721
5.7555407047951
5.7573563661656
5.7586582433135
5.7599541885005
5.7612441231658
5.7625278980602
5.7638053826108
5.765076541935
5.7663412934169
5.7675995225947
5.7691139419704
5.7706185374474
5.7721131730771
5.7735976632208
5.7752678639163
5.7769246843014
5.7785679700006
5.7801974034507
5.7816701657745
5.7831312153175
5.7845804935074
5.7860176576088
5.7871681411741
5.7883106611944
5.7894451797631
5.7905715364794
5.7916051150688
5.7926316423135
5.7936510750341
5.7946633350102
5.7958352095319
5.7969971890054
5.7981492063162
5.7992911641063
5.8006736799847
5.8020409431618
5.8033928511177
5.8047292188415
5.8060867904771
5.8074277552285
5.8087520642422
5.8100594085458
5.8111212246571
5.8121715334017
5.8132103338952
5.814237401004
5.8150750408155
5.8159046849604
5.8167263131258
5.8175398477101
5.8183839522422
5.8192191057864
5.8200452793134
5.8208624195214
5.8218691924783
5.8228618021639
5.8238401983248
5.824804291165
5.8259083664782
5.8269929367137
5.8280579604294
5.8291032417471
5.8298296205328
5.8305461197145
5.8312527268987
5.8319493697111
5.8326359910754
5.8333126135723
5.833979219211
5.8346357631798
5.8354228604493
5.8361949293104
5.8369519425491
5.8376938295241
5.8385183253641
5.8393232358009
5.8401085536878
5.8408741246783
5.8415505835324
5.8422108492345
5.8428549642252
5.8434827152433
5.8439735341203
5.8444538951866
5.8449238109509
5.8453831883516
5.8457983915667
5.8462045933448
5.8466017906779
5.8469899511713
5.8474343975795
5.8478663566269
5.8482858228465
5.848692764629
5.8491752747636
5.8496388872446
5.8500836056332
5.8505093598264
5.8509262284849
5.8513231860688
5.8517002875661
5.8520573541476
5.8523341211535
5.8525975898951
5.852847810339
5.8530846361946
5.8532693522799
5.8534450428068
5.8536117168759
5.8537693350452
5.853925520484
5.8540716713746
5.8542077925939
5.8543338681088
5.8544775861513
5.8546055602664
5.8547178032495
5.8548142926358
5.8549066207037
5.8549777095382
5.8550276087811
5.8550562294331
5.8550635681626
5.8550604637398
5.8550469336391
5.8550229431577
5.8549884706752
5.8549435629585
5.8548882315026
5.8548224648026
5.8547276752979
5.8546172640518
5.8544912549742
5.8543496341271
5.8541692748084
5.8539687392073
5.8537480883002
5.8535072530129
5.8533206335866
5.8531235319977
5.8529159710077
5.8526979215654
5.8524693672793
5.8522303601971
5.8519809171318
5.8517210309808
5.8513929396199
5.8510496399995
5.8506911639833
5.8503175055769
5.8498766697702
5.8494165169272
5.8489371153486
5.8484384131789
5.8479669746346
5.8474796275129
5.8469764576281
5.8464573479034
5.8460250754365
5.8455824334185
5.8451294593208
5.8446661025765
5.8442270776344
5.8437791694055
5.8433223964819
5.8428567512254
5.8423032299519
5.8417377216392
5.841160253842
5.8405708305818
5.8398382866695
5.8390881699447
5.8383205386883
5.8375353877911
5.8367144667463
5.8358753729695
5.8350182054127
5.8341428765541
5.8334065401518
5.8326579563207
5.8318971941027
5.8311241669501
5.8304708630494
5.8298091189278
5.8291389591035
5.8284603665137
5.8277369980589
5.8270043336004
5.8262623961906
5.8255111899147
5.8245676939223
5.8236100474941
5.8226382958703
5.8216524523
5.8205024205706
5.8193339251813
5.8181470563091
5.8169417877188
5.8165812192095
5.8162190471899
5.8158552725553
5.8154898961556
5.8152818031407
5.8150731947034
5.8148640710732
5.8146544324843
5.8145487365162
5.8144429102204
5.8143369536287
5.8142308667729
5.8141803225234
5.8141297535159
5.8140791619426
5.8140285281069
