16.9
16.899986067014
16.899972083052
16.899958048123
16.899943962232
16.899872768571
16.899800301822
16.899726562778
16.899651552225
16.899257454487
16.898831684583
16.898374336137
16.897885501865
16.897338774106
16.896757577086
16.896142012406
16.895492181222
16.894660747205
16.893779527492
16.892848696022
16.891868426544
16.890532915527
16.889116000584
16.887618047499
16.886039422199
16.883849382213
16.881522271552
16.879058905877
16.87646010087
16.872675788488
16.868640172428
16.864355343526
16.859823389718
16.852596167567
16.844828836504
16.836528296098
16.827701417503
16.817699128795
16.807112413656
16.795949546052
16.784218739286
16.771928155862
16.759085982623
16.745700338759
16.731779229972
16.718999040211
16.705810050802
16.692217800041
16.678227712009
16.665835952128
16.653155345984
16.640189373941
16.626941458573
16.613379829365
16.59954170891
16.585430526367
16.571049668567
16.554351839543
16.53731377662
16.519940422693
16.502236651241
16.482696822268
16.462781334625
16.442496300359
16.421847703672
16.401908441054
16.381651871624
16.361083080255
16.340207002259
16.321167238026
16.301886422467
16.282368144
16.262615890716
16.243201701092
16.223573136088
16.203733386087
16.183685572543
16.161807766019
16.139694942926
16.117350996413
16.094779736942
16.070132959433
16.04522989885
16.020075309963
15.994673815703
15.96933381012
15.943761704126
15.917961928688
15.891938745851
15.867669555173
15.843216291663
15.818582334952
15.793770927361
15.769906638868
15.745886298956
15.721712742156
15.697388708098
15.67190438733
15.646263038766
15.620467743776
15.594521490688
15.566490466287
15.538292500423
15.509931266297
15.48141030697
15.452283909569
15.423000189573
15.393562845397
15.363975399815
15.335807759902
15.307511665065
15.27909013231
15.25054601199
15.22341448542
15.196178212648
15.168839642067
15.141401101442
15.113550200208
15.085601927215
15.057558707014
15.029422861408
14.999420402269
14.969318800534
14.939120843808
14.90882919398
14.877355800149
14.845787783602
14.814128110237
14.782379573605
14.751503951422
14.720550056885
14.689520477249
14.658417613075
14.628973611495
14.599468565251
14.569904551086
14.54028349923
14.511001795882
14.481668443221
14.452285339439
14.422854268762
14.391995926991
14.361089140952
14.330135985583
14.299138414671
14.266567981113
14.233953174718
14.20129628135
14.168599424811
14.136080645558
14.103526771588
14.070939939716
14.038322091007
14.007328977998
13.976311527931
13.945271477196
13.914210390505
13.884158132469
13.854089279282
13.824005315732
13.793907598052
13.763010866964
13.73210270388
13.70118462852
13.670258041843
13.637631383271
13.604998603044
13.57236139427
13.539721301725
13.506525834461
13.473330785219
13.440137847555
13.406948521854
13.375041115934
13.34313999978
13.311246601127
13.279362154459
13.248972374427
13.218593159032
13.188225672807
13.157870932593
13.1274646999
13.097073509203
13.066698462596
13.036340541615
13.004462144488
12.972605046378
12.940770454208
12.908959440114
12.875965329391
12.842999164767
12.810062225464
12.777155610241
12.744911043605
12.712697982135
12.680517569981
12.648370744639
12.617918428062
12.58749822375
12.557111047261
12.526757643089
12.497112429633
12.467501147445
12.437924593852
12.408383437819
12.377797500927
12.347251264486
12.316745559728
12.286281093332
12.254255828015
12.222278066616
12.190348722938
12.158468549239
12.126463291814
12.09450951316
12.062608093191
12.030759704304
12.000445546156
11.970181072965
11.939967000764
11.909803849955
11.8809867978
11.852217586022
11.823496793515
11.794824855491
11.765809279228
11.736845035647
11.707932681254
11.679072652513
11.648623142367
11.618233307658
11.587903761542
11.557634975608
11.526465407591
11.495361791041
11.464324761836
11.43335476121
11.403391610179
11.373492580764
11.343658219553
11.31388885814
11.285840869276
11.257851709118
11.229921799343
11.202051394659
11.174640025746
11.147287214798
11.119993326291
11.092758601467
11.06427629066
11.03585973915
11.007509330989
10.979225325075
10.949477333009
10.919803970897
10.890205659258
10.860682646919
10.831365247802
10.80212326093
10.772957079759
10.743866876613
10.716493738573
10.689188843532
10.661952495265
10.634784801681
10.608820814275
10.5829203351
10.557083598005
10.531310700778
10.504940211166
10.478637340721
10.452402311549
10.426235230208
10.398408293537
10.37065908659
10.342987854529
10.315394696881
10.287127225808
10.258942644936
10.230841206213
10.202822952361
10.176089123253
10.149431877964
10.122851423659
10.096347744475
10.07156356303
10.046847201022
10.02219880316
9.9976183541062
9.9732659730898
9.94898089299
9.9247632283783
9.9006129788627
9.8750307260538
9.8495247827499
9.8240952653097
9.7987421668553
9.7720028782022
9.745349354349
9.7187817225623
9.6922999279545
9.666307904642
9.6403993196339
9.6145742919714
9.588832704069
9.5649454273835
9.5411306135852
9.5173883430747
9.4937185020045
9.4711012815001
9.4485506903397
9.4260667742424
9.4036494532597
9.3804001443466
9.3572229640332
9.3341179438393
9.3110850064704
9.2863290791623
9.2616570099848
9.2370688283344
9.2125644143553
9.2016195784749
9.1906946007379
9.1798129706524
9.1690022652476
9.1582767323402
9.1476298294152
9.137061011084
9.1265697285431
9.1108221543811
9.0952495065106
9.0798500079514
9.0646218728704
9.0450956433455
9.0258518468498
9.0068868059931
8.9881968774254
8.9624666746355
8.9372599541758
8.9125673404197
8.8883796070263
8.8668724675159
8.8457666964353
8.8250559104029
8.8047337313175
8.7847938814958
8.7652305318386
8.7460378474701
8.7272098153662
8.7108604496697
8.694788025574
8.6789888452717
8.6634589385651
8.6505694484798
8.6378667647145
8.6253487884295
8.6130133190213
8.6009998637586
8.5891606988811
8.577493894562
8.5659974954392
8.5526287536776
8.5394923055894
8.5265851486948
8.5139042708396
8.4992144964313
8.4848316254012
8.4707510696962
8.4569681567154
8.4438654411215
8.4310352684205
8.4184738267686
8.4061769408089
8.3965166648391
8.387021863833
8.3776907168281
8.3685211652842
8.3608093998807
8.3532132986692
8.3457317553877
8.3383636146767
8.3303221652956
8.3224174402364
8.3146479962539
8.3070123740839
8.2975639935164
8.2883237629146
8.2792889491515
8.2704567917355
8.2607530899432
8.2512991900158
8.242091513328
8.2331262452161
8.2273599624258
8.2216960897369
8.2161336668096
8.2106716626435
8.2053090799764
8.200045034858
8.1948786002143
8.1898088315779
8.1834138427381
8.1771761003597
8.1710937197136
8.1651647950158
8.1582759235804
8.1516006813073
8.1451360921774
8.1388790041961
8.1347931226797
8.1307986209492
8.1268946519511
8.1230803008394
8.1193546823388
8.1157170204565
8.1121664965098
8.108702269263
8.1044876979694
8.1004054443767
8.0964539849316
8.0926317617318
8.0883829284068
8.0843017322922
8.0803860136409
8.0766334317858
8.0741140216139
8.0716720987242
8.0693069716068
8.0670178796559
8.0648040891283
8.0626649729991
8.0605998598878
8.058608053038
8.0562504264111
8.0540021791977
8.0518621104647
8.0498289805461
8.0476304280204
8.0455688703206
8.0436426368054
8.0418498886649
8.0406467285834
8.0395106472624
8.0384410615949
8.0374373197867
8.0364987944
8.0356249622881
8.0348152554091
8.0340690774951
8.0332479481674
8.0325185912282
8.0318800378044
8.0313312758616
8.0308175253319
8.0304161033957
8.0301257103843
8.0299448880993
8.0298743612408
8.0298923714165
8.0299980428902
8.0301902180345
8.0304082835952
8.0306819679042
8.0310108164772
8.0313942551493
8.0317993278558
8.0322508440779
8.0327484365921
8.0332917043897
8.0339835160802
8.0347365633818
8.0355502808337
8.0364240745329
8.0375630028182
8.0387884229023
8.0400993847026
8.0414948562936
8.0429979055251
8.0445862770332
8.046259074965
8.0480151510056
8.0495273086946
8.0510951835793
8.0527183115609
8.0543960227547
8.0558469958648
8.0573358690141
8.0588623572102
8.0604261207483
8.0621232253156
8.0638615147342
8.0656406544252
8.0674602851053
8.0697606039182
8.0721214434842
8.0745422018505
8.0770222349997
8.0799057061578
8.0828638198388
8.0858957683212
8.0890005850759
8.0912710696378
8.0935783235923
8.095922060526
8.098301932703
8.1007176105071
8.1031688502659
8.105655367515
8.1081768515865
8.1112901865085
8.1144543257234
8.1176687778657
8.1209330100113
8.1246900675046
8.1285097008001
8.132391252116
8.1363339213848
8.1399726967542
8.1436610543031
8.1473985617765
8.1511845421285
8.1542856292645
8.1574179924006
8.1605814007435
8.1637755190083
8.1667727744919
8.1697961850861
8.1728455576643
8.1759206685629
8.179540573881
8.1831949462592
8.1868834864448
8.1906058680887
8.1951557313492
8.1997542170242
8.2044008249234
8.2090949794364
8.2139086412664
8.2187703184846
8.2236795520941
8.2286356642124
8.232773152413
8.2369422065624
8.2411425904258
8.2453738912818
8.2489624612343
8.2525726522564
8.2562043101871
8.2598572326105
8.2637500984121
8.2676664685601
8.2716061587636
8.2755689618667
8.2804763348042
8.2854180851571
8.2903938828016
8.2954033580893
8.301108302755
8.3068554455736
8.3126443535744
8.3184744531813
8.3237408423325
8.3290397785713
8.3343710000077
8.3397340129525
8.3440600619247
8.3484062697442
8.3527724946054
8.357158504104
8.3612823505686
8.3654232840857
8.3695811796025
8.3737558860861
8.3787133586636
8.3836939507495
8.3886974597535
8.3937236583006
8.3998613776118
8.406031951111
8.412235038057
8.4184702244527
8.4247776271453
8.4311168903057
8.4374877210668
8.4438896149725
8.4491495095592
8.4544298481998
8.4597304872865
8.4650511239579
8.4695470415518
8.4740569368016
8.4785807100362
8.4831182205321
8.4879967376788
8.4928907932271
8.4978002623177
8.5027249998339
8.5088523763085
8.5150028010686
8.5211760452413
8.5273718426554
8.5343863217433
8.541428892941
8.5484992649842
8.5555970104063
8.5606387428
8.5656939544663
8.5707625436665
8.5758443598608
8.5809392655463
8.5860471879365
8.5911680215988
8.5963016406124
8.6026247352341
8.6089667675007
8.6153275487046
8.6217068565665
8.6290149384891
8.6363466773713
8.6437018225147
8.6510800059313
8.6577959750286
8.6645305548243
8.6712835996321
8.678054757529
8.6834927485269
8.6889421912376
8.6944030046227
8.6998750220693
8.7049402372251
8.7100148691526
8.7150988443899
8.7201920656181
8.7261783784976
8.7321771920188
8.7381883886266
8.7442118293092
8.7515862858932
8.758978630692
8.7663886637079
8.773816124396
8.7814115212263
8.7890246642878
8.7966553836606
8.8043033278778
8.8106085125077
8.8169251575567
8.8232531838316
8.8295923639077
8.8348863581156
8.8401879900003
8.8454972002157
8.8508138905934
8.856442939402
8.8620802057206
8.8677256158532
8.8733790781947
8.8803979071577
8.8874288549562
8.894471786186
8.9015265343539
8.9095941085953
8.917676719629
8.9257741930164
8.9338862410397
8.9396873436137
8.9454957285376
8.9513113331769
8.9571340517784
8.9629637895816
8.9688005090447
8.9746441435309
8.9804946072403
8.9876259148819
8.9947671238244
9.0019181179147
9.009078749813
9.0172031617202
9.0253396397461
9.0334880378112
9.0416481072838
9.0490728745888
9.0565070678608
9.0639506091937
9.0714032482
9.0774361567447
9.0834749138737
9.0895194722587
9.0955697114394
9.1011991108143
9.1068333285604
9.1124723180094
9.1181160108182
9.1247152729881
9.1313208128551
9.1379325559268
9.1445504078073
9.1525822418315
9.1606228174745
9.1686720125282
9.1767296500006
9.1849243096726
9.1931274486922
9.2013389724849
9.2095586302992
9.2163543373348
9.223155482433
9.2299620235173
9.2367737931543
9.2425004525282
9.2482307333205
9.2539645986909
9.2597019777738
9.2657832804701
9.2718684339549
9.2779573908316
9.284050087364
9.2915720148663
9.2990994724298
9.3066323743478
9.3141706063853
9.3227308282062
9.3312976889727
9.3398710851152
9.3484508125607
9.3546038739377
9.3607600984431
9.3669194479255
9.3730818460275
9.3792472259752
9.3854155713835
9.3915868400487
9.3977609727341
9.4052755392618
9.4127942040331
9.4203168936536
9.4278435071424
9.4363806836671
9.4449227106993
9.4534694997119
9.4620208720917
9.4698037727349
9.4775903417217
9.4853805392093
9.4931741733025
9.4994790616728
9.5057861425623
9.5120953891094
9.5184067095628
9.5242686524669
9.5301323276967
9.5359977057595
9.5418647379321
9.5487152953298
9.5555680156184
9.5624228512585
9.5692797371188
9.5776008768383
9.5859248812309
9.5942516735446
9.6025811288952
9.6110587518127
9.6195389871544
9.6280217824303
9.6365069475322
9.6435203353274
9.6505352803115
9.6575517624219
9.6645696501926
9.6704583090568
9.6763479183131
9.6822384553175
9.6881298671703
9.6943621432982
9.7005953396309
9.7068294258421
9.7130643571768
9.7207602490096
9.7284573232018
9.7361555249712
9.7438547744886
9.752608632468
9.7613637019277
9.7701199203119
9.7788771367883
9.7851552581789
9.7914338386453
9.7977128548334
9.8039922496705
9.8102719744405
9.8165520247766
9.8228323734915
9.8291129782648
9.836748822877
9.8443849548709
9.8520213271515
9.8596578680992
9.8683103192418
9.8769628648147
9.8856154516633
9.8942679470091
9.9021384753013
9.9100088565032
9.9178790734952
9.9257489752761
9.9321153436603
9.9384814782513
9.9448473645957
9.9512129310666
9.9571250954879
9.9630369499571
9.9689484756736
9.974859636825
9.9817585297065
9.988656866702
9.9955546170646
10.002451734441
10.010816579649
10.019180394689
10.027543131261
10.035904698439
10.04441031371
10.05291463081
10.061417623211
10.069919142801
10.076942616187
10.083965054322
10.09098645032
10.098006698945
10.1038951313
10.109782735555
10.115669497952
10.121555378018
10.127780201876
10.134004001018
10.140226755873
10.146448434107
10.154126466876
10.161802790878
10.169477370909
10.177150149597
10.185872514279
10.194592459583
10.203309948987
10.212024867889
10.21826750781
10.224508796809
10.230748720977
10.236987236625
10.243224307398
10.249459936008
10.255694105001
10.261926783552
10.269504043626
10.277079040304
10.284651743448
10.292222101223
10.300798863179
10.309372535612
10.317943087718
10.326510418241
10.334299905052
10.342086688778
10.349870766159
10.357652015371
10.363941758279
10.370229641584
10.37651565863
10.382799752193
10.388633035996
10.394464641396
10.400294556573
10.406122754688
10.412924913283
10.419724693059
10.426522074278
10.433317023419
10.441559936167
10.44979920331
10.458034795009
10.466266643757
10.474640424545
10.483010277329
10.491376191823
10.499738050038
10.506641364742
10.513541902251
10.520439663773
10.5273345633
10.533112278493
10.53888797352
10.544661640409
10.550433247565
10.556534928665
10.562634282354
10.568731296186
10.574825946458
10.582349513634
10.589869431588
10.597385678071
10.604898211276
10.61344253147
10.621981987393
10.630516559371
10.639046158692
10.645150175662
10.651251626755
10.657350504219
10.663446773997
10.669540408486
10.675631414526
10.681719781141
10.687805485539
10.695204422385
10.702599382164
10.709990346047
10.717377276005
10.725745409866
10.734108313791
10.742465971624
10.750818304828
10.758408980671
10.765995236969
10.773577078995
10.781154407027
10.787275655289
10.793393954721
10.799509303638
10.805621655641
10.811293775742
10.816963301831
10.822630226752
10.828294530091
10.834906097493
10.841514065198
10.848118420889
10.854719140064
10.862727688727
10.870730837794
10.878728569817
10.886720834023
10.894850059032
10.902973592399
10.911091434239
10.91920348925
10.925896756098
10.932586080549
10.939271468765
10.945952849639
10.951548111502
10.957140558437
10.962730186316
10.968316970134
10.974222370858
10.980124576274
10.986023578772
10.991919360803
10.999199127228
11.006473949982
11.013743815637
11.021008693485
11.029273331461
11.037531472451
11.045783108022
11.054028168647
11.059923957096
11.065816372015
11.071705409772
11.077591043491
11.083473251981
11.089352044451
11.095227414363
11.101099344736
11.108239170605
11.115373881148
11.122503465294
11.129627894985
11.137698582324
11.14576261821
11.1538199963
11.161870655015
11.169184694302
11.176493176604
11.183796112455
11.191093419384
11.196985421515
11.202873755849
11.208758423923
11.214639387714
11.220095283355
11.225547982379
11.230997480834
11.236443763056
11.242801512243
11.249154858381
11.25550379429
11.261848302026
11.269547230012
11.277239603956
11.284925414925
11.292604624509
11.300414971203
11.308218466788
11.316015118098
11.323804847441
11.330229270977
11.336648989049
11.343064010834
11.349474277057
11.354839752517
11.360201895181
11.365560703536
11.370916157613
11.376576331317
11.382232745594
11.387885396205
11.393534270131
11.40051048204
11.407480909096
11.414445544026
11.421404364287
11.429322352557
11.437232783186
11.445135655359
11.453030914199
11.458673236991
11.464311664639
11.469946196319
11.475576810659
11.481203491304
11.486826248748
11.49244507956
11.498059971079
11.504887748857
11.511709679486
11.518525757334
11.525335961744
11.533050481799
11.54075743884
11.548456833203
11.556148616329
11.563134791915
11.570114684171
11.577088306819
11.584055591221
11.589679030401
11.595298345076
11.600913538875
11.606524580434
11.611729057171
11.61692995617
11.622127275723
11.627321003771
11.633384332891
11.639442752124
11.645496257929
11.651544837242
11.658885311304
11.666218504995
11.673544415348
11.680863013314
11.688306044649
11.695741498495
11.703169386019
11.710589643537
11.71670733621
11.722819848245
11.728927190597
11.735029313605
11.740135073661
11.745237180577
11.750335634646
11.755430419839
11.760814635318
11.766194744024
11.77157074411
11.776942625971
11.783577484878
11.7902060428
11.796828296839
11.803444230592
11.81097278182
11.818493127535
11.826005272147
11.833509172218
11.838869556682
11.844225730171
11.849577693801
11.854925430515
11.860268927687
11.865608196417
11.870943235489
11.876274035527
11.882756600085
11.889232879231
11.895702871214
11.902166560986
11.909488311001
11.916801955558
11.924107499584
11.931404904726
11.938031578925
11.944651541096
11.951264806806
11.957871318709
11.963202120083
11.968528529984
11.973850553397
11.979168164346
11.984099743546
11.98902752423
11.993951506285
11.998871680449
12.004615827044
12.010354772147
12.016088514825
12.021817045725
12.0287694063
12.035714071766
12.042651043383
12.049580299332
12.05662687645
12.063665465333
12.070696079898
12.0777186678
12.08350711052
12.089290107136
12.095067669576
12.100839756108
12.105668158248
12.110492730693
12.115313474991
12.120130378256
12.125220562386
12.130306450423
12.135388042243
12.140465330857
12.146736679582
12.153001448762
12.159259638642
12.165511237523
12.172625483789
12.179731179025
12.186828331219
12.193916906021
12.198979107378
12.204036932423
12.209090383615
12.214139447341
12.219184113897
12.224224394557
12.229260289699
12.234291792485
12.240410434389
12.246522567935
12.252628194161
12.25872730234
12.265635769577
12.272535860173
12.279427582207
12.286310905448
12.292560619656
12.29880341197
12.30503929892
12.311268232497
12.316293387593
12.321314023637
12.326330146467
12.331341734527
12.335988992742
12.340632349429
12.345271805616
12.349907354241
12.355319225051
12.36072576109
12.366126963311
12.37152282522
12.378071482943
12.384612260502
12.39114516216
12.397670171755
12.404305198245
12.410932058726
12.417550768787
12.424161285368
12.429609123094
12.435051403993
12.440488140434
12.445919297294
12.450461710409
12.455000223275
12.459534838312
12.46406554517
12.468853008175
12.473636102302
12.478414828673
12.483189182334
12.48908644671
12.494977028453
12.500860930076
12.506738143524
12.50693657294
12.507134994728
12.507333408887
12.507531815417
12.507730101334
12.507927968998
12.508125265568
12.50832200373
12.50848158793
12.508640827905
12.508799723769
12.508958275635
12.50974587892
12.510524898908
12.511295349244
12.512057243412
12.514224904367
12.516320601943
12.51834464414
12.520297344256
12.52226555682
12.524156249796
12.525969763579
12.527706440487
12.529909512035
12.531976570532
12.533908420877
12.535705871677
12.537872841445
12.539809159269
12.541516666159
12.54299720643
12.54466457328
12.545911744406
12.546743466973
12.5471644929
12.547133743685
12.546524575247
12.545345129774
12.543603602469
12.542122198485
12.54039324096
12.538419163655
12.53620242421
12.533745465133
12.531050680464
12.528120477205
12.524957267891
12.520687693241
12.516063770676
12.511090100112
12.505771282521
12.499063042439
12.491888743254
12.484255740191
12.476171442973
12.47031173437
12.46424142777
12.457962907113
12.451478587544
12.444790861782
12.437902053566
12.430814503752
12.423530560896
12.414324127539
12.404829507236
12.395050927473
12.384992617883
12.372890357907
12.36041841234
12.34758329859
12.334391605136
12.3250021937
12.315445254908
12.305722916511
12.295837345734
12.285790683019
12.275584985086
12.265222331125
12.254704810916
12.241588464965
12.228245720883
12.214680308874
12.20089596509
12.184528955327
12.167874229801
12.150937480218
12.133724490632
12.121603797595
12.10935425728
12.096977707017
12.084476031895
12.071851087846
12.059104636102
12.046238466068
12.033254381207
12.017131561703
12.000836408598
11.984372134528
11.96774196415
11.948154264438
11.928350402519
11.908335219528
11.888113673031
11.873943399443
11.859677331623
11.84531702462
11.830864089346
11.816320106382
11.801686552905
11.786964940031
11.772156796754
11.753815558255
11.735348250092
11.716757582674
11.698046285748
11.676147552425
11.654093496564
11.631888143759
11.609535659291
11.593863480587
11.578122971122
11.562315432556
11.546442230095
11.530504698121
11.514504060189
11.498441579394
11.482318540785
11.462419693566
11.442433509246
11.422362236816
11.402208152649
11.378778196724
11.355243564033
11.331607531631
11.307873536991
11.291141248984
11.274363261971
11.257540655999
11.240674581868
11.223766159461
11.206816391136
11.189826324141
11.17279703196
11.15188755359
11.130922641128
11.109904133407
11.08883390489
11.064511838826
11.040126260951
11.015679790348
10.99117522365
10.97373898152
10.956275615407
10.938786013928
10.921271143152
10.903731938379
10.886169211131
10.868583822887
10.850976665785
10.829500295829
10.807994386026
10.786460419587
10.764899923467
10.74019507154
10.715459478769
10.690695203955
10.665904496805
10.648054573011
10.630192730388
10.612319692881
10.594436268067
10.576543233058
10.558641235264
10.540730976811
10.522813194988
10.501125122865
10.479428248452
10.457723752094
10.436012865617
10.411319994332
10.386621987437
10.361920437922
10.337217139543
10.314704646118
10.292193086208
10.269683516632
10.247177390947
10.2291600181
10.211146045396
10.193135997555
10.175130573138
10.158622307294
10.142118780597
10.125620401025
10.109127622058
10.089851712697
10.070584645985
10.051327046837
10.03207957483
10.008316047589
9.9845700325329
9.9608426238667
9.9371350169481
9.9125479732802
9.887984519652
9.8634457117699
9.8389329959956
9.8189212445208
9.7989281161874
9.7789541041214
9.7590000705255
9.7428410307237
9.7266957196011
9.7105644184323
9.6944474976412
9.677700694655
9.6609700681761
9.6442559310512
9.6275586288675
9.6065568980466
9.5855829529192
9.5646373809805
9.543720819493
9.5190020694568
9.494325659662
9.4696924485475
9.4451035231196
9.4278725814966
9.410664133679
9.3934784535456
9.3763159096083
9.3591768423888
9.3420614580585
9.3249700260852
9.3079028579445
9.2871537592736
9.2664414974038
9.2457665246429
9.2251293614179
9.2018133445658
9.178546939744
9.1553307062609
9.1321654477448
9.1112638040429
9.0904046183712
9.0695881935239
9.0488152642988
9.032169778338
9.0155526816055
8.998964134372
8.9824044768087
8.9670666757452
8.9517540285113
8.9364666773572
8.9212048151062
8.9033016259766
8.8854340631018
8.8676023457149
8.849806737655
8.8280716384225
8.80639134396
8.7847662046525
8.7631967012839
8.7412313788713
8.7193247034178
8.6974769243172
8.6756887140704
8.6579205227744
8.6401924081294
8.6225044566472
8.6048571089502
8.5902921359043
8.575755077678
8.5612460110705
8.5467651020537
8.5314929226085
8.5162523756158
8.501043555862
8.4858665971436
8.4669457883594
8.4480750564052
8.4292545659831
8.4104845486805
8.3888702401044
8.3673236675578
8.345845002304
8.3244346849602
8.3094139936845
8.2944272526079
8.2794745134224
8.2645559302505
8.2496716298255
8.2348216012364
8.220005902414
8.2052246358914
8.1871675857215
8.1691623761193
8.1512090971114
8.1333079121654
8.1129809496396
8.0927217825533
8.0725304741051
8.0524073469158
8.0342389715313
8.0161265714699
7.9980700986439
7.9800699657198
7.9657063875717
7.9513788484634
7.9370873367653
7.922832032693
7.9096787293026
7.8965643971262
7.8835496955224
7.8707055410688
7.8566769520498
7.8428810796534
7.8293150070209
7.8159755821282
7.8046987639258
7.793585209507
7.7826331488234
7.7718407811946
7.7595403810783
7.7474491707957
7.7355645512491
7.7238839311197
7.7089078626348
7.6942710352242
7.6799680297304
7.6659934621768
7.6503032398462
7.6350338182128
7.620177703326
7.6057271266054
7.5975458420734
7.5894966562522
7.5815782165428
7.5737891067368
7.5661279525041
7.5585934946007
7.5511844384465
7.54389948507
7.5340448715175
7.5244210619397
7.5150248470014
7.5058530351255
7.4944184905273
7.4833412698313
7.4726151720298
7.4622338635625
7.4561192368837
7.4501273104412
7.4442568128939
7.4385064133615
7.4328748181306
7.4273608451145
7.4219632776633
7.4166808877221
7.409931753012
7.403375694577
7.3970101315456
7.3908324730605
7.3837289542944
7.3768834099441
7.3702918595216
7.3639501237605
7.3600321248146
7.356213314935
7.3524927254133
7.348869322525
7.3453421051853
7.3419101800782
7.3385726144884
7.3353284598576
7.331267629998
7.3273597376887
7.32360286977
7.3199950925102
7.3159068992423
7.3120227873809
7.3083398159559
7.3048548615371
7.3026462967094
7.3005231659442
7.2984846569869
7.2965298918853
7.2946580217471
7.2928683029472
7.291159950782
7.2895321600425
7.2875918874667
7.2857771415481
7.2840864263708
7.282518214767
7.2808507437237
7.2793439053512
7.2779955445767
7.2768033297
7.2760687126445
7.2754071541301
7.2748179797517
7.2743004484051
7.2738538452442
7.2734775588073
7.2731709349434
7.2729332953697
7.2727337580411
7.2726376371096
7.2726437541731
7.2727508933367
7.2729959844158
7.2733702693335
7.2738721130581
7.2744997152825
7.2750247379943
7.2756127065118
7.2762630532826
7.2769751439241
7.2777483679011
7.278582216296
7.2794761365861
7.280429548991
7.2816670325397
7.2829905569533
7.2843991779036
7.2858919090122
7.2876794980226
7.2895721058083
7.2915684687509
7.2936671685791
7.2956611665883
7.2977377170335
7.2998959696318
7.3021348017112
7.3040075598902
7.3059322445387
7.3079084125418
7.3099355052698
7.3118694828375
7.313846919345
7.3158674551413
7.3179306975521
7.3203930527046
7.3229125729203
7.3254887054516
7.3281208693285
7.3313757587264
7.3347107457669
7.338124911123
7.3416172543028
7.345232723311
7.348926561005
7.352697908527
7.3565456641784
7.3597872040559
7.3630800444659
7.3664237363696
7.369817636079
7.3727234030516
7.3756644004757
7.3786403486085
7.3816509148335
7.3848851514748
7.3881577703929
7.3914684413977
7.3948168096101
7.3989828621144
7.403204757978
7.4074819106853
7.4118136910126
7.4167573373544
7.4217687601122
7.4268471891054
7.4319916983382
7.4366545912604
7.441369376743
7.446135569296
7.4509524295719
7.4548669254156
7.4588136961233
7.4627924857987
7.4668029400363
7.4706047608329
7.474434161951
7.4782909242924
7.482174800201
7.4868021788655
7.4914668088915
7.4961683383999
7.5009063882588
7.5066840413139
7.512513988354
7.5183956442862
7.5243283421073
7.5303171325536
7.5363559454562
7.542444265467
7.5485813448492
7.5536460877646
7.5587429612146
7.5638717039717
7.5690318842842
7.5734350545598
7.5778605004839
7.5823080500193
7.5867774864655
7.5916126012504
7.5964726582303
7.6013574437005
7.6062667213379
7.6123623393644
7.6184945865548
7.6246630772306
7.6308673833897
7.6378448515772
7.6448660931757
7.6519306202497
7.6590377924185
7.6653623297624
7.6717195826847
7.6781092638829
7.6845308554429
7.6897146983057
7.6949188106511
7.7001430355369
7.7053871323456
7.7103947175044
7.7154200027056
7.7204628455069
7.7255230784617
7.7315856147806
7.7376724839151
7.743783449605
7.7499182496277
7.7573530546592
7.7648218300635
7.7723241877925
7.7798596590491
7.7873496361688
7.794871332969
7.8024244307176
7.8100083915187
7.8161976194899
7.8224068822994
7.8286360220737
7.8348847319745
7.8402322669314
7.8455938238415
7.8509692914423
7.8563585204158
7.862245856255
7.8681492480172
7.8740685509987
7.8800035998505
7.8873779158043
7.8947759069969
7.9021973099046
7.9096418199346
7.9179297920135
7.9262455632098
7.9345888147357
7.9429590805723
7.9503097239549
7.9576806477862
7.9650716785333
7.9724824333329
7.9784451925736
7.9844204485262
7.9904081012606
7.9964079792045
8.0021859435326
8.0079750088783
8.013775079128
8.0195860361991
8.0265927094647
8.0336148393167
8.0406522619243
8.0477047890844
8.05622107775
8.064758777935
8.0733176247394
8.0818972749299
8.0903248005714
8.098771833003
8.1072381718447
8.1157234105806
8.1225880127338
8.1294647049143
8.1363533898623
8.1432538391064
8.1491782943382
8.1551112459628
8.1610526197766
8.1670023088752
8.173563563981
8.1801347083232
8.1867156413202
8.1933062436597
8.20151095053
8.20973024907
8.2179639548263
8.2262118441519
8.2353271895129
8.2444593474799
8.2536081059161
8.2627731116178
8.2707355938895
8.2787100243462
8.2866962982471
8.294694119826
8.30111083476
8.3075348306883
8.3139660425567
8.3204043432818
8.3266510087193
8.3329042022652
8.3391638576185
8.3454298891294
8.3530334135186
8.3606460886827
8.3682677988534
8.3758984056502
8.3850963833853
8.3943068951607
8.4035297570329
8.4127647100307
8.4217525538554
8.4307515062659
8.4397614415238
8.4487820401688
8.4560248061639
8.4632742886004
8.4705304275493
8.477793046324
8.4840429258679
8.4902974987936
8.4965567146603
8.5028204946704
8.5097855895505
8.5167561827732
8.5237322033775
8.5307135634788
8.5394273386728
8.5481491716852
8.5568789316776
8.5656164508939
8.5752237666124
8.5848401335561
8.5944654097982
8.6040993192411
8.6107314025618
8.6173674604342
8.6240074450271
8.6306512682572
8.637298853012
8.6439501736479
8.6506051779295
8.6572637987324
8.6656602515509
8.6740622600132
8.6824697231156
8.6908825145101
8.7007173127894
8.710559097653
8.7204077319785
8.7302629770328
8.7372171162662
8.744174430927
8.7511348739498
8.758098359263
8.7650648106245
8.7720342035252
8.7790064870884
8.7859815929065
8.7944904407308
8.8030033158473
8.8115201294207
8.8200407634568
8.829677082317
8.8393180519994
8.8489635648478
8.8586134169419
8.8673520620407
8.8760941113631
8.8848395133892
8.8935880578881
8.9006600737905
8.9077340729361
8.914810021833
8.9218878211428
8.9284924450939
8.9350986121074
8.9417062870051
8.9483154149742
8.9560625024367
8.9638114770053
8.9715622818252
8.9793148415845
8.9887097529848
8.9981070589408
9.0075066677941
9.0169084363523
9.0264254415481
9.0359444873868
9.0454655094053
9.0549882978872
9.0628362385454
9.0706853031629
9.0785354650531
9.0863865838613
9.0929971814312
9.0996084090766
9.1062202397973
9.1128326160057
9.1198671087724
9.1269021494485
9.1339377021906
9.1409737161477
9.149662651173
9.1583521660984
9.1670421962885
9.1757326503662
9.1855655991805
9.1953989243308
9.2052325520052
9.2150663141427
9.2220886733284
9.2291110382034
9.2361333815388
9.2431556410444
9.250177763246
9.2571997406662
9.2642215421735
9.2712431212478
9.2798123144879
9.2883810716582
9.2969493382696
9.3055170347743
9.315256095587
9.3249942770285
9.3347315157364
9.3444676650595
9.3533177436955
9.3621668362617
9.3710149202037
9.3798618305348
9.3869903122438
9.394117998062
9.4012448706492
9.4083708524258
9.4149723107342
9.4215729653513
9.4281727949488
9.4347717607069
9.4424865859757
9.4502001632889
9.4579124578298
9.4656234188335
9.475003335732
9.4843811659381
9.4937568538984
9.5031303000555
9.5126794934598
9.5222262569674
9.5317705579591
9.5413122359388
9.5491810430139
9.5570480288708
9.5649131841665
9.572776395518
9.5793517026223
9.5859256256165
9.5924981488794
9.5990692289338
9.6060137004233
9.6129565173896
9.6198976580287
9.6268370874197
9.6354165627247
9.6439933445555
9.6525673935072
9.6611386474088
9.6709036824086
9.680664985136
9.6904225134863
9.7001761442034
9.7071514065961
9.7141246384179
9.7210958239029
9.7280649163467
9.7350318766904
9.7419967065132
9.7489593864521
9.7559198832612
9.7643842462948
9.7728453131003
9.7813030502939
9.7897574019122
9.7993328793505
9.8089039246083
9.8184705030343
9.8280325065009
9.836721610098
9.8454068890677
9.8540883382855
9.8627658292123
9.8697791722181
9.8767899145266
9.8837980483415
9.8908035133672
9.8973090076688
9.9038121766147
9.9103130072632
9.916811471077
9.924397956803
9.9319811724393
9.9395610965063
9.9471376931753
9.9563257566106
9.9655088528271
9.9746869493384
9.9838599743576
9.9931844769109
10.002503677186
10.01181756324
10.021126011001
10.028809059879
10.036488387911
10.044163995668
10.051835793258
10.058267911128
10.064697338113
10.071124065572
10.077548060359
10.084343149639
10.091135153353
10.09792405819
10.104709839117
10.113084594564
10.121454539684
10.129819650779
10.138179883733
10.147679924854
10.157173599825
10.166660887663
10.176141695394
10.182925649027
10.189706263138
10.196483529513
10.203257412564
10.210027883437
10.216794949137
10.223558598135
10.230318806631
10.238539094912
10.246754250352
10.254964253234
10.263169063908
10.272464889847
10.281753992649
10.291036355454
10.30031189652
10.308741068617
10.317164582195
10.325582442838
10.333994546799
10.340788692724
10.347579079163
10.354365704459
10.361148520403
10.367441571269
10.373731328437
10.380017784563
10.386300918518
10.393634420045
10.400963365606
10.408287742592
10.415607525738
10.424488223532
10.433362109213
10.442229165095
10.451089338849
10.460100812819
10.469105129438
10.47810228942
10.487092194253
10.494509549758
10.501921962298
10.509329438673
10.516731905311
10.522930847449
10.529126271084
10.535318172177
10.541506524971
10.548047212785
10.554583917842
10.561116632555
10.567645339
10.57570534528
10.583759206396
10.591806909058
10.599848422006
10.608994748896
10.618133023494
10.627263238122
10.636385321578
10.64290916838
10.649428843688
10.655944344153
10.662455642244
10.668962716351
10.675465576506
10.681964216359
10.688458618696
10.696353781009
10.704242648791
10.712125211385
10.720001440469
10.728921984612
10.737834365159
10.746738576836
10.755634556949
10.763716307958
10.771791253178
10.779859404587
10.787920677534
10.794430415617
10.800935669774
10.807436442167
10.813932693842
10.81995977797
10.825982961748
10.832002241538
10.838017601516
10.845038383731
10.85205380497
10.859063858547
10.866068526567
10.874565999325
10.883055511262
10.891537054541
10.900010590654
10.908626967056
10.917235040437
10.92583481946
10.934426224975
10.941512484129
10.948593049297
10.955667930906
10.962737068298
10.968655414366
10.974569732938
10.980480022988
10.986386264294
10.992628564044
10.998866328028
11.005099552494
11.011328224551
11.019018226046
11.026701262536
11.034377327729
11.042046399434
11.050769192085
11.059482906599
11.068187544054
11.07688304931
11.083098618009
11.089309513525
11.095515735717
11.101717263069
11.107914079284
11.114106196003
11.120293610385
11.126476309982
11.133993221053
11.14150313988
11.149006061936
11.156501967062
11.164992058702
11.173473121555
11.181945157929
11.190408119312
11.198094723396
11.205773836569
11.213445474576
11.221109567586
11.227295956817
11.233477434799
11.239654006101
11.24582563891
11.251550040555
11.257270187946
11.262986079952
11.268697704673
11.275364478911
11.282025423799
11.288680536688
11.295329805026
11.303397539045
11.311456643546
11.319507117322
11.327548932039
11.335726467995
11.343895035574
11.352054648365
11.360205242196
11.366925545601
11.373639723804
11.38034778931
11.387049691654
11.392657954781
11.398261903155
11.403861537748
11.409456842561
11.415369649958
11.421277612832
11.427180730059
11.433078992437
11.440362387997
11.447638361666
11.454906911941
11.462168023271
11.470428770721
11.478679868347
11.486921322975
11.495153091694
11.501034381807
11.506910723899
11.512782119958
11.518648553069
11.524510010923
11.530366505892
11.53621803754
11.542064596938
11.549173166848
11.556274369212
11.563368203707
11.57045465618
11.578480723936
11.586497303131
11.594504401075
11.602501980089
11.609764376338
11.617018923188
11.624265638456
11.631504464206
11.637345918162
11.643182240915
11.649013438514
11.654839484826
11.660242594099
11.665641269468
11.671035511513
11.676425311296
11.68271681034
11.689002244876
11.695281615046
11.701554912235
11.70916701346
11.716770154213
11.724364337803
11.731949543537
11.739662305785
11.747365776877
11.755059973378
11.762744843003
11.769079463613
11.77540775485
11.781729730288
11.788045347752
11.793328883685
11.798607972226
11.803882615681
11.809152801347
11.814721709342
11.820285632991
11.825844572987
11.831398522884
11.838257419552
11.845108691284
11.851952339889
11.85878835475
11.866566146052
11.874334039889
11.882092046859
11.889840133542
11.895373897619
11.900902599712
11.906426243215
11.911944814806
11.917458305232
11.922966727052
11.928470081496
11.933968362283
11.94065377615
11.947331676028
11.9540020645
11.960664931915
11.968211155305
11.975747717412
11.983274628822
11.990791860299
11.997616981922
12.004434126516
12.011243312893
12.018044492803
12.023531501544
12.029013306044
12.034489913232
12.039961301564
12.04503485505
12.050103919069
12.055168495376
12.060228577314
12.066135411658
12.072036112807
12.077930682846
12.083819116113
12.090964607681
12.098101048478
12.10522844489
12.112346782066
12.119584513704
12.126812874585
12.134031882964
12.141241496142
12.147183153439
12.153118438289
12.159047364693
12.164969897302
12.169923481362
12.174872595624
12.179817243278
12.184757414235
12.1899772871
12.195192156872
12.200402025508
12.20560688865
12.212035084765
12.21845563482
12.224868542921
12.231273802182
12.23856191474
12.245840113402
12.253108411191
12.260366782178
12.265549451608
12.270727059653
12.275899610627
12.281067094058
12.286229503071
12.29138685007
12.29653913744
12.301686360924
12.307945013853
12.314196169972
12.320439833876
12.326675999331
12.333738742121
12.340791856936
12.347835356458
12.354869218126
12.361254676892
12.36763219677
12.374001796862
12.380363436914
12.385494984933
12.390621360802
12.395742571924
12.400858600511
12.405602202088
12.410341347163
12.415076038297
12.419806270606
12.425328123396
12.430843893274
12.436353583675
12.441857191177
12.448535809271
12.455205458953
12.461866148684
12.46851786813
12.475280805908
12.482034468304
12.488778874395
12.495513989309
12.497059812989
12.498605147866
12.500149993841
12.501694350825
12.502562794206
12.503431082859
12.504299216779
12.505167195963
12.505414879958
12.505662551351
12.50591021014
12.506157856327
12.506233708823
12.506309560137
12.506385410268
12.506461259217
12.506537091509
12.506612866346
12.506688562762
12.506764182485
12.506830784605
12.50689733111
12.50696382201
12.50703025731
12.507361600087
12.507691553994
12.508020119941
12.508347298833
12.50996241934
12.511542995355
12.51308913321
12.514600938751
12.516673907893
12.518679143792
12.52061692361
12.522487526883
12.524645584083
12.526707624891
12.528674117813
12.530545534031
12.532858814309
12.535010090601
12.537000415985
12.538830846983
12.541055427608
12.542991653049
12.544642124588
12.546009446717
12.547403626653
12.548299105742
12.548702118461
12.548618909863
12.547986839112
12.546798668145
12.545062210837
12.54278538226
12.541078223052
12.539161862237
12.537038224878
12.534709260939
12.532176905935
12.529443051894
12.52650960448
12.523378472372
12.51889628877
12.514070043628
12.508904192088
12.503403183185
12.495926356802
12.487923095952
12.47940234644
12.47037309036
12.464290305788
12.458002424456
12.45151177519
12.444820715152
12.437931579658
12.430846639323
12.423568179864
12.416098492809
12.406466391141
12.396541667314
12.386328716765
12.375831934159
12.363115610434
12.350018846887
12.336548562798
12.322711759485
12.313336576455
12.303805139222
12.29411940029
12.284281351071
12.274292957151
12.264156105817
12.253872706307
12.243444675991
12.230053227772
12.216437280297
12.202600581201
12.188546878539
12.171382596446
12.153916771127
12.136155622293
12.118105462489
12.106003138831
12.093778622687
12.081433646382
12.068969988262
12.056389398482
12.043693538012
12.03088409469
12.017962768036
12.001553102174
11.984972321055
11.968223669161
11.951310398966
11.93105969799
11.910587516054
11.889898983974
11.868999356615
11.854941573832
11.840793530268
11.8265566832
11.812232544378
11.797822596109
11.78332822276
11.768750841507
11.754091884845
11.735541700967
11.716867432586
11.698071792456
11.679157508538
11.656646681367
11.633978039903
11.611155816921
11.588184391894
11.572646551206
11.557044264625
11.54137876042
11.525651328829
11.50986323005
11.494015618623
11.478109687359
11.462146648517
11.442083443381
11.421934844932
11.401703097184
11.381390468073
11.357465247203
11.333435234067
11.309303825397
11.285074586498
11.268500413636
11.251883323453
11.235224338288
11.218524549748
11.201785019151
11.185006695044
11.168190569636
11.151337658892
11.130316608146
11.109241960913
11.088115544166
11.066939217416
11.042221645372
11.017441571721
10.992601683402
10.967704852704
10.950432237244
10.933134414209
10.915812228312
10.898466600285
10.881098420593
10.86370846023
10.846297538949
10.828866504786
10.807320497953
10.785746557034
10.764146151108
10.74252079032
10.717515845282
10.69248167018
10.667420357404
10.642334197535
10.62464850049
10.606952172463
10.589245903918
10.571530467616
10.553806606235
10.53607493663
10.518336129232
10.500590887372
10.478868953401
10.457139557778
10.435403866333
10.413663094022
10.388749547443
10.363832476313
10.338913487219
10.31399439402
10.296128819346
10.278264549954
10.26040214304
10.242542243852
10.224685467864
10.206832298715
10.188983278105
10.171138985287
10.149513969892
10.127897615584
10.106290834641
10.084694595968
10.06015749136
10.035636415929
10.011132584304
9.9866474244563
9.964374710988
9.9421192704585
9.9198818835059
9.8976637395424
9.879870886063
9.8620912792618
9.8443253101983
9.8265735474757
9.810268425424
9.7939759518118
9.7776964376318
9.7614302414072
9.7424195480689
9.7234279857202
9.7044560306014
9.6855041968636
9.6621858731581
9.6388996359451
9.6156463035423
9.5924268042055
9.5684611275631
9.5445332535851
9.5206439350291
9.4967943238707
9.4773083074901
9.4578497283715
9.4384189272728
9.4190166099141
9.4032100546949
9.3874228880366
9.3716553167388
9.355907637516
9.3394876024226
9.3230897159996
9.3067142128355
9.2903613624362
9.2698681376549
9.2494114114309
9.2289916166412
9.2086092413244
9.1847195042857
9.1608825967053
9.1370991172026
9.1133699049321
9.0967042393579
9.0800659197141
9.0634551369616
9.0468721794305
9.0303173077958
9.0137906470909
8.9972923876645
8.9808227631375
8.9607947828002
8.9408099208611
8.9208684939331
8.9009708890759
8.8784781848392
8.8560425468033
8.833664349072
8.8113442144911
8.7911930577161
8.7710899702312
8.7510351257962
8.7310291356142
8.7149945171405
8.6989916311741
8.6830205746273
8.6670816274008
8.6523287886825
8.6376037497239
8.622906604471
8.6082374987336
8.591050737428
8.5739029085341
8.5567941559047
8.5397246696005
8.5189034216249
8.4981413477351
8.4774386664451
8.4567957298572
8.4357848403113
8.4148365889449
8.3939510937124
8.3731288968068
8.3561235632765
8.3391607943971
8.3222406097513
8.3053633828892
8.2914096259198
8.2774854293186
8.2635908337289
8.2497259701912
8.2351094196377
8.2205261657572
8.2059762625265
8.1914598041154
8.1734022262501
8.1553968524699
8.1374437710391
8.1195431394462
8.098982776924
8.0784922513993
8.058071622749
8.0377212227712
8.0233982498938
8.0091103076944
7.9948574116494
7.9806396809316
7.9664572076057
7.9523099452631
7.9381979173538
7.9241211929491
7.9164470659199
7.9087861981044
7.9011594343974
7.8935912545067
7.8860943228926
7.8786628644807
7.8712964231052
7.8639945390254
7.8530302423991
7.8422122233177
7.8315389868001
7.8210090282376
7.8075193962942
7.7942667248985
7.7812479047147
7.7684598507894
7.7512910836423
7.7345431197746
7.7182085321441
7.702279968242
7.6896141228104
7.6772086449702
7.6650598700554
7.6531640962867
7.6415176929809
7.6301172802611
7.6189594554351
7.6080407500935
7.5972012998
7.5866013477453
7.5762375960206
7.5661066314185
7.5566942445211
7.5474864094514
7.5384804960819
7.5296737436844
7.5215790564818
7.5136558116949
7.5059019584878
7.4983153583542
7.4908832841177
7.4836149680491
7.4765084647168
7.4695617736027
7.4623056036306
7.455227853115
7.4483262831207
7.441598598246
7.4346652056618
7.4279216229482
7.4213653742901
7.4149938835659
7.4089521665548
7.4030819091502
7.3973809739427
7.3918470732479
7.3869054039459
7.3821015399961
7.3774339202356
7.3729008651151
7.3686925504798
7.3646044504934
7.3606352671191
7.3567836367293
7.3528566705596
7.3490569686013
7.3453830954855
7.3418335657038
7.3380930854203
7.3344977886213
7.3310459107075
7.3277356110629
7.3244925323823
7.3213941383613
7.3184386689283
7.3156242213517
7.3131422528351
7.3107783964393
7.308531346119
7.3063996448989
7.3045506897596
7.3027960893517
7.3011348893068
7.2995660506498
7.29807877306
7.2966832259796
7.2953784746269
7.2941635349017
7.2929270036207
7.291797314407
7.2907732777426
7.2898536478601
7.2889779701457
7.2882208006796
7.2875807452625
7.2870562969842
7.2866595924072
7.286367375388
7.2861784948545
7.2860916308337
7.2860992544489
7.2861865781353
7.2863528211004
7.2865970877151
7.2869003921757
7.2872726650549
7.2877132578361
7.2882214664092
7.2888437127559
7.2895428727598
7.2903181684286
7.2911687768436
7.2922093115372
7.2933422131496
7.2945664504724
7.2958809135114
7.2973129667593
7.2988367373645
7.3004512114807
7.3021552183302
7.3037683544725
7.3054528372019
7.3072079692676
7.3090329025541
7.3107337065618
7.31248994737
7.3143011286351
7.3161666820042
7.3181279646837
7.3201449504264
7.3222171241825
7.3243439296773
7.3268150276089
7.329354662813
7.331962122987
7.3346366420212
7.3376128530603
7.3406662820493
7.3437960798064
7.3470012767159
7.3500899610027
7.3532441931484
7.3564633187465
7.3597465090057
7.3626661489282
7.365633747656
7.3686488829412
7.3717110308458
7.3746721353956
7.3776751773477
7.3807197945512
7.3838055798845
7.3872605331141
7.3907647715157
7.3943178231746
7.3979191763541
7.4020700994207
7.4062821393587
7.4105546415711
7.4148868710471
7.4193128746221
7.4237982608444
7.4283424156491
7.4329445596298
7.4370412595426
7.4411819829301
7.4453663373894
7.4495937891556
7.4534041801224
7.4572483297328
7.4611259570302
7.4650367224018
7.4691462086838
7.47329104557
7.4774709199236
7.481685484242
7.4865995371601
7.4915590462022
7.49656354827
7.5016125287457
7.5071346685438
7.5127079626242
7.5183318655979
7.5240057055993
7.5292759382237
7.5345876883949
7.5399405699553
7.545334023835
7.54999517607
7.554685687689
7.5594053159966
7.5641537317452
7.5687497407729
7.5733719567147
7.578020160363
7.5826940963813
7.5880140287304
7.5933663197485
7.5987506604497
7.6041667062842
7.6104214525368
7.6167171086018
7.6230532352552
7.6294293114792
7.6357956024027
7.642200405698
7.6486433372832
7.6551238425987
7.6607235936761
7.6663505854862
7.6720045883848
7.6776852443029
7.6827657724664
7.6878670794033
7.6929889957255
7.698131304919
7.7036295429991
7.7091505069938
7.7146939932897
7.7202597693638
7.7268390348145
7.7334485739383
7.7400880689528
7.7467571525825
7.753985226457
7.7612469991901
7.7685421086249
7.7758700611532
7.78249368909
7.789143390541
7.7958189326586
7.8025199147914
7.8082095844795
7.8139171533022
7.8196424751244
7.8253853313042
7.8309987441503
7.8366285273194
7.8422745404179
7.8479366138498
7.854512636021
7.8611097856263
7.8677278500752
7.8743665847864
7.8820628502796
7.8897861151421
7.8975360742856
7.90531233977
7.9129256220075
7.9205634067672
7.9282254502604
7.9359113354171
7.942394852825
7.9488949262522
7.9554114177219
7.9619440742548
7.9677749592626
7.9736184438638
7.9794744211177
7.9853427461993
7.9917439800641
7.9981595734762
8.0045893880491
8.0110332608082
8.0187541698328
8.0264947368157
8.0342547363745
8.0420338955685
8.0503958814731
8.058779378813
8.0671841431912
8.0756097950446
8.0830451842985
8.0904964256214
8.0979633779245
8.1054457394265
8.1117145805868
8.1179940056915
8.124283923618
8.1305841826759
8.1368180126824
8.1430617482091
8.1493152957747
8.1555785380005
8.1629941930017
8.1704231073491
8.1778651303175
8.1853200822585
8.1939918457915
8.2026806109959
8.2113861621264
8.2201082001845
8.2284971433265
8.2369009162254
8.2453193646984
8.2537521607549
8.2607214452939
8.2677003072297
8.2746886624457
8.2816863243954
8.2879345349042
8.2941900070523
8.3004526710101
8.3067224261897
8.3136948838147
8.3206759040702
8.3276653902653
8.3346632245526
8.3431478662025
8.3516444379866
8.360152777307
8.3686726760293
8.377761836674
8.3868637546515
8.3959782649289
8.4051050654353
8.4129930171771
8.4208899107305
8.428795661828
8.4367100338295
8.4432715544334
8.4498388707842
8.4564119245676
8.4629906065661
8.4695791826593
8.4761732686516
8.4827728006482
8.489377694869
8.4973299868975
8.5052898332
8.5132571252334
8.5212317282193
8.5305335040407
8.5398448978204
8.5491657563067
8.5584958436513
8.5673332686096
8.5761787120892
8.5850320789503
8.5938931022585
8.601092372144
8.6082965716197
8.6155056492814
8.622719462455
8.6291685434933
8.6356213137897
8.6420777266177
8.648537709855
8.6558439735683
8.6631546674436
8.670469722871
8.6777890528195
8.6867505011816
8.6957181227573
8.7046917996595
8.7136713707082
8.7231896962579
8.7327143808176
8.7422453144852
8.7517822508718
8.7598841143024
8.7679901696655
8.7761003687117
8.7842145198563
8.7908865913742
8.7975612602796
8.8042384885856
8.8109181949831
8.8176788189844
8.8244418931792
8.831207373169
8.8379751976921
8.8462346085954
8.8544973602096
8.8627633739749
8.871032547495
8.8806996422831
8.8903708277746
8.9000459957858
8.909724957517
8.9187811825511
8.9278405630412
8.9369030434334
8.9459684010249
8.9532345082807
8.9605023943652
8.9677720283204
8.9750432975059
8.9815515173249
8.9880609871821
8.9945716752902
9.0010835284523
9.0085485422262
9.0160149926784
9.0234828308174
9.0309519914344
9.0401667660569
9.0493833877164
9.0586017712839
9.0678217908594
9.0775476930013
9.0872752367599
9.0970043511078
9.1067348317147
9.1148921674688
9.1230503811969
9.1312094478659
9.1393692084548
9.1460362778651
9.152703767124
9.1593716512859
9.1660398679326
9.1728441869629
9.1796487921963
9.1864536525223
9.193258722261
9.2016486486997
9.2100387858723
9.2184290770766
9.2268194439462
9.2366471981414
9.246474894751
9.2563024585785
9.2661297371131
9.2733601042285
9.280590248429
9.2878201408838
9.295049717695
9.302278923114
9.3095077491357
9.3167361635931
9.3239641162076
9.3325210963969
9.3410773287251
9.3496327620132
9.3581873166595
9.3676486070006
9.3771086965638
9.3865675305401
9.3960249755527
9.4046702216184
9.4133142279486
9.4219569706395
9.4305983089153
9.4378015305826
9.4450037381421
9.45220491288
9.4594049822813
9.4662219600817
9.4730379046896
9.4798527938057
9.4866665858782
9.4945040146495
9.5023399241307
9.5101742796963
9.5180070281663
9.5272528169511
9.5364962616194
9.545737312339
9.5549758726663
9.5642431702234
9.5735078708525
9.5827699454795
9.5920292521726
9.5998100312294
9.6075888176977
9.6153655997576
9.6231402786007
9.6298519372496
9.6365620002758
9.6432704515315
9.6499772476833
9.6571075620035
9.6642359610846
9.6713624224514
9.6784869088022
9.6870987042102
9.6957075378191
9.7043133720354
9.712916143377
9.7224544795986
9.7319889569431
9.7415195393301
9.7510461105519
9.7595822767583
9.7681151744215
9.7766447958114
9.7851710158287
9.7921406281268
9.7991079485099
9.8060729665829
9.8130356248372
9.8196597542049
9.8262817191765
9.832901504766
9.8395190804244
9.8472970880595
9.8550719920765
9.8628437676056
9.8706123737622
9.8798936867049
9.8891703953784
9.8984424644814
9.9077098135687
9.9169181261598
9.9261217161138
9.935320571014
9.9445145631861
9.9520764416977
9.9596350127427
9.9671902736811
9.9747421401435
9.9812111040408
9.9876775606975
9.994141499831
10.00060288858
10.007579585092
10.014553275693
10.0215239448
10.0284915644
10.037053454839
10.045610682043
10.054163219079
10.06271101538
10.072204749848
10.081692566373
10.091174443527
10.100650279927
10.109005732581
10.11735646129
10.125702469488
10.134043645129
10.14075812058
10.147469457053
10.154177649455
10.160882651153
10.167288312978
10.173691042908
10.180090830958
10.186487654209
10.194133025495
10.201774123058
10.209410929434
10.217043413132
10.226245243635
10.235440728865
10.244629845133
10.253812525649
10.262871530776
10.271924229879
10.28097062269
10.290010594424
10.297326540498
10.304638275752
10.311945803448
10.319249050593
10.32546867797
10.331685191517
10.337898584868
10.344108832453
10.350892520693
10.357672431042
10.364448552926
10.3712208651
10.379641296421
10.38805579257
10.396464335055
10.404866883828
10.414213194151
10.423552036369
10.432883400279
10.442207197953
10.448683709101
10.455156556563
10.461625735555
10.468091216229
10.474552975237
10.481011021221
10.487465346109
10.493915931944
10.501959632521
10.509997481386
10.518029463717
10.526055548023
10.535347951636
10.544632398911
10.553908878776
10.563177317402
10.569770854951
10.576360308131
10.582945672729
10.589526920087
10.59610402748
10.602677004321
10.609245843419
10.615810526382
10.62377860821
10.631740532855
10.639696288312
10.64764584418
10.656615594606
10.665577410508
10.674531285171
10.683477152769
10.691588070314
10.699692392021
10.707790128686
10.715881193947
10.722430963423
10.728976361533
10.735517389666
10.742054008159
10.748143717565
10.754229589588
10.760311619991
10.766389792122
10.773488953719
10.780582829138
10.787671410755
10.794754679325
10.803323215337
10.811883939205
10.82043684177
10.828981881973
10.837638206686
10.846286437686
10.854926582618
10.863558559618
10.870676845577
10.877789578634
10.884896768316
10.891998353193
10.897967100358
10.903931886075
10.909892708797
10.915849547712
10.9221663124
10.928478583091
10.93478635542
10.941089615618
10.94886357046
10.956630634381
10.964390800056
10.972144043585
10.98092764447
10.989702328576
10.998468095978
11.007224888624
11.013479031599
11.019728588946
11.025973560074
11.032213922576
11.038449659402
11.044680781952
11.050907286869
11.057129161097
11.064706892439
11.072277730628
11.079841670194
11.087398689875
11.095974028527
11.104540427642
11.113097888359
11.12164635993
11.129410868338
11.137167955166
11.144917635858
11.152659837608
11.158897076349
11.165129465668
11.171357009859
11.177579675809
11.183342124173
11.189100383209
11.194854451414
11.200604316359
11.207320376595
11.21403068596
11.220735241202
11.227434029069
11.235576473979
11.243710370883
11.251835717529
11.259952484173
11.268217026976
11.276472658487
11.284719391651
11.292957159688
11.299744132813
11.306525026334
11.313299852655
11.320068559245
11.325721417149
11.331370007622
11.337014331357
11.342654371675
11.348609798484
11.354560439525
11.360506293284
11.366447350073
11.373791948045
11.381129194724
11.388459087874
11.395781611067
11.404127328563
11.412463449414
11.420789979541
11.429106874257
11.435044300981
11.440976812677
11.446904411011
11.452827078397
11.458744801936
11.46465759389
11.470565453467
11.476468371215
11.48364567726
11.490815659407
11.497978316717
11.505133634124
11.513235765
11.521328464687
11.529411739784
11.537485550941
11.544815370657
11.552137389542
11.559451625122
11.56675801768
11.572654443365
11.578545767121
11.584431994772
11.59031309937
11.595769136512
11.601220760687
11.606667972223
11.612110761744
11.618465330845
11.624813860131
11.631156349338
11.637492789257
11.645180526531
11.652859339522
11.660529230889
11.668190178765
11.675977487124
11.683755544916
11.691524368301
11.699283903169
11.705679318301
11.712068431371
11.718451255788
11.724827748174
11.730163607132
11.735495034339
11.740822031902
11.746144586643
11.751770774293
11.757391990502
11.763008235697
11.768619503021
11.775549313683
11.782471517079
11.789386114537
11.796293094692
11.80414944614
11.811995925993
11.819832544327
11.827659266252
11.833248037049
11.838831759844
11.844410437825
11.849984057135
11.855552608065
11.861116103154
11.866674543385
11.872227922094
11.87898197252
11.885728522643
11.892467574618
11.899199118136
11.906824840686
11.914440912972
11.922047345114
11.929644106598
11.936541300272
11.943430524525
11.950311798072
11.957185071125
11.962728909162
11.968267549288
11.973800998314
11.979329233985
11.984454678757
11.989575640033
11.994692119397
11.999804109856
12.005772278776
12.011734320026
12.017690235407
12.023640018825
12.030861605849
12.038074144377
12.045277640346
12.052472078044
12.059788198505
12.067094946073
12.074392338787
12.081680332469
12.087685933977
12.093685161747
12.099678029751
12.105664501559
12.110670458477
12.115671945816
12.120668966639
12.125661510461
12.130936457092
12.136206400538
12.141471342571
12.146731278527
12.153228523507
12.159718118624
12.166200067648
12.172674363148
12.180042561749
12.187400835629
12.19474919747
12.202087620225
12.207326806788
12.212560926754
12.217789984307
12.223013968551
12.228232872256
12.233446707861
12.238655477582
12.243859176864
12.250186769557
12.256506854677
12.26281943653
12.269124508378
12.27626533234
12.283396512845
12.290518062283
12.297629957089
12.30408608317
12.310534256762
12.31697449695
12.32340676226
12.3285952079
12.333778471869
12.338956561509
12.344129458467
12.348925934645
12.353717945192
12.358505492554
12.363288571584
12.368872376814
12.374450085313
12.380021700322
12.385587218088
12.392341091375
12.399085974302
12.405821875038
12.412548782577
12.419388050462
12.426218019243
12.4330387079
12.439850080375
12.445462577159
12.451068757466
12.456668635317
12.462262180181
12.466939951116
12.471613296286
12.476282219368
12.480946712063
12.485875289875
12.490798917387
12.495717597303
12.50063132663
12.502322163696
12.504012414157
12.505702078046
12.507391155397
12.507935435651
12.508479654979
12.509023813383
12.509567910865
12.510111947425
12.510655923066
12.511199837788
12.511743691595
12.512093421368
12.512443125948
12.512792805334
12.513142459528
12.513246778815
12.513351095859
12.513455410661
12.51355972322
12.513629693049
12.513699661868
12.513769629678
12.513839596479
12.513909549056
12.513979452563
12.514049289096
12.514119060127
12.514181045621
12.514242982793
12.514304871648
12.514366712192
12.514675190462
12.514982461859
12.515288527122
12.515593386985
12.517099631115
12.518575847489
12.520022122725
12.521438542834
12.523522413588
12.525538587935
12.527487343108
12.52936895891
12.531502698643
12.533543833242
12.535492806066
12.537350063015
12.539653098718
12.541799361187
12.543789850788
12.545625571346
12.547857585904
12.549812466003
12.551492655476
12.552900601338
12.554373695421
12.555361147156
12.555868925143
12.555903006898
12.555396812222
12.55432725418
12.552702268135
12.550529880491
12.54887203506
12.546999165147
12.544913268622
12.542616367915
12.54011047097
12.5373975419
12.534479558222
12.531358500681
12.526923078561
12.522140544782
12.517015399562
12.511552137711
12.504202936191
12.496334077548
12.487954307031
12.479072409718
12.47304863481
12.46681967432
12.460387850072
12.453755512501
12.446924990233
12.439898547187
12.432678462572
12.425267021446
12.415710198472
12.405860674967
12.395722831273
12.3853010468
12.372648360716
12.359613598288
12.346203696402
12.332425671577
12.323064456907
12.313545495126
12.303870758839
12.294042259357
12.284061982129
12.273931834122
12.263653744132
12.253229649185
12.239873292127
12.226291373568
12.212487652732
12.198465889596
12.181384095755
12.164000872694
12.146322411085
12.128354994503
12.116268786153
12.104059613995
12.091729219161
12.079279388815
12.066711881889
12.054028367947
12.041230543432
12.02832011653
12.011943110932
11.995394295486
11.978676919598
11.961794240718
11.941590715622
11.921165018918
11.90052228118
11.879667755924
11.865608141013
11.851457554409
11.837217463253
11.822889389093
11.808474823994
11.793975161887
11.779391829481
11.76472626888
11.74619097537
11.727530918221
11.708748817932
11.689847410328
11.667373748092
11.644741683495
11.62195544921
11.599019423895
11.583475099902
11.567865816327
11.552192808645
11.536457374282
11.520660780576
11.504804189035
11.488888799424
11.47291583102
11.452858648313
11.432715519087
11.412488694104
11.392180448095
11.368273998824
11.34426215867
11.320148329057
11.295936079188
11.279348934012
11.262718476306
11.246045734386
11.229331805802
11.212577757783
11.195784544633
11.1789531643
11.162084638554
11.141060089461
11.119981488747
11.098850669732
11.077669498305
11.052958376153
11.028184233906
11.003349764183
10.978457844289
10.961168653284
10.943853958823
10.926514610352
10.909151533316
10.891765622864
10.874357654539
10.856928452635
10.83947886978
10.817922524011
10.796337883689
10.774726423439
10.753089658963
10.728080368404
10.703041418538
10.677974907739
10.652883132004
10.635177876499
10.617461769473
10.599735505209
10.581999860265
10.564255581092
10.546503288207
10.528743655691
10.510977390575
10.489239613773
10.467494097153
10.445742011309
10.42398457597
10.399058721129
10.374129003956
10.349197036596
10.324264638002
10.306377406636
10.288491319113
10.270606935708
10.25272490473
10.234845844694
10.216970242182
10.199098641835
10.181231625883
10.159586696926
10.137950221162
10.116323114877
10.094706350979
10.070150992773
10.045611409097
10.021088819459
9.9965846563402
9.9742907966305
9.9520140200001
9.9297551112441
9.9075152629736
9.889698632589
9.8718951456497
9.8541051956061
9.8363293533024
9.8200002206298
9.8036836596097
9.787379983081
9.7710895514562
9.7520550884362
9.7330396523261
9.7140437218478
9.6950678136503
9.6717253166951
9.6484147484125
9.6251369309372
9.6018927962685
9.5779021830674
9.5539492179214
9.5300346576675
9.5061596577275
9.4866485580763
9.4671648139518
9.4477087685481
9.4282811295694
9.4124507699331
9.3966397578043
9.3808483012977
9.3650766984604
9.3486327236772
9.3322108556437
9.3158113303388
9.2994344186771
9.278914691666
9.2584313929604
9.2379849578155
9.2175758766398
9.1936572447511
9.1697913475421
9.145978787099
9.122220405856
9.1055305313752
9.0888679740019
9.0722329259624
9.0556256768458
9.0390464885739
9.0224954873862
9.005972864833
8.9894788557477
8.9694234338146
8.9494110923852
8.9294421500249
8.9095169957336
8.8869943692651
8.8645287637252
8.8421205558451
8.8197703709564
8.799590899223
8.7794594730535
8.7593762681373
8.7393418973328
8.7232829170912
8.707255664656
8.6912602378901
8.675296917616
8.6605211825898
8.6457732475093
8.6310532070407
8.6163612077265
8.599148832095
8.5819753875067
8.5648410188923
8.5477459173893
8.5268945513386
8.5061023571429
8.4853695551359
8.4646964991969
8.4436546831476
8.4226755114907
8.4017591040293
8.3809060046395
8.3638743926118
8.3468853588447
8.3299389238834
8.3130354621765
8.299059522319
8.2851131565341
8.271196405974
8.2573094022032
8.2426699607375
8.2280638313223
8.2134910685027
8.1989517670199
8.1808664687385
8.1628333978405
8.1448526436198
8.1269243645804
8.1063322619833
8.0858100322863
8.0653577368424
8.0449757088597
8.030629657795
8.016318661734
8.0020427366366
7.9878020021607
7.9735965508488
7.9594263367469
7.9452913837605
7.9311917614209
7.9139754930939
7.8968260203703
7.8798470724775
7.8631594762325
7.8476339090842
7.8323975103477
7.8174461807627
7.8027757184812
7.7889836463131
7.7754421911737
7.7621479954002
7.7490976254061
7.7362438173441
7.723629019185
7.711250057357
7.6991037079579
7.6865814672825
7.6743094180002
7.6622841188542
7.6505020779368
7.638485582918
7.626725678617
7.6152187549547
7.6039611140674
7.5931771556428
7.5826256016397
7.5723033116637
7.5622070145023
7.5529608586778
7.5439074923762
7.5350445108749
7.5263693990458
7.5181710316213
7.5101434782241
7.5022846993389
7.4945925888077
7.4867553935293
7.4790946630818
7.4716082259841
7.4642938600842
7.4566191428897
7.4491383238695
7.4418488771011
7.4347482040851
7.4277019573331
7.4208467659401
7.4141801440424
7.407699474306
7.4017880174663
7.3960360588614
7.3904416862226
7.3850028435557
7.3801014513036
7.3753304689664
7.3706884564115
7.3661738856202
7.3617682571115
7.3574882481913
7.353332472634
7.349299491339
7.345055512714
7.3409531622482
7.3369907607644
7.3331665720606
7.3292304248759
7.3254483169484
7.3218183326074
7.318338448083
7.3151086152094
7.3120162401766
7.3090597047536
7.3062372283027
7.3037957835068
7.3014617984954
7.2992341377229
7.2971115471617
7.2951873248255
7.2933563676812
7.2916177347804
7.2899704242433
7.2883153974687
7.2867617971556
7.2853085386405
7.2839544895756
7.2825694150876
7.2813032912321
7.2801547293638
7.2791222626482
7.2781856560815
7.2773674483742
7.2766662621503
7.2760805678779
7.2756453068364
7.2753042445296
7.2750563992339
7.2749006359455
7.2748381035068
7.2748496526584
7.2749345783995
7.2750920970126
7.2753252443125
7.2756316377087
7.2760105666373
7.2764612753507
7.2770492436174
7.277725096512
7.278487888421
7.2793366184234
7.2803506195714
7.2814630047471
7.282672653307
7.2839783264604
7.2853086363854
7.2867239646886
7.2882234181426
7.2898059291423
7.2912702900264
7.2927980231472
7.2943885403142
7.2960411442077
7.2976694710198
7.2993529015885
7.3010909404792
7.3028830421545
7.3049005820282
7.3069813401378
7.3091246953719
7.3113299842362
7.3138935143934
7.3165343552012
7.3192516617418
7.3220445086627
7.3249513086948
7.3279340222868
7.3309918374863
7.3341237787161
7.3369724258841
7.3398785929059
7.3428417433591
7.3458611930595
7.348612694649
7.3514085419806
7.3542483535995
7.3571316828335
7.3601535457785
7.3632209688315
7.3663335411661
7.3694908143017
7.373159767811
7.376886177959
7.3806694550719
7.3845089564631
7.3887360446164
7.3930278693904
7.397383730936
7.4018028041846
7.4059720075701
7.410194843309
7.4144707952083
7.4187991710665
7.4225848142557
7.4264089640023
7.4302712931781
7.4341713803013
7.4379418764113
7.4417464191598
7.4455847207788
7.44945645319
7.4538293523709
7.4582433786496
7.4626981406386
7.467193209174
7.4723791815187
7.4776167285253
7.4829052992742
7.4882442607407
7.4936295581478
7.4990641227487
7.504547455613
7.510078887447
7.5149218142672
7.5198003393411
7.5247141553808
7.5296628192375
7.5341032747002
7.5385709526464
7.5430656304533
7.5475870328754
7.5523835380169
7.5572092504902
7.5620639119324
7.5669472324123
7.5726847847074
7.5784606543647
7.5842744476199
7.5901257197354
7.596493125215
7.6029034070722
7.6093561088326
7.6158506431518
7.6217927495314
7.6277687592614
7.6337783647429
7.6398210861576
7.6449927979663
7.6501881080908
7.6554068242632
7.6606486747845
7.6657505019095
7.6708736931082
7.6760180691634
7.6811834183762
7.6871294816297
7.6931025959555
7.6991024985686
7.7051288927408
7.7121028134197
7.7191111487441
7.7261535228641
7.7332294764539
7.7402171329805
7.7472365443705
7.7542873964667
7.7613692009305
7.7674080621641
7.7734688389991
7.7795513492875
7.7856552887109
7.7911100524274
7.79658153273
7.8020695922588
7.807574051421
7.8135265963277
7.8194978669125
7.8254876912919
7.8314958708314
7.8386513714147
7.8458322124764
7.8530381193253
7.860268768181
7.8680672348743
7.8758936469541
7.8837476990617
7.8916289505374
7.8986577274824
7.9057075629821
7.9127782709925
7.9198694998504
7.9258482033838
7.9318411658091
7.9378482692997
7.943869329737
7.9497976236179
7.9557391517598
7.9616937970328
7.9676614158719
7.9746679022955
7.9816918402351
7.9887330460525
7.9957913054273
8.0039861825245
8.0122034114418
8.020442728869
8.0287037871699
8.036708741104
8.0447335466191
8.0527780045407
8.0608417400525
8.067568039334
8.0743074421702
8.0810598382018
8.0878250082459
8.0938688389094
8.0999226495697
8.1059863519742
8.1120598237767
8.1187594841686
8.1254707631922
8.1321935422877
8.1389276799693
8.1470480865419
8.1551845746827
8.1633369478757
8.171504962425
8.1802419130459
8.1889962476361
8.1977677600708
8.2065561060893
8.2142199363459
8.2218962456045
8.2295849216233
8.2372856946852
8.2437038401631
8.2501302103261
8.2565647306745
8.2630072712667
8.269430502365
8.2758615295922
8.2823002738457
8.2887466341877
8.29645186814
8.3041677070216
8.3118940195306
8.3196306465244
8.3286376668762
8.3376582544938
8.3466922227759
8.3557393008437
8.3643602847198
8.3729928323071
8.3816368188549
8.3902919449437
8.3973785997939
8.4044725516114
8.4115737328437
8.418681979201
8.4250398987752
8.4314033446592
8.437772258458
8.4441465538708
8.451307166304
8.4584743972722
8.4656481632096
8.472828360675
8.4815784914079
8.490337883027
8.499106393365
8.507883835169
8.5172043974963
8.5265346989705
8.5358746012544
8.5452238272281
8.5532230533386
8.5612289172506
8.5692413528705
8.5772601456551
8.5838832319639
8.5905105536851
8.597142062636
8.6037776638094
8.610470541585
8.6171674705978
8.6238683962673
8.6305732456524
8.6387085267438
8.6468493977892
8.6549957639277
8.6631475049846
8.6726588667145
8.682177265525
8.6917025692439
8.7012345627141
8.7101919034073
8.7191549384048
8.7281235923414
8.737097618755
8.7443350145418
8.7515758085924
8.7588199596957
8.7660673403999
8.7725595671425
8.7790543078833
8.7855515231715
8.792051150274
8.799464516276
8.8068809033481
8.8143002519427
8.821722485088
8.8308444806617
8.8399706311531
8.8491008336426
8.8582349425006
8.8678775547024
8.8775242983078
8.887175082362
8.8968296790719
8.9049654499169
8.9131038177445
8.9212447459189
8.9293880588055
8.9360668974591
8.9427472813696
8.9494291789397
8.9561125184335
8.9629181484194
8.9697251990246
8.9765336321122
8.9833433938141
8.9917032923775
9.000065062598
9.0084286358546
9.0167939204965
9.0265727708365
9.0363537637306
9.0461368065173
9.0559217262209
9.063171901227
9.0704230203212
9.0776750472423
9.0849279085343
9.0921815393514
9.0994359257906
9.1066910282734
9.1139467877021
9.1225031649565
9.131060333852
9.1396182320773
9.1481767669949
9.1576183228337
9.1670605005944
9.1765032318974
9.1859463664964
9.1945957782634
9.2032454277055
9.211895280782
9.2205451831129
9.2277893068919
9.2350334137277
9.2422774788137
9.2495214210035
9.2563931379848
9.2632646912107
9.2701360529672
9.27700717487
9.2848877940574
9.2927680154703
9.3006477967364
9.3085270755366
9.3177927496982
9.3270576031216
9.3363215746521
9.3455845538855
9.354869371702
9.3641530805848
9.3734356409374
9.3827168965189
9.3905447604891
9.3983716449788
9.4061975318408
9.4140223129714
9.4208044255707
9.4275856704916
9.4343660272178
9.4411454464099
9.4483500283909
9.4555534973613
9.4627558255773
9.4699569693426
9.4786300542038
9.4873013298899
9.4959707503618
9.5046382418908
9.5142195958876
9.523798480398
9.5333748492349
9.5429485723955
9.5515372490885
9.5601237345684
9.5687080141384
9.577289952184
9.584336110463
9.5913806630736
9.5984235955777
9.60546484439
9.6121805202456
9.6188946291359
9.6256071523411
9.6323180544968
9.6401885216993
9.6480566986318
9.6559225546513
9.6637860419021
9.6731460343292
9.6825025751198
9.6918556203178
9.7012050780562
9.7104802674156
9.719751849351
9.7290198039732
9.7382839918089
9.7459251362247
9.7535636918612
9.7611996518163
9.7688329248149
9.775398886542
9.7819628382109
9.7885247665729
9.7950846345718
9.8021713690748
9.8092556598883
9.8163374876115
9.8234168195164
9.8320901152853
9.8407595955354
9.8494252268682
9.8580869505408
9.8676742990173
9.8772567768865
9.8868343552453
9.8964069210634
9.9048481397371
9.9132854245027
9.9217187740424
9.9301480678391
9.9369598752999
9.9437690216528
9.9505754990463
9.9573792565017
9.9639003463669
9.9704189133028
9.9769349446923
9.9834484141624
9.9912240493316
9.9989959878074
10.006764207779
10.014528672375
10.023857123673
10.033180081172
10.042497514582
10.051809347626
10.060972428934
10.070130035313
10.079282161297
10.088428681982
10.095843682481
10.103254988602
10.110662600682
10.118066440454
10.124398597538
10.130727982478
10.137054586836
10.143378382059
10.150297575898
10.157213377781
10.164125774331
10.171034740768
10.179605901829
10.188171730369
10.196732202946
10.205287272947
10.214766894944
10.224239821739
10.233706037679
10.243165444816
10.24974950585
10.25633025176
10.262907675796
10.26948174473
10.276052432212
10.282619745702
10.289183675005
10.295744199511
10.303924101549
10.312098666734
10.320267876238
10.328431693725
10.337888035262
10.347337082853
10.356778819882
10.366213163839
10.372930295698
10.379643661302
10.386353254475
10.393059043266
10.399761001984
10.406459138859
10.413153444616
10.419843898136
10.427960089303
10.436070571917
10.444175330378
10.452274329665
10.461408392342
10.470535080761
10.479654383713
10.488766227784
10.497029484661
10.505286588642
10.513537547982
10.521782268956
10.528461753117
10.535137140799
10.541808431865
10.548475583
10.554690008574
10.560900825007
10.567108026574
10.573311594437
10.580554890064
10.587793205477
10.595026530675
10.602254843376
10.610993630325
10.619725047794
10.628449082757
10.637165688538
10.645993363951
10.654813388838
10.663625767765
10.672430411226
10.679694715686
10.6869537535
10.694207532731
10.701455986954
10.707552986672
10.713646214993
10.719735669171
10.725821326161
10.732275874177
10.738726134165
10.745172100216
10.751613756482
10.759554639944
10.767488942384
10.775416653691
10.783337746233
10.792306149659
10.801266030336
10.810217384949
10.819160148945
10.825551235085
10.831937923771
10.838320213158
10.844698078401
10.851071500306
10.857440489693
10.863805041821
10.870165141724
10.877910019585
10.885648267541
10.893379877692
10.901104825506
10.909870590722
10.918627743486
10.927376281931
10.936116149573
10.944056214157
10.951989113746
10.959914862334
10.967833381033
10.97421440249
10.980590732402
10.986962374135
10.993329291638
10.999225672683
11.005117994643
11.011006255028
11.016890439825
11.023762297305
11.030628577568
11.037489275767
11.04434437651
11.052675800552
11.060998925786
11.069313747332
11.077620231353
11.086078462306
11.094528028713
11.102968941587
11.11140112804
11.118350074178
11.12529309832
11.132230212085
11.139161358734
11.144951095975
11.150736669586
11.156518079476
11.162295307244
11.168395330872
11.17449068059
11.180581353849
11.186667339477
11.194189952371
11.201705380574
11.209213619955
11.216714651427
11.225263103643
11.233802167629
11.242331847033
11.250852092216
11.256936835397
11.263016761363
11.269091870947
11.275162144686
11.281227568066
11.287288153094
11.293343898026
11.299394791981
11.306751070439
11.314100158791
11.321442054429
11.328776739863
11.337081397925
11.345376789219
11.353662918384
11.361939741675
11.369454761029
11.37696210627
11.384461794139
11.39195376008
11.398001351693
11.404043917303
11.41008146216
11.416113957001
11.421711088213
11.427303867448
11.432892294357
11.438476358361
11.444995278528
11.451508238954
11.458015238263
11.464516265657
11.472402714302
11.480280352095
11.488149179915
11.496009172802
11.503998699656
11.511979086093
11.51995034713
11.527912423814
11.534475932113
11.541033206235
11.547584259194
11.554129044229
11.559606879648
11.565080325864
11.570549384464
11.576014040925
11.581790612357
11.587562256493
11.59332897304
11.599090754026
11.606205640108
11.613312983285
11.620412783574
11.627505027613
11.635571205845
11.643627591208
11.651674192306
11.659710970387
11.665451035186
11.671186086311
11.676916126401
11.682641140132
11.688361116558
11.694076068175
11.699785995309
11.705490890225
11.712428860232
11.719359372384
11.726282427689
11.733198014018
11.741032166066
11.74885671652
11.756671674218
11.764477005215
11.77156417386
11.77864340694
11.785714722821
11.792778067735
11.798475934828
11.804168621666
11.80985613473
11.81553844988
11.820807033784
11.826071146423
11.831330788919
11.836585953351
11.842721015916
11.848849964999
11.854972801633
11.861089518535
11.86851339829
11.875928246505
11.883334067905
11.890730844413
11.898252885025
11.905765564708
11.91326890087
11.920762845407
11.926938831218
11.933108446669
11.939271705597
11.945428568762
11.950577564581
11.955722089908
11.960862147462
11.96599772569
11.97142386034
11.976844988389
11.982261111109
11.987672222992
11.99435588708
12.001031893435
12.007700244922
12.014360932604
12.021941006551
12.029511141419
12.037071348953
12.044621599055
12.050012766723
12.055398856516
12.060779872262
12.066155801901
12.071526637237
12.076892390802
12.082253064357
12.087608652528
12.094120770289
12.100625357579
12.107122417912
12.11361194317
12.120961661736
12.128301703212
12.135632079182
12.142952763361
12.149598817406
12.156236886839
12.162866990673
12.169489084149
12.17483112118
12.180167952502
12.185499585282
12.190825999626
12.195765046289
12.200699604406
12.205629676107
12.210555255525
12.216305313863
12.222049242245
12.227787043381
12.233518712615
12.240474059201
12.247420363458
12.254357632744
12.261285854221
12.268329915539
12.275364620023
12.282389986367
12.289405975303
12.295187501283
12.300962668247
12.306731490247
12.312493934413
12.31731332613
12.322128259919
12.326938739239
12.33174475493
12.336822959127
12.341896175228
12.346964405595
12.352027646588
12.358281117225
12.364526967035
12.370765200859
12.376995813088
12.384085146948
12.391164603716
12.398234197142
12.405293903936
12.410334085303
12.415369227425
12.420399334896
12.425424398256
12.430444411457
12.435459386779
12.440469326978
12.445474228492
12.451560033815
12.457638380061
12.463709272467
12.469772705976
12.476639913109
12.483497543949
12.490345611803
12.497184096471
12.497743215042
12.49830226959
12.498861260112
12.499420186604
12.499979049063
12.500537847489
12.501096581878
12.501655252229
12.501870606508
12.50208595127
12.502301286514
12.502516612241
12.502731928451
12.502947235143
12.503162532318
12.503377819975
12.503453957926
12.503530094686
12.503606230256
12.503682364636
12.503758497825
12.503834629823
12.503910760631
12.503986890249
12.50400595075
12.504025011175
12.504044071527
12.504063131803
12.504073200444
12.504083269063
12.504093337662
12.50410340624
12.504107875334
12.504112344423
12.504116813509
12.504121282591
12.504122568843
12.504123855096
12.504125141353
12.504126427603
