0.05
0.050000207131212
0.050000413419234
0.050000619284712
0.050000825144865
0.050001868766218
0.050002972879174
0.05000418588697
0.050005554318555
0.050016376013019
0.050036981990657
0.050071236949967
0.050122653041082
0.050198187391636
0.050297935274818
0.050423776371681
0.050577426527404
0.050802346509859
0.051071383484753
0.051385696784441
0.051746410045523
0.052280904323105
0.052894408261642
0.053587330216035
0.054360261346358
0.05549474204414
0.056766446664704
0.058174720398485
0.05971934365248
0.062059508813453
0.064652613180595
0.06749619284205
0.070588378901402
0.075666622901315
0.081286629467591
0.087440859356222
0.094120723439423
0.10182507328745
0.11011254249372
0.11897631407608
0.12840106527014
0.13836754578664
0.14888413801562
0.15994988275735
0.1715362126552
0.18221666703343
0.19330585059394
0.20480723856819
0.21669059517382
0.22723584269738
0.23806699637388
0.24918430484383
0.26057199813991
0.27224784428918
0.28419266882627
0.29640515869122
0.30887460424113
0.32337224234622
0.33819760847264
0.35334953671603
0.36881224712297
0.38588837938281
0.40332622024292
0.42112868591399
0.43926620943173
0.45677196553981
0.47458505359581
0.49271275464631
0.51111803780499
0.5278872061726
0.54488807250053
0.56212485146345
0.57957197034079
0.59670765293663
0.61404454189512
0.63158407615323
0.64930946927909
0.66864154562416
0.68819026106831
0.70795724418902
0.72792383919852
0.7497070006128
0.77172561027763
0.79398494755245
0.81645501463055
0.8388370790683
0.86143430542809
0.88425679017884
0.9072636297033
0.92867963043515
0.95026587613807
0.97203075213994
0.99393977434808
1.0149778644352
1.0361559578065
1.0574786417777
1.0789225225866
1.1013590308207
1.1239318373325
1.1466449130198
1.1694766288251
1.194107010945
1.2188804503081
1.2438038312643
1.2688472039671
1.2943737958949
1.3200366533575
1.3458477425868
1.3717646479417
1.3963816447983
1.4211107201619
1.4459640879089
1.4708998206555
1.4945498221686
1.5182878934139
1.5421220177178
1.5660217924034
1.5902361168977
1.6145272856391
1.6389014140205
1.6633336390425
1.6893401267656
1.7154217073458
1.7415863867928
1.7678044879693
1.7949879595577
1.8222433845644
1.8495836868073
1.8769669407456
1.9035300282829
1.9301540389164
1.956854262172
1.9835833944566
2.0088214676879
2.0341049569077
2.0594454141211
2.0848051312639
2.1098176122949
2.1348632919472
2.159950445791
2.1850503853654
2.2113130167886
2.2376020250432
2.2639262682212
2.2902561890629
2.317859398856
2.3454848304266
2.373145595116
2.400801733594
2.4282332340252
2.4556827102457
2.4831674280427
2.5106373660031
2.5366628549408
2.5626991958792
2.5887615185856
2.6148049054236
2.6399349365046
2.6650665232623
2.6902103338222
2.715332906605
2.7410612995832
2.7667825667247
2.79250636835
2.8182026761928
2.845245975183
2.8722755023038
2.8993040410666
2.9262943417065
2.9536668481836
2.9810229921643
3.0083807248197
3.0356902534747
3.0618614531205
3.0880155617392
3.114170927451
3.1402763916626
3.1650808647868
3.1898640231756
3.2146393396413
3.2393674026387
3.2640699436934
3.2887434265435
3.3133985015943
3.3380036182253
3.3637739154434
3.3895066032436
3.4152139366925
3.4408612998807
3.4673854332216
3.4938676782579
3.520325464728
3.5467118435208
3.5724800575785
3.598208715434
3.6239184561458
3.6495541333102
3.6737530062618
3.6979137463902
3.7220530734285
3.7461245979798
3.7695602148122
3.7929531072067
3.8163153630269
3.8396123940954
3.8636646877886
3.8876654720034
3.9116265843514
3.935515213589
3.9605525374801
3.9855312037788
4.0104672893329
4.035318305508
4.0601793870057
4.0849834633228
4.1097519840037
4.1344292587241
4.1578262879442
4.1811722951891
4.2044873957764
4.2277180570752
4.2498303303317
4.2718916391585
4.2939162184826
4.3158645254825
4.3380047273836
4.3600868789348
4.3821227929332
4.4040800083334
4.4271739334235
4.4502005307465
4.4731742245408
4.4960572647787
4.5195368670967
4.5429472693222
4.5663090669286
4.5895697741597
4.6119801362572
4.6343291435242
4.6566397233385
4.6788527857148
4.6996924312813
4.7204760091962
4.7412207770108
4.7618802128582
4.7821240054094
4.8023080247576
4.8224447272469
4.8424999971207
4.8634034097832
4.884237479039
4.9050151770189
4.925702547856
4.9473813614956
4.9689845408313
4.9905305476674
5.0119728288325
5.0331729015541
5.0543034090809
5.0753885313924
5.0963673712917
5.1160130880687
5.1355990387724
5.1551462069877
5.1745997486961
5.1931098303045
5.2115610690979
5.2299675416916
5.2482909300853
5.2669688664391
5.2855800898692
5.304136692488
5.3226066962836
5.3421746369365
5.3616663162309
5.3810975559077
5.4004285535814
5.4201440415682
5.4397844322324
5.4593729816415
5.4788519953249
5.4973404843302
5.5157657818747
5.5341524808641
5.5524381045666
5.5694484675363
5.5864019122073
5.6033154127597
5.6201434968767
5.6367426090221
5.6532802178676
5.6697683965291
5.6861747012716
5.7034848486072
5.720722999808
5.7379025913586
5.7549895425715
5.7729302796229
5.7907941998836
5.8086017547685
5.8263026148849
5.843580230795
5.8607911812946
5.8779621107268
5.8950268172012
5.9107665318944
5.9264510012279
5.9421013999626
5.9576624690944
5.972452963669
5.9871880707805
6.001881036523
6.0164958639232
6.0315863964983
6.0466123802107
6.0615856180104
6.0764755346584
6.0924069704391
6.1082644448796
6.1240647911721
6.1397665960838
6.1467523966363
6.1537235884273
6.1606735384784
6.167589526528
6.174453414283
6.181257358092
6.1879971147696
6.1946652418989
6.2046181468984
6.2143996659699
6.2240130303878
6.2334487738051
6.2454312670834
6.2571242719056
6.2685344902736
6.2796580233478
6.2947572365366
6.3093217549612
6.3233690432585
6.3368915903837
6.3486906685965
6.3600912131422
6.3711146334763
6.3817327612442
6.3919066765232
6.4017274409926
6.4112359676059
6.4203548923328
6.4280291913147
6.4354639883107
6.4427018333396
6.4496499079516
6.4552320178928
6.4606504973343
6.4659207025637
6.4710049337549
6.4758228451599
6.480477701925
6.4849767096315
6.489305928025
6.4941902209631
6.4988536057701
6.5033060281042
6.5075338257756
6.5122155963232
6.5166155033941
6.5207587889442
6.5246016341015
6.5279845083888
6.5311478912316
6.5341469149488
6.5368624093811
6.5387604463834
6.5405388176664
6.5422279162273
6.5437520082076
6.5448842998653
6.5459218947615
6.5468711832248
6.5477134369234
6.5485083656754
6.5491816976244
6.5497385794419
6.5501700232584
6.5505238846435
6.5506934047185
6.55069006307
6.5504962154545
6.5500126824083
6.5493296171124
6.5484864523832
6.5474012153371
6.5465211162973
6.5455656299716
6.5445432510958
6.5434294756444
6.5422087221552
6.5409063098436
6.5395258155762
6.5380594548156
6.5360329454995
6.5338741658554
6.5315908799467
6.5291710906144
6.5260713641795
6.5228081176301
6.5194114648704
6.5158196277018
6.5132710712236
6.5106590107043
6.5079918877736
6.5052469096325
6.5024091508971
6.499503583577
6.4965341959328
6.4934921239465
6.4895724830171
6.4855498683173
6.4814324426758
6.4772058579316
6.4721685813901
6.4670155531005
6.4617745636878
6.456386508469
6.4525178079609
6.4486011379695
6.4446447481059
6.4406260026731
6.4365299185094
6.4323812467001
6.4281839146302
6.423928683941
6.4185876119612
6.4131685070393
6.4076790167216
6.4021047531798
6.3955906633412
6.3889915702036
6.3823320850695
6.3755589326526
6.3706111356489
6.365626733507
6.3606138092885
6.3555503036881
6.3504213846156
6.3452515578125
6.3400448407343
6.3347914865552
6.3283416295578
6.3218329256849
6.3152728256082
6.3086464812399
6.3010465324609
6.2933857702496
6.2856864402447
6.2778995404511
6.270696785919
6.2634656413902
6.2562411974667
6.2489405074364
6.2429310282134
6.2369056906533
6.2308775099555
6.2248094785474
6.2191091655338
6.2133867906078
6.2076460355346
6.2018756164637
6.195088239351
6.1882671834809
6.1814168365567
6.174527694336
6.1661098491983
6.1576486158907
6.1491560629007
6.1406063755101
6.1318241200737
6.123017182046
6.114217611469
6.1053510635554
6.0979275898509
6.0904997863979
6.0830915425466
6.0756419027165
6.0693200563006
6.062989252983
6.0566548216593
6.0502990744028
6.0435291631384
6.0367420650927
6.0299408572681
6.0231174398617
6.0146582983428
6.0061731914298
5.9976683944919
5.9891305322462
5.979384008722
5.9696163509191
5.9598482975488
5.9500325133632
5.9429421290861
5.9358453338052
5.9287487289408
5.9216332082222
5.9144858710529
5.9073272676149
5.9001605214561
5.8929772020144
5.8842086048828
5.8754230026538
5.8666262892546
5.8578055257669
5.8477627768791
5.8377083634631
5.8276606268901
5.8175774293418
5.8083314009068
5.7990925377357
5.7898903301727
5.7806537825701
5.7731090107791
5.7655703454152
5.7580487555074
5.750512351008
5.7434726015456
5.7364303699396
5.7293886838804
5.7223376702738
5.7140905416078
5.7058361274328
5.6975779871373
5.6893076721253
5.6792690917516
5.6692236523583
5.659181341592
5.6491195627954
5.6388514433936
5.6285916571288
5.618367007211
5.6081140634786
5.5995620921392
5.5910253573992
5.5825239119637
5.5740058772055
5.5667889281242
5.5595772513481
5.5523753631106
5.5451678955916
5.5375150863442
5.5298616356578
5.52221011228
5.5145532963815
5.5051160359825
5.4956771786582
5.4862419708253
5.4767984606412
5.4660885680585
5.4553858859329
5.4447079182053
5.434013631285
5.4243618356269
5.414731086942
5.4051488839951
5.3955483309088
5.3877951291024
5.3800557668562
5.372339440438
5.3646184425592
5.3573694388938
5.3501249159263
5.3428873236537
5.3356483012987
5.3270794344203
5.3185130665023
5.309952286726
5.3013895270417
5.2909697867242
5.2805570476046
5.2701606157151
5.2597589100718
5.2492529826792
5.2387684362293
5.228330768863
5.2178790431405
5.2092779539861
5.2006992412302
5.192160708241
5.1836155606324
5.176389645794
5.1691738384447
5.1619718210383
5.1547704852162
5.1470429588441
5.139320855789
5.1316063668225
5.1238931664002
5.1143230608107
5.1047605714191
5.0952104436656
5.0856615818768
5.07487379741
5.0641042365018
5.0533695052606
5.042630164028
5.035004828933
5.0273912907718
5.0197944458357
5.012199262302
5.0045956284994
4.9969991174114
4.9894118726543
4.981827497235
4.9725077018187
4.9631973826045
4.9539007371471
4.9446077992481
4.9339815636696
4.9233745840039
4.9128011344585
4.9022272632342
4.9005512804857
4.8988758600664
4.8972009530583
4.8955265155092
4.8945840186114
4.8936416533219
4.8926994144801
4.8917572973206
4.8908152814198
4.8898733611519
4.8889316510626
4.8879903947875
4.8870192325823
4.8860491039701
4.8850802313741
4.8841128198639
4.8793090210411
4.8745604234414
4.86987168202
4.865260399584
4.8606178312949
4.8560611601744
4.8515906799149
4.8472095590916
4.8412068606355
4.835379250033
4.8297239897552
4.8242437437674
4.8171648479196
4.8103911340248
4.8039149171053
4.7977419737624
4.7908774095225
4.7844046670061
4.7782981636965
4.7725993129968
4.7690180639991
4.7656005551589
4.7623397402631
4.7592507062773
4.7563429873439
4.753597851878
4.7510113891914
4.7485887566683
4.7457862795753
4.7432302244308
4.7409124556061
4.7388413624494
4.7367703975854
4.7350020335265
4.7335122008925
4.732341876156
4.7317255442388
4.7312485739077
4.7309027971293
4.7307058845701
4.7306693606248
4.7307709298899
4.731005907943
4.7313816044741
4.7320373420978
4.7328892269452
4.7339285904979
4.7351665237819
4.7368396752684
4.7387426027909
4.7408513158459
4.7432093911621
4.7456225775978
4.7481937154804
4.750883815845
4.7537778148047
4.7562900418466
4.7588944809577
4.7615758343742
4.7643733708845
4.7670656243045
4.7698408687474
4.7726946340242
4.7756378292505
4.7792028883873
4.7828812957021
4.7866676550984
4.7905699366193
4.7955674949275
4.8007245844463
4.8060270594812
4.8114981973051
4.8174075587591
4.8234545980245
4.8295976520819
4.8359259620712
4.8412966268351
4.8467329744064
4.8521988074935
4.8577809435369
4.8624178640116
4.8671012163366
4.8718236975018
4.8766082103118
4.8816527665694
4.8867550715166
4.8919114452367
4.8971299685332
4.9038190068572
4.9105971396866
4.9174571131567
4.9244103871773
4.9328618865732
4.9414181769181
4.9500528041103
4.9588195183332
4.9650388093778
4.9712988430215
4.9775904753971
4.9839371862041
4.9903547165899
4.9968159743138
5.0033161751231
5.009865892706
5.0179293462805
5.0260541546121
5.0342313264695
5.042477418036
5.0519519341172
5.0614849982232
5.0710486278185
5.0807029024665
5.0877409023406
5.0948006865125
5.1018726582419
5.1089825585445
5.1161476889357
5.1233390939986
5.1305519286696
5.1377977425534
5.1466385084135
5.1555158440686
5.1644209757554
5.1733711608526
5.1836430123
5.1939440427203
5.2042471467987
5.214611848635
5.2241823887123
5.2337474652926
5.2432603597448
5.2528312502636
5.2606091137656
5.2683784476344
5.2761213051036
5.2838884725737
5.2910683836431
5.2982521535668
5.3054351503342
5.3126320708929
5.3210684858946
5.3295155253289
5.3379679457876
5.3464372887414
5.356913760282
5.3673991062924
5.3778785400561
5.3883837052687
5.3993441785753
5.4102846821845
5.4211588675347
5.4320747560044
5.4411286969493
5.4501468686856
5.4590895818031
5.4680571591083
5.4754347539839
5.4827966706668
5.4901350558871
5.49747728504
5.5051481620666
5.5128140414269
5.5204711996653
5.5281303345183
5.5377551140429
5.5473735747135
5.5569782837684
5.5665853885062
5.5779255779294
5.5892403194694
5.6005009219752
5.6117735078774
5.619759478083
5.6277258212078
5.6356627736704
5.6435984856599
5.6515520974171
5.659493020168
5.6674165335844
5.675335634242
5.6849766777394
5.6945997744113
5.704195957022
5.7137856255713
5.7246649397034
5.7355057428385
5.7462788499249
5.7570526072004
5.7668789295205
5.7766465398559
5.7863069486693
5.7959778083448
5.8038295679372
5.8116414211089
5.8193957074137
5.827144584543
5.8343614618012
5.8415572933728
5.8487274598957
5.855887745066
5.8642902198307
5.8726708862774
5.8810243410141
5.8893640505772
5.8995585807675
5.909715288
5.9198181736306
5.9299045608135
5.9402425504524
5.9505141115285
5.9606712449261
5.9708289459989
5.9792303520962
5.9875690021269
5.9958073497008
6.0040429322174
6.0109169123141
6.0177581672845
6.0245591130487
6.0313469885404
6.0385219986822
6.045673373169
6.052797178051
6.0599053690199
6.0687631853858
6.0775868404369
6.0863681599983
6.0951266592496
6.1052329038296
6.1152781933855
6.1252314379694
6.1351670614346
6.1422028623993
6.1492027796446
6.1561569261167
6.1630953242176
6.170038324815
6.1769543900916
6.183839049004
6.1907057071648
6.199094902565
6.2074465041099
6.2157518565649
6.2240319922045
6.2334606225587
6.2428267265221
6.2521006779608
6.2613537411365
6.2697980901682
6.278164067802
6.286400796876
6.2946329990981
6.3012976176156
6.3079106019632
6.3144535524295
6.3209816460328
6.327036724952
6.3330623645123
6.3390540038335
6.3450280758114
6.3520312089862
6.3590022617704
6.365935958257
6.3728462851575
6.3812952613676
6.3896923687818
6.3980216726702
6.4063216536032
6.414837138614
6.4232725965436
6.4315794703313
6.4398754137987
6.4467548454643
6.4535628406519
6.4602611091107
6.4669497959185
6.4725398089115
6.4780918265403
6.4835981162657
6.4890868719243
6.4948787049499
6.500641929221
6.5063726082517
6.5120832058486
6.5191804394772
6.5262368206768
6.5332441592811
6.5402227893208
6.5482561872498
6.5562211060355
6.5640863878556
6.5719276948933
6.5775111306906
6.5830551723695
6.5885497877068
6.594025787061
6.5982138118354
6.6023853793607
6.6065403977176
6.6106818993073
6.6134974671924
6.6162880148343
6.6190205131039
6.6217205369111
6.6244064079125
6.6270497800585
6.6296496768683
6.6322044513807
6.6371165445044
6.6418526209774
6.6464193310633
6.6508064845181
6.6560011857084
6.6609372640752
6.6656281494337
6.6700558042946
6.6747007028172
6.6790568114023
6.6831660720054
6.6869463547538
6.6892614145822
6.6914610233751
6.6935553060927
6.6955175686682
6.6973308593605
6.6990242489858
6.7006023731576
6.7020564143105
6.70371771733
6.7051912757444
6.706486598311
6.7075904717004
6.7086206613261
6.7094186929773
6.7100182554556
6.7103533058174
6.710400100612
6.7103527051988
6.7102208206749
6.7099795083655
6.7096124897156
6.7091478581578
6.7085903878714
6.7079303659722
6.7069537590797
6.7058311468783
6.704572065946
6.703161022645
6.7013210075501
6.6993134671931
6.6971691530638
6.6948248508313
6.6930299700034
6.6911627051205
6.6892324110383
6.687214395883
6.6850923279535
6.6828938261032
6.6806235107538
6.6782712310091
6.6752575467227
6.6721320901642
6.6689037335124
6.6655567237493
6.6615669511612
6.6574523495461
6.6532400859831
6.6488728942437
6.6455946486533
6.6422597998286
6.6388774595786
6.6354235134504
6.6318817352439
6.6282794195812
6.6246212390454
6.6208964335533
6.6162948168806
6.6116073863642
6.606842704671
6.601984428881
6.5963742385307
6.5906720425118
6.5849022248638
6.5790122094479
6.5734929312662
6.5679211978643
6.5623340538466
6.5566447639746
6.5518811332279
6.5470859845498
6.5422734327797
6.5374041012745
6.5327790662562
6.5281182344405
6.5234259113549
6.5186895770043
6.5131144906607
6.5074878926539
6.5018149590713
6.4960849269513
6.489109450922
6.4820672619309
6.4749720969146
6.4677952020577
6.4604225076755
6.4530034577871
6.4455718536657
6.4380500642427
6.4316723615342
6.4252754133326
6.4188837157259
6.4124351015284
6.4068690511908
6.4012831896282
6.3956835020017
6.3900509825132
6.384016260983
6.3779523006095
6.3718628117026
6.3657385247514
6.3582001615212
6.3506192980999
6.3430034294006
6.3353369329531
6.3266800272511
6.3179838784601
6.3092713014557
6.3004907867634
6.2925182328755
6.2845334914114
6.2765693302025
6.2685471613233
6.2619441083414
6.2553336917785
6.2487270777165
6.2420915523515
6.2357558954176
6.2294052213003
6.2230429804749
6.2166585851421
6.2090964060844
6.2015100657234
6.1939040774702
6.1862683844545
6.1770680655288
6.1678392225195
6.158594718731
6.1493061074218
6.1399887343115
6.1306616416335
6.1213558598145
6.1119985287319
6.1042010134799
6.0964061315307
6.088634131426
6.0808321237602
6.0740769440005
6.0673171716812
6.0605575504145
6.0537823409229
6.0464323119707
6.0390704809111
6.0317000621774
6.0243126994901
6.0152318563124
6.0061339719035
5.9970259958303
5.9878926123437
5.9777542840169
5.9676073343368
5.9574733461764
5.9473022544085
5.9382439496083
5.9291947219796
5.9201831426591
5.9111395055959
5.9037189277093
5.8963033369231
5.8889016430114
5.8814867454633
5.8743140549492
5.8671380271488
5.859961573916
5.8527755441451
5.8442020477989
5.8356207388005
5.8270357202582
5.8184374597493
5.8081671403429
5.797891156051
5.7876218048933
5.7773309595928
5.7672016839103
5.7570832088713
5.7470041101621
5.736896360624
5.7285639234203
5.7202453964601
5.7119576040613
5.7036554950994
5.6964121628415
5.6891726008975
5.6819406583038
5.6747031568601
5.6667440089912
5.6587835406516
5.6508246061135
5.6428596226806
5.6330704631266
5.6232798572094
5.6134943610224
5.6036990141919
5.5929789432336
5.58226825334
5.5715875347103
5.5608882263045
5.5515079887103
5.5421481667011
5.5328339107949
5.5235030346396
5.5158533895503
5.5082152092308
5.5005957041813
5.4929721866959
5.4854976792219
5.4780266974461
5.4705617347904
5.4630948354032
5.4541164294708
5.4451403202852
5.4361702732553
5.4271973074265
5.4165471471853
5.4059052335664
5.3952833931788
5.3846539984357
5.3743564440308
5.3640812331506
5.3538549221495
5.3436137145961
5.3352490367133
5.3269040088166
5.3185928214365
5.3102766113871
5.3029682717277
5.295668322949
5.2883799259383
5.2810919436291
5.2729711160763
5.2648553643289
5.25674723299
5.2486398668037
5.2386615028159
5.2286913467288
5.2187355942184
5.2087797855393
5.1980065120473
5.1872532181658
5.1765396308111
5.1658187309969
5.1565482812119
5.1473041274747
5.1381087073283
5.1289059433863
5.121370638004
5.1138500471674
5.10635009054
5.0988515260318
5.0914097310167
5.0839754495298
5.07655082643
5.0691289274692
5.0601321779427
5.0511439523049
5.0421677026958
5.0331950487919
5.02258803076
5.0119976754963
5.0014353418667
4.9908741248375
4.980778340967
4.970711214802
4.9606976034394
4.9506774260759
4.9425643750939
4.934473628485
4.9264173435979
4.9183615375684
4.9112412886614
4.9041318444191
4.8970358259026
4.8899437329016
4.8819453252882
4.8739558023373
4.8659774311861
4.8580040399312
4.8481648502148
4.8383397323904
4.8285345178786
4.8187353884043
4.81511348453
4.8114934630195
4.8078751983551
4.8042585262904
4.8006425465095
4.7970273987641
4.7934173236974
4.789820393732
4.7869297537668
4.7840578169874
4.7812068036001
4.7783789772262
4.7731868656164
4.768083770195
4.7630696149335
4.7581519300759
4.7524979623029
4.7469762909047
4.7415852253901
4.7363273197049
4.7293103581604
4.7225388990428
4.7160073826199
4.7097203400766
4.7023543903062
4.6953346488484
4.6886416935664
4.6823059075161
4.6780189953991
4.6738964152863
4.669930935956
4.6661371007329
4.6625246536307
4.6590740301595
4.6557806530337
4.6526512932826
4.6491351844871
4.6458413249387
4.6427612378389
4.6399060516789
4.6370307603147
4.6344060500466
4.6320119006715
4.6298840846898
4.6282084201939
4.6267186855537
4.6253884446247
4.6242736671952
4.623537262205
4.6229247028194
4.6224243819003
4.6220639278983
4.621867614505
4.6217853123295
4.6218120629777
4.6219580703778
4.6222820478809
4.6227532244078
4.6233653330017
4.6241275798379
4.6252263913066
4.6265134860538
4.6279743693142
4.629633671623
4.6315242380669
4.6335775043262
4.6357634577847
4.6381449180403
4.6403522009783
4.6426601459215
4.6450469972204
4.6475638950902
4.649886806965
4.6522872331154
4.6547584023844
4.6573178491682
4.6601495039652
4.6630711406114
4.6660779229248
4.6691788889416
4.6730505060753
4.6770462179696
4.6811568181237
4.6853975045781
4.690276615479
4.6952872740725
4.7004043461567
4.7056790798497
4.7105975444595
4.7155963966163
4.7206402603788
4.7258098964828
4.730168982075
4.7345774045465
4.7390221556405
4.7435384051242
4.7479066264377
4.7523256755527
4.7567910987055
4.7613143499597
4.7667157084319
4.7721879506569
4.7777253179279
4.7833381240847
4.790218579045
4.7971901911184
4.8042372726733
4.8113903236841
4.8187187287035
4.8261099200063
4.8335237030526
4.8410503862356
4.8473491175649
4.8536727522838
4.8599929243473
4.8663807494443
4.8718497229552
4.8773425029139
4.8828527737064
4.8884005119195
4.8944024151068
4.9004388136168
4.9065056927441
4.912612290843
4.9202814223129
4.9280011951639
4.9357631720436
4.9435833654628
4.9525910727274
4.9616438872147
4.9707125668347
4.9798614470735
4.9863102225359
4.9927732245867
4.9992418272166
5.0057405196071
5.0122855405394
5.0188506016071
5.0254317288887
5.0320389368444
5.0402664732535
5.048523807396
5.0568031511289
5.0651200987892
5.0747947819689
5.0844915349363
5.094183376925
5.1039304249284
5.1109368008476
5.1179471140927
5.1249522359238
5.1319776642718
5.1390406414766
5.146113065719
5.1531904406706
5.1602843393048
5.1689372663094
5.1776036123126
5.1862749893503
5.1949692174584
5.2048900216583
5.2148122638934
5.2247093873753
5.2346417315584
5.2437615916854
5.2528560982965
5.26188064123
5.2709420008634
5.2783178139037
5.2856740585173
5.2929940008615
5.3003259852658
5.3071426170048
5.3139539504113
5.3207555636928
5.3275619314387
5.3355436164354
5.3435238722493
5.35149758316
5.3594767346437
5.36926871205
5.3790525350423
5.3888134682062
5.3985845188416
5.4086686258834
5.4187177946316
5.4286878180654
5.4386831625702
5.4469800757127
5.4552349654752
5.4634121584892
5.471603154843
5.4784248611308
5.4852266092622
5.492001075667
5.4987739180631
5.5059085263317
5.5130325957511
5.5201423912261
5.5272488152196
5.5361206548911
5.5449778379387
5.5538127496849
5.562642739345
5.5728992582525
5.5831206757581
5.5932783983232
5.6034395956562
5.6106630585769
5.6178630573315
5.6250302137842
5.6321922837937
5.6393681070833
5.6465280483513
5.653667721824
5.6607997022723
5.6694980091271
5.6781743618254
5.68682036659
5.6954557007812
5.7052764898543
5.715055054384
5.7247635318921
5.7344679491985
5.743334034942
5.7521397477789
5.7608380644608
5.7695435945492
5.7766118136201
5.7836393914597
5.7906091027707
5.797572061431
5.8040462131702
5.8104987046542
5.8169251058648
5.8233408601225
5.8308599191036
5.8383565948949
5.8458257457334
5.8532805310437
5.8623877322437
5.871457138228
5.880473478189
5.8894729010567
5.8987032280016
5.907869107954
5.9169248559612
5.9259804296388
5.9334931738578
5.9409455597631
5.9483016796851
5.9556550533588
5.9618082113854
5.9679298485591
5.9740125792102
5.9800829209259
5.9864945713425
5.9928836420595
5.9992463089821
6.005594340124
6.0134844281951
6.021342364679
6.0291602281373
6.0369572220677
6.0459317573912
6.054849428133
6.0636804972422
6.0724965244635
6.0787767716552
6.0850233491776
6.0912266675049
6.0974159039677
6.1036108925321
6.109780947385
6.1159217034046
6.1220463449019
6.1295089349353
6.1369372406232
6.1443228668375
6.15168642402
6.1600549140065
6.1683663882141
6.1765925499477
6.1848017220097
6.1923093385645
6.1997449731971
6.2070606593462
6.2143742342781
6.2203259050816
6.2262299533191
6.2320687538513
6.2378950740084
6.243314195363
6.2487064281561
6.254067267889
6.2594128179733
6.2656654528482
6.2718893767063
6.2780794004947
6.2842493495166
6.2917657527781
6.2992359326305
6.3066443984471
6.3140287082563
6.3194496891727
6.3248444902076
6.3302087669694
6.335556338325
6.3384756892631
6.3413894669196
6.3442928028766
6.3471769864801
6.3500300712074
6.3528470481824
6.3556252109785
6.3583598257487
6.3626426939735
6.3668089691808
6.3708619296483
6.3747928373264
6.3796495404868
6.384314430561
6.3887937689251
6.3930808161965
6.3983980313449
6.4034100805273
6.408137991997
6.4125503772942
6.4156926149142
6.4186745011576
6.4215087078814
6.4241702620031
6.4266402643269
6.4289568288117
6.4311302302372
6.4331413591629
6.4351541877202
6.4369912639613
6.4386680303317
6.4401560153704
6.4414599560244
6.4425968662191
6.4435921233243
6.4443934145487
6.4449170261778
6.4453154577547
6.4456133462799
6.4457552838495
6.4457140361907
6.4455745084265
6.4453494689409
6.4450083266136
6.4445283702218
6.4439488059493
6.4432776802429
6.4424976166078
6.4414849457733
6.4403531442336
6.4391124954949
6.4377433470309
6.4360785945427
6.434285377843
6.4323829338397
6.4303318827213
6.4281776065446
6.4259220793128
6.4235922330587
6.4211277977314
6.4188014116082
6.4164034050504
6.4139505354373
6.4114017608667
6.4088955413544
6.4063237429137
6.4036941018607
6.4009874135469
6.3979591391241
6.394853405198
6.3916774256569
6.3884161576547
6.3845973650875
6.3806858510322
6.3766945510241
6.3725971027088
6.3682447764484
6.3638101355526
6.3593174808175
6.354712957755
6.3504490015001
6.3461307391953
6.3417802545091
6.3373446040121
6.3333018424223
6.3292154208885
6.3250947561942
6.3209148648728
6.3165819481514
6.3121999241158
6.3077745607631
6.3032921556414
6.2980916402867
6.2928287598539
6.28751195175
6.2821236614906
6.2761125602607
6.2700371321187
6.2639155541867
6.2577080061789
6.2517385501301
6.2457264911154
6.2396971644426
6.2335912559408
6.2282099227542
6.2228000790189
6.2173751294687
6.2118999939588
6.2066559174101
6.2013815829777
6.1960826339908
6.1907438847021
6.1847700670008
6.1787569352266
6.1727103123593
6.1666172354169
6.159558260821
6.1524528498282
6.1453129814597
6.1381126388838
6.1307289218717
6.123311118378
6.1158827954025
6.1083896090846
6.1017299162287
6.0950526145311
6.08837673468
6.0816547273645
6.0756310834523
6.0695904299676
6.0635398157165
6.0574592114025
6.0510890003562
6.0446956987653
6.038283866488
6.0318421172138
6.0243109959669
6.0167495869395
6.0091654747176
6.0015420138996
5.9931704662075
5.9847724422252
5.9763657707398
5.967909804076
5.9600359177092
5.952151843861
5.9442809556362
5.9363670027472
5.9295319734858
5.9226903158038
5.9158525892305
5.9089896754681
5.9023649420361
5.8957284545984
5.8890845552873
5.8824209843227
5.8748389929758
5.8672395093395
5.8596275798444
5.8519915368803
5.8431606382145
5.8343112749421
5.8254550552411
5.8165657517172
5.8076672095571
5.7987628154251
5.7898754768566
5.7809511366301
5.7732134540047
5.7654776018608
5.7577597091709
5.7500181040504
5.7430867370333
5.7361523346583
5.7292202597255
5.7222744381657
5.7148569300666
5.7074312364643
5.7000011488737
5.6925569414959
5.6837707164399
5.6749738697618
5.6661735029005
5.6573534957497
5.647797745639
5.6382386886827
5.6286940737178
5.6191224587242
5.6104371695878
5.6017598267708
5.5931118362224
5.5844406580592
5.577036352182
5.5696368479042
5.562250452307
5.5548531409525
5.5476111212808
5.5403677542637
5.5331264875644
5.5258772708096
5.5174812166099
5.5090810700923
5.500681342818
5.4922713606737
5.4825602757698
5.472848343377
5.463147021252
5.4534297697064
5.4439110439235
5.4344032366442
5.4249286484465
5.4154338982297
5.4073641165012
5.3993064841628
5.3912746281781
5.383232241228
5.3760053372561
5.3687829480562
5.3615692089594
5.3543511312422
5.346482705052
5.3386150801352
5.3307514855014
5.3228835063367
5.3135116534132
5.304141700213
5.2947804051893
5.285412084854
5.2753890180452
5.2653770733461
5.2553940161053
5.2453977532194
5.2365342552139
5.2276887890668
5.2188809441648
5.2100618792017
5.2025927925763
5.195134408756
5.1876932884057
5.1802495501852
5.1728473887952
5.16544987106
5.158059787181
5.1506688054638
5.141960765013
5.1332570838452
5.1245618469112
5.1158652430922
5.1058355429867
5.0958162580522
5.0858187613715
5.075816279413
5.0662111284452
5.0566268225538
5.0470850814822
5.0375334320048
5.0295563044448
5.0215965960983
5.0136658480594
5.0057323790052
4.9985678511842
4.9914118476598
4.984267595824
4.9771245033273
4.9691800364424
4.9612418423529
4.9533127054796
4.945385293795
4.9358600384306
4.9263447113518
4.9168457753824
4.9073480054814
4.8973017614289
4.8872755855473
4.8772872476212
4.867294252815
4.8586172549452
4.8499636603951
4.8413514140514
4.832735174699
4.8254866733163
4.8182517008489
4.8110354761466
4.803821426064
4.7965366817418
4.7892599691399
4.7819935802367
4.7747305345013
4.7660367608553
4.7573526442817
4.7486819013321
4.7400155104606
4.7300286348872
4.7200592918051
4.7101187449005
4.7001801867496
4.6908054869071
4.6814572924916
4.6721567073008
4.6628524308605
4.6596800543219
4.6565104597944
4.6533432442251
4.6501779514751
4.6470142430741
4.6438520434171
4.6406912391517
4.6375317013285
4.6341706759063
4.6308258503261
4.6275230274084
4.6242456082939
4.6209813212414
4.6177509998199
4.6145561891975
4.6113988176379
4.6059796688593
4.6006786396707
4.5954941358231
4.5904315419755
4.5844144193619
4.5785752340779
4.5729108839065
4.5674242868156
4.5604895756903
4.5538502329248
4.5474968653555
4.5414397793141
4.5352238380513
4.5293270892007
4.5237226299
4.5184600190981
4.51433629257
4.5104140128044
4.5066658649809
4.5031515575576
4.5005176483121
4.4980122986591
4.495628468795
4.4933843410656
4.491280695861
4.4893096156022
4.4874675751869
4.4857604994482
4.4838515131727
4.482137525219
4.480612006494
4.479282649741
4.4779853389764
4.4769376477172
4.4761210869668
4.4755669759597
4.4753244486646
4.4752725952405
4.4753771811842
4.4757108429742
4.4761878390845
4.4767769971278
4.4774622490046
4.4782831591523
4.4791530553525
4.4801161345879
4.4811679821909
4.4823195020373
4.4837619595017
4.4853256915869
4.4870059993611
4.4888098694982
4.4912132908526
4.4937898523767
4.4965281623094
4.4994459843556
4.5027697161567
4.5062605617818
4.5098866735295
4.5137138792664
4.5171491113682
4.5206793301524
4.524272715965
4.5280032823605
4.5311806902887
4.534421430583
4.5377174175995
4.5410918374096
4.5445960279668
4.5481707061358
4.5518121211913
4.5555284120373
4.5602155396296
4.5650067222874
4.5698953211351
4.5748917051529
4.580975528757
4.5871874641308
4.593506461506
4.5999736966867
4.6048689220726
4.6098243448896
4.6148309503348
4.6199102830929
4.6250772851018
4.6303051737478
4.6355885060243
4.6409387449538
4.6473214586877
4.6537836164431
4.6603159665849
4.666935685597
4.6743578496564
4.6818595821623
4.6894178009971
4.6970812570838
4.7042445753866
4.7114528947241
4.7186733024766
4.7259818772817
4.7322021847527
4.7384496943908
4.7447101247801
4.7510215738942
4.7570567214389
4.7631224645667
4.7692135789455
4.7753440146446
4.782438035622
4.7895740931116
4.7967461444255
4.8039663804077
4.8126048962887
4.821293353008
4.8300167588542
4.8388060055446
4.847799862204
4.8568206891806
4.865832206207
4.8749171410053
4.8826478714304
4.8903823045672
4.8980925361077
4.9058485294399
4.9125377537794
4.9192351959031
4.9259334729918
4.9326552844112
4.9397913384418
4.9469439687351
4.9541087504242
4.9612966285277
4.9701031318036
4.9789328524607
4.9877772678708
4.99665394273
5.0067546322544
5.0168679283713
5.0269667090242
5.0371120040717
5.0463618163943
5.0555950733116
5.0647677723907
5.0739849286035
5.081470107924
5.0889418867433
5.0963845958927
5.1038437678443
5.110822754814
5.1178012508038
5.1247750350051
5.1317576748962
5.1400074957098
5.1482617705559
5.1565153760148
5.1647799180287
5.1749335100457
5.1850868255302
5.1952247729756
5.2053806680693
5.2158003583779
5.2261923125006
5.2365116752821
5.2468639999029
5.255402027191
5.2639034898688
5.2723339151841
5.280781945358
5.2878263797295
5.2948546974524
5.3018600723483
5.3088665969987
5.3163073441695
5.3237410375391
5.3311640104252
5.3385866870744
5.3478942486941
5.3571918524052
5.3664717896684
5.3757512632344
5.3865071441049
5.3972332348974
5.4079002291151
5.4185765779151
5.4260864096273
5.4335755763897
5.4410349822906
5.4484917381761
5.4559641063463
5.4634234510455
5.4708656434513
5.4783024912032
5.4874468519079
5.49657304108
5.5056729776751
5.5147653020014
5.5251766812883
5.535549770619
5.5458566154505
5.556163086438
5.5636264167477
5.5710643525912
5.5784673126142
5.5858634595136
5.5932720188156
5.6006626427421
5.6080307389309
5.6153894441642
5.6242864693512
5.6331590183118
5.6419985959299
5.6508252820616
5.6608155606666
5.6707615190324
5.6806361988548
5.6905036242861
5.6995554841567
5.7085466502052
5.7174324060974
5.7263219008487
5.7335978667791
5.7408323307432
5.7480081016928
5.7551757005813
5.761853106137
5.7685073686832
5.7751338120584
5.781748409223
5.7894470801951
5.7971216103272
5.8047667047163
5.8123959760174
5.8216515685087
5.8308674570891
5.8400284431561
5.84917064081
5.8585361420722
5.8678367065746
5.8770285077049
5.8862171432278
5.8938862951898
5.9014951755205
5.9090090952739
5.9165183848876
5.9228391525013
5.9291275062884
5.9353758469971
5.9416109073402
5.9481835670993
5.9547324053012
5.9612534442583
5.9677588339757
5.9757919431374
5.9837914066269
5.9917491625221
5.9996848372552
6.0087738320664
6.0178049192532
6.0267488760855
6.0356761036403
6.0420913097693
6.0484719740428
6.0548084170479
6.0611299438507
6.0674565424226
6.0737572097606
6.0800274686049
6.0862807960622
6.0938645954968
6.1014129854195
6.1089175030181
6.1163989922627
6.1248763799865
6.1332959915473
6.1416300089075
6.1499456707804
6.1575637594234
6.1651100460711
6.1725379434527
6.1799620154387
6.1860293555302
6.1920488139055
6.1980028623268
6.2039437348132
6.2094775646538
6.2149838016074
6.2204578162829
6.2259159589014
6.2322785393512
6.2386115794449
6.2449098035805
6.2511872812088
6.258833395408
6.2664241391168
6.2738701956736
6.2811668358946
6.2874184712639
6.2934260858758
6.2991853229162
6.3047195752977
6.3107916182454
6.3165563964495
6.3219951655043
6.3271700705886
6.3318268725845
6.3362135700593
6.3402942286694
6.3441701070287
6.3472898093138
6.350231853684
6.352980499407
6.3555887124151
6.357907773463
6.3600930812635
6.3621408643146
6.3640702567847
6.366133675048
6.3680401913817
6.369786489301
6.3713890297713
6.373129616488
6.3746584928647
6.3759654787849
6.3770864423276
6.378090233753
6.3788693033854
6.3793935457687
6.3797472548771
6.3799756345722
6.3800381779519
6.379909118298
6.3796623804171
6.3793988786486
6.3790261987932
6.3785376705562
6.3779599801319
6.3772842425293
6.3765051056926
6.3756195988302
6.3746415152019
6.3733639708811
6.371947906241
6.3703878251973
6.3687042987548
6.366698091325
6.3645180459581
6.3621444512769
6.3596340859884
6.3572687704667
6.3547484027392
6.3520394002741
6.3492312288071
6.3468995593486
6.3444675339718
6.3419219280079
6.3393056093722
6.3368259323034
6.3342727126787
6.3316426022028
6.3289504416035
6.3257809030601
6.3225239728084
6.3191762946892
6.3157509739975
6.3115554038445
6.3072381188267
6.3027887851252
6.2982388907876
6.2935435517533
6.2887126819975
6.2837150364301
6.2786328192294
6.2743840437389
6.2700347310043
6.2655598650193
6.2610286261041
6.2572003319329
6.2533108481155
6.2493546839346
6.2453535270839
6.2411139369773
6.2368186213365
6.2324650539789
6.2280636756318
6.2226131238008
6.2170852188542
6.2114749627999
6.2057987280239
6.199271647577
6.192640305085
6.1858848956998
6.1790589077945
6.1741207337215
6.1691280570275
6.1640742676231
6.1589817211292
6.1538658266841
6.1487041015046
6.1434937867769
6.1382454559072
6.1318529066804
6.1253987506662
6.1188778718383
6.1123062132128
6.1048217432021
6.0972543731969
6.0895857319218
6.0818647230066
6.0748325341971
6.0677184042737
6.0604899214757
6.0532299736623
6.0473959198288
6.0415100175865
6.0355602586661
6.029584307457
6.024060479808
6.0185036079453
6.0129109050355
6.0072939787759
6.0007206412716
5.9941100182206
5.9874591922763
5.9807779533159
5.9725820972919
5.9643317027216
5.9560176779967
5.9476652517275
5.9390767319693
5.9304181158412
5.9216594766352
5.9128766527823
5.9056916217252
5.8984499252061
5.8911269253953
5.8837886373693
5.8777626075427
5.8717062865985
5.8656149531331
5.859507144733
5.8530995919274
5.846668780918
5.8402126360278
5.8337391098871
5.8256475694404
5.8175242249637
5.8093648919508
5.8011819078872
5.7916499679358
5.7820694945241
5.7724228834822
5.762755685606
5.7559365625688
5.7490915901942
5.7422150371098
5.7353255358496
5.7284358300514
5.7215269124467
5.7145963321194
5.7076526647942
5.6991760107571
5.6906743467628
5.6821429797247
5.6735951905266
5.6638855110526
5.6541381708971
5.6443363091864
5.6345230404968
5.6256663928665
5.6167653133244
5.6077904068362
5.5988155612928
5.5916685944266
5.5844937486015
5.5772806471339
5.5700615448785
5.5634020569565
5.5567282113515
5.550037617944
5.5433398401549
5.5354707591556
5.5275878597889
5.519688489615
5.5117807631989
5.5020720393695
5.4923422378401
5.4825830319895
5.4728162593036
5.4628256521119
5.4528001566513
5.4427126593335
5.4326305962992
5.4244431502914
5.4162233916335
5.4079496829171
5.399679505569
5.3929079731303
5.3861215030469
5.3793160815115
5.3725073111323
5.365343770567
5.3581720165465
5.3509901849333
5.3438049422711
5.3348088736206
5.3258029996979
5.3167834539042
5.3077608365553
5.2972877119274
5.2867952648674
5.2762675134337
5.2657447014198
5.2583790812766
5.2510019803756
5.24360837219
5.2362143166359
5.2288307334926
5.2214411773325
5.2140434916746
5.2066448754805
5.1975895252661
5.188527774107
5.1794554269029
5.1703837374962
5.160071017652
5.1497443647488
5.1393887459327
5.1290417696077
5.1215892509268
5.1141277180205
5.1066521035709
5.0991782601335
5.0917170499265
5.0842519282894
5.076780605178
5.0693104942992
5.0602909819135
5.051268079896
5.0422375714893
5.0332106408316
5.0230257787479
5.0128314929667
5.0026138741646
4.9924075865288
4.9831501019523
4.9738736552412
4.964554839834
4.9552519725753
4.9477602204448
4.9402561167022
4.9327308539985
4.92521108144
4.9182579225388
4.9113014079023
4.9043392834537
4.897379889369
4.8892854163435
4.8811909050574
4.8730938759237
4.865001398286
4.8551818103395
4.845361292867
4.8355325608986
4.8257139908668
4.8157132262821
4.8057009206724
4.7956553496314
4.7856299186721
4.777406205244
4.769167433965
4.7608964007465
4.7526385132696
4.7457939569566
4.7389442624301
4.7320858450423
4.7252318681643
4.7180319625538
4.7108328190529
4.7036326581621
4.6964373658302
4.6875371490236
4.6786401450607
4.6697427564274
4.6608543363477
4.650670394984
4.6404850925802
4.6302849000253
4.6201032227618
4.6170965044653
4.6140895911677
4.6110827248639
4.6080761669548
4.6063699188831
4.6046638406324
4.6029579507287
4.6012522659049
4.6003939570082
4.599535705071
4.5986775115093
4.5978193776418
4.5974109526911
4.5970025369199
4.5965941282576
4.5961857465188
