0.0004
0.00039983105024003
0.00039971454067407
0.0003996500443078
0.00039963713757396
0.00040033182575088
0.00040225467788232
0.00040535649742955
0.0004095899622661
0.00044605603397561
0.00050479564839363
0.00058184510862181
0.00067359334914238
0.00078244267279217
0.00090193936576945
0.0010300897488949
0.0011650640843979
0.001335260797794
0.001511616131326
0.0016927700015323
0.0018773982572453
0.00211868123285
0.0023629762698545
0.0026094480385905
0.0028570790912178
0.0031820349703556
0.0035074464969614
0.0038330149951986
0.0041580087255578
0.0046020459383365
0.0050444749542668
0.0054853238600541
0.0059240339122358
0.0065753565107447
0.0072216975697554
0.0078626079148658
0.0084987325623794
0.0091755209120344
0.0098448973864397
0.01050417631896
0.011159240704268
0.011819965512513
0.012468661145137
0.013097046918039
0.013724517718191
0.014296855435163
0.014855279022014
0.01539006511678
0.015925245218117
0.016402199478072
0.016869615317028
0.017323335180538
0.017775245333751
0.01823522272421
0.01868844171709
0.019132379744555
0.019573936898931
0.020081665035255
0.02058124314215
0.02106834030194
0.021553284268175
0.022089911742361
0.022613653890608
0.023114850108759
0.023616385255851
0.024114917191061
0.024596980206257
0.025049729841827
0.025504684768266
0.025937768070262
0.026357246105631
0.02675499781482
0.027152723225832
0.027554780892762
0.027947096097548
0.02832476878938
0.028701154284361
0.029118822665283
0.029526851704837
0.029919411431472
0.030310996814111
0.030750026621843
0.031175691560383
0.031577619492314
0.031980770375935
0.032405517839616
0.032812464898333
0.033186811818395
0.033564810814502
0.033945437543944
0.034309177211975
0.034644080352927
0.034981104427887
0.035327333519591
0.035660839412525
0.035974056024323
0.036287429077975
0.036631430013513
0.036964282530252
0.037278793323205
0.03759340448476
0.037950828526656
0.038294666044155
0.038614220421204
0.038935675405409
0.039291098346957
0.039628300630369
0.039931515813577
0.04023940735143
0.040567408292498
0.04087607681321
0.041150125989705
0.041428447946783
0.041724314580344
0.042004551728382
0.042258693525516
0.042514689667008
0.042797913239679
0.043068389923042
0.043317557420257
0.043567861886402
0.043856862807322
0.044132156141127
0.044382944472173
0.044636150751576
0.044928792419594
0.045203501353519
0.045444417124501
0.045690570201191
0.045968962228056
0.046226511777585
0.046445397772205
0.046670427879229
0.046922437777203
0.047156065374616
0.047357740897309
0.047563182070584
0.047796999991945
0.048016265186087
0.048210866768299
0.048407682973827
0.048640201061383
0.048858804375339
0.049052644774046
0.049249318505089
0.049486684703756
0.04970687367756
0.049894609617888
0.050087721294381
0.050320529208777
0.050532007715737
0.050702899305178
0.050881265490014
0.051095529426502
0.051288994013795
0.051444929801622
0.051606679627381
0.051801101292927
0.051978869007399
0.052127955275449
0.052280483177918
0.052467480881691
0.052640076784974
0.052787230914328
0.052937614057443
0.053127637193452
0.053301412132077
0.053444640510575
0.053593083541357
0.053784561017529
0.053955222650417
0.054085632733963
0.0542241263975
0.054405579875789
0.054564459044926
0.054681188118993
0.054805720162227
0.0549691467545
0.055113535187204
0.055224421729231
0.055340244492407
0.055491624376832
0.055627656385039
0.055736761073469
0.055849576835666
0.056000298055516
0.056135561235571
0.056242110825893
0.056353581794225
0.056508146542779
0.056643195399688
0.056740265776947
0.056845295615174
0.056997478635755
0.057126313938172
0.057210266483906
0.057303605907714
0.057442524235304
0.057559926733392
0.057638391369607
0.057723620066081
0.057848043722861
0.057955576754336
0.058033527501865
0.0581158932023
0.058235185231498
0.058339384490395
0.05841603657829
0.058497350030716
0.058619769297972
0.058724360421672
0.058794391564723
0.058871712826912
0.058997077142292
0.05909956210037
0.059157116673134
0.059224845775438
0.059343613035915
0.059438711026521
0.059489555281017
0.05954922196258
0.059653875332369
0.059739456780359
0.05979136156948
0.059848772771078
0.059944065278319
0.060023968880386
0.060076325467211
0.060133260782548
0.06022874756843
0.06030800427651
0.060356244853044
0.060410869336713
0.060511485529912
0.060590852746877
0.060628028036351
0.060675162453391
0.060776052388999
0.06085204048703
0.060879926031505
0.060918536474146
0.061008828731888
0.061077383080326
0.061106744991652
0.061143247485871
0.061221269593818
0.061282761545679
0.061315107129132
0.061352269410423
0.061426351295906
0.061485283823368
0.061515942289814
0.061552138118841
0.06163047052843
0.061689883350258
0.061711772508755
0.061742558426652
0.061826260943827
0.061885299644385
0.061895389071725
0.061917329913691
0.061996568297951
0.06205138634103
0.062060738778643
0.062079414718643
0.062145926979185
0.062193817371514
0.062208976143797
0.062229693469205
0.062287927959354
0.062331258952852
0.06234757962309
0.062368858716265
0.062428199873224
0.062470973644833
0.062481365371426
0.062499191134542
0.062565820225337
0.062609633641407
0.062607409531152
0.062616883637369
0.062686124741304
0.062729054009506
0.062721130229863
0.062724887533092
0.062784308022405
0.062822144163943
0.062821480328565
0.06282785150683
0.062875534249285
0.062907493898669
0.062911728743868
0.062920757586771
0.062965155708872
0.06299474354503
0.062996186175095
0.063003670159817
0.063053948730753
0.063084373079522
0.063074630664364
0.063075194879483
0.063133610263048
0.063165524433197
0.063144442551094
0.06313672071736
0.063191593854883
0.063221510608678
0.063205429034931
0.06319874432318
0.063240645699785
0.063264765499186
0.063257983969724
0.063256426982185
0.063290305735975
0.063310120856709
0.06330422132434
0.063303336992626
0.063339310117131
0.063358575884353
0.063344503410039
0.063338711618308
0.063353720379374
0.063362154756299
0.06334650595711
0.063291156511132
0.063199613914471
0.063086490663267
0.062956640826338
0.062818112537134
0.062605764688421
0.062383925476357
0.062151402970823
0.061919676999862
0.061631170862467
0.061341486792231
0.061048144292172
0.060759194955112
0.060373079984957
0.059986532509658
0.059592854542925
0.059210082822658
0.058891931843996
0.058565664331661
0.058217229478249
0.057882007309
0.057605984064696
0.057305021251366
0.056944992842631
0.056609916713489
0.056404059237673
0.056162118727338
0.055845892872498
0.055552473753568
0.055377659783084
0.055182101165693
0.054952883620237
0.054730114161028
0.054542542634655
0.05434726323633
0.054139295282712
0.053934772753327
0.05371332905261
0.05348702395619
0.053249368069962
0.053017423304539
0.0527776860713
0.052524508274414
0.052237954081011
0.051967047690054
0.051784824954353
0.051562980723284
0.051250883633474
0.050972123437573
0.050848113610962
0.050688269070667
0.050464356131344
0.050254237151298
0.050126870666709
0.049986530317743
0.049828102059942
0.049671574931751
0.049515781665519
0.049355445052364
0.049187072651828
0.049021284305738
0.048829831468684
0.04863276474854
0.048421737695428
0.048217475199757
0.048036760193438
0.047830800472128
0.047564326511536
0.04732339740423
0.047215148614983
0.04709147683314
0.046944996447357
0.046801307209196
0.046677072839375
0.046548042919878
0.046411696525915
0.046276861412121
0.046116233008333
0.045951554455957
0.04577720550779
0.045607294216538
0.045440826468888
0.045255608635174
0.045024952655932
0.04481400074985
0.044712718870199
0.044598321218771
0.044463338077439
0.044331522472486
0.044218748277934
0.044100980229541
0.043975155593848
0.043851052823186
0.043710212278252
0.043564391361001
0.043407146900176
0.043254521197463
0.043114746657326
0.042956468472313
0.042754369778297
0.042569987351108
0.042480883805684
0.042378912836183
0.04225661214258
0.042137395555047
0.042037015136227
0.041931479442619
0.041817611899165
0.041705392939254
0.041581151345926
0.041451780420155
0.04131097252009
0.041174436325302
0.041051389575691
0.040911403651916
0.040731760777598
0.040567599364424
0.040486580377379
0.040393388136664
0.040280596020187
0.040170912266945
0.040079810344972
0.039983418299609
0.039878345226555
0.039774957348077
0.039663872623975
0.039547400338689
0.039419155321838
0.039295036518209
0.03918608633023
0.039061281116169
0.038899829328221
0.038752164732255
0.038681386073523
0.038580268474891
0.038414748518192
0.038268785986182
0.038211738684783
0.038134607493642
0.038024893604085
0.037920115255235
0.037849422710372
0.037771438181281
0.037682877134608
0.037595416534433
0.037505486051492
0.037411414080949
0.037309418051473
0.037209600037883
0.037107101335835
0.036996088252826
0.036865514687341
0.036742202935287
0.036663898628274
0.036560859722476
0.036402046125762
0.036262797909652
0.036214184152357
0.036138780596457
0.036013235799308
0.035899036864523
0.035844553159481
0.035778501911985
0.035695858672984
0.03561461275795
0.035543182428694
0.03546726554157
0.035384132294709
0.03530222598724
0.035213227430411
0.035119400972686
0.035015093296026
0.03491429359305
0.034828851611345
0.034728178605436
0.034592393780368
0.034469677691969
0.034413278559813
0.034346202131989
0.034262146650772
0.034180514894537
0.034114500781937
0.034043844232971
0.033965708739201
0.033888808870989
0.033807202510812
0.033720829159473
0.033624287834726
0.033531004096413
0.033451731075504
0.033358747096359
0.03323438913289
0.033121463602711
0.033072455803361
0.032997434719007
0.032867392315312
0.032753800311197
0.032713754275942
0.03265642382137
0.032571083673601
0.032489865078133
0.032437171181603
0.032378110537698
0.032309843337911
0.032242428706734
0.032174186311863
0.032102233671846
0.032023297287425
0.031946108356808
0.031868456066469
0.031783287159294
0.031681095812819
0.031584953836322
0.031527228237271
0.031448304942293
0.031321856975334
0.031211784088932
0.0311769173575
0.031119223577012
0.031018906004972
0.030928096290291
0.030886825343921
0.030835580989542
0.030769993359443
0.030705575205706
0.030649952787159
0.03059035243731
0.030524372438552
0.030459397905963
0.030389885117024
0.03031602727375
0.030232875046395
0.03015267355172
0.030086821069809
0.030007697323131
0.029898204976151
0.02979977835052
0.029762275170746
0.029700093651299
0.029586012540981
0.029487201655827
0.029455432165655
0.02940815203203
0.029336301451033
0.029267722754688
0.029223119862315
0.029173035172362
0.029115126062176
0.029057859623072
0.028999059176652
0.028936978102752
0.028868697214991
0.028801952567495
0.028735319975243
0.028661569954021
0.02857168611632
0.028487534974374
0.028440672195985
0.028373460988391
0.028260681724559
0.028163546387809
0.028136392184672
0.028088249828784
0.028001460278614
0.02792296056353
0.02788814928753
0.027844601661881
0.027788717588739
0.027733686960292
0.027685464821857
0.027633773807706
0.027576520375622
0.027520126249265
0.027459515632678
0.027394916292084
0.027321759437785
0.02725131502203
0.027195213812273
0.027126411033866
0.027028539792236
0.026941275335992
0.02690481870879
0.026859768893592
0.026801309912532
0.02674455303214
0.026699688486518
0.026651220960458
0.026597083655435
0.026543749540398
0.026487055974512
0.026426678074413
0.026358553890409
0.0262927833919
0.026238158644345
0.026172549616971
0.026081872641611
0.026000267104902
0.025991595289838
0.025982582911757
0.02597327961063
0.025963730058699
0.025958260022107
0.025952729480014
0.025947143720767
0.025941507637249
0.025935565681022
0.025929758575986
0.025925208087009
0.025923132992391
0.025924081242928
0.025927606529956
0.025933482211315
0.025941498999455
0.026002209533746
0.026097141540697
0.026221113991189
0.026355998655787
0.026493236219005
0.02663664277913
0.0267853581361
0.026935648061355
0.027144427320234
0.027355079801847
0.027568781950109
0.027781312557045
0.02805831819858
0.02833697135204
0.028621224816871
0.028901584339254
0.029204711432802
0.029520175391464
0.029867571588265
0.030199531731347
0.030392620538951
0.030594521031344
0.030810500948769
0.031023702186359
0.031222827023831
0.031424851489541
0.031631938557052
0.031837190985656
0.032083478879142
0.032332349120971
0.032588553936586
0.032840341204019
0.033103534531603
0.033379096229367
0.033685989757617
0.033978171714269
0.034153852019253
0.034339043116868
0.034540145328157
0.034737730552931
0.034918527470675
0.035103095492907
0.03529439365899
0.035483397484859
0.035699831051937
0.035919830144084
0.036149031786197
0.036373337224496
0.0365983867703
0.036836818035843
0.037108289674476
0.037364933686194
0.037534109735945
0.037733240906754
0.037998163438253
0.038240816490316
0.038370116088113
0.03852018531326
0.038704756317933
0.038883006292531
0.039017289887937
0.03915864299177
0.03931036110832
0.039460368765638
0.039622686640657
0.039788221315798
0.039960547253599
0.0401298883625
0.04031980720036
0.040516745417596
0.040731535767223
0.04093762410662
0.041097105054109
0.041284725875923
0.041538592777181
0.041765949051932
0.041864643576066
0.041999350669656
0.042204415632026
0.04239118684368
0.042483961610437
0.042592107528833
0.042721987923027
0.042849767895054
0.042963707279349
0.043082381668958
0.043208456897068
0.043332846857938
0.043476806800916
0.043624548265789
0.043781360358386
0.043933840361615
0.044082720531416
0.044247743916992
0.044452178917102
0.044639132908605
0.044731615652658
0.044836572220339
0.044962117900875
0.04508375436409
0.045184732011156
0.045291145078715
0.04540678968532
0.045520113829622
0.045641468058293
0.045768429271175
0.045908276230555
0.046042761423147
0.046157098791635
0.046290238133264
0.046467787127751
0.04662732503658
0.046700060586803
0.046786630154889
0.046895789276909
0.047000964464595
0.047084030720882
0.047173129239348
0.047272299501545
0.047369194925184
0.047469349030006
0.047575507251194
0.047695075030993
0.047809444701431
0.047901544789329
0.048012437082017
0.04816732162904
0.048304797890453
0.048349138434115
0.04843278091078
0.04860108458772
0.048742530452402
0.048774500795939
0.048833502460945
0.048936818355792
0.049033005593961
0.049085086347589
0.049146741088403
0.049222111734978
0.049296016500755
0.049366712203922
0.049442369366537
0.049527486764805
0.049609787859636
0.049688206155149
0.049776727584086
0.049888824143567
0.04999155848331
0.050033530390604
0.050110277478027
0.050266783335644
0.050393684041526
0.050397202360423
0.050443015136821
0.05057010849111
0.050677465520216
0.05069877771446
0.050738355100605
0.05080369050656
0.050867052171603
0.050911632109564
0.050962464468932
0.05102288500016
0.051081813071735
0.051140400558331
0.051204739083564
0.051281537848335
0.051353937495117
0.051400393975163
0.051467434694423
0.051582652153253
0.051678845861707
0.051702462504402
0.051741318564039
0.051804819008055
0.051864459791299
0.051900751892768
0.051943940669066
0.051998407734745
0.052050822507988
0.052096053816442
0.05214859923439
0.052216853813214
0.05227985526744
0.052309089575139
0.052360274462951
0.05246182665948
0.052544646621653
0.052532078332733
0.052562257819972
0.052683149019551
0.052776582764488
0.052766505559564
0.052784744730215
0.052848706258921
0.052905981493508
0.052922157031119
0.052948555644564
0.052989605640154
0.05302933497595
0.053059440571199
0.053095386519813
0.053142287153121
0.053186391920889
0.053214822463626
0.053255457407273
0.053323808352364
0.053382075670554
0.053372233359109
0.053400150427028
0.053513354501867
0.053596388753695
0.053562112300775
0.053570181987099
0.053657907817222
0.053727519789523
0.05372056807055
0.053731718332775
0.053768430119309
0.053803341863438
0.053818586709453
0.053840603880367
0.053873190854518
0.053904257931193
0.053926040780497
0.053954881571859
0.053998711379086
0.054037777646341
0.054039692879769
0.054065247633409
0.054145197381717
0.054204792852138
0.054198589087268
0.054209097649358
0.054246100270096
0.054279471238137
0.054288758759832
0.054305402428937
0.054333777097961
0.054360383039467
0.054374480949307
0.054396303497118
0.054434347291145
0.054467425892858
0.054462251565827
0.054480111457496
0.054550426711236
0.054601734677183
0.054557007865527
0.054557576982772
0.054654187648936
0.054721989929307
0.054686772565725
0.054681628152587
0.054724897398104
0.054761345538952
0.054756515682025
0.054762503147771
0.05478382766649
0.054804016305393
0.054810990311507
0.054824177026498
0.054848794527463
0.054870800420997
0.054872013881926
0.054885994884848
0.054928590145508
0.054961235495453
0.054924170739167
0.054925922434704
0.055014974371942
0.055073603082966
0.05501734195071
0.055004608695771
0.055073663222761
0.055124331111297
0.055100157076381
0.055094724541051
0.055115753065151
0.055135036488884
0.055133220317637
0.05513853077372
0.055154893514493
0.055169834881177
0.055171160870144
0.05517997873593
0.055204466937021
0.055224282008824
0.055203424726487
0.055206822339428
0.055265630796332
0.055304189262661
0.055282550599274
0.055278067505629
0.055300776633821
0.055319872694427
0.055318355824939
0.05532030800056
0.055325824643322
0.055331877145316
0.055309184927354
0.055270981984312
0.05523774883698
0.055185250321979
0.055100878149125
0.055011079181633
0.054917165099685
0.054821115418911
0.054633765396561
0.05444140308042
0.054239861130536
0.054041774636991
0.05381600114916
0.053584614501909
0.053338652081421
0.053100534806023
0.052883848722612
0.05264200484621
0.052338997207325
0.052062768882397
0.051930891995797
0.051782838175817
0.051610144594815
0.051441144692175
0.051294406716098
0.051142453565669
0.050982221683534
0.050824079281221
0.050638396962831
0.050448340047386
0.050247452093056
0.050051946625551
0.049861172879027
0.049650345028835
0.049390488371279
0.049152266688496
0.049035125265465
0.048903754761967
0.048749827360481
0.048599636811079
0.048470798444269
0.048336537320695
0.048193380394551
0.048052324531006
0.047893037931805
0.047728405395457
0.047551259684657
0.047379425449678
0.047221662769783
0.04704408761893
0.046819306851588
0.046613832003348
0.046512706535773
0.0463976334658
0.046260345335732
0.046126607687009
0.046013812055708
0.045895385557195
0.045767740601692
0.04564204793342
0.045503643224113
0.045359624832593
0.045202932268856
0.045051102632528
0.044914597639667
0.044759810678461
0.044562091538697
0.044381180447866
0.044290643627949
0.0441868563067
0.044061597148547
0.043939860248867
0.043838740522058
0.043731801074671
0.043615216661837
0.043500584436447
0.043378219635207
0.043249904309897
0.043108493139317
0.042971725888187
0.042852158199028
0.042715474896173
0.042539195195323
0.042377768059029
0.042298480488379
0.042187251725929
0.042008384815617
0.041849943471658
0.04178545686616
0.04169971804003
0.041579303982762
0.041464275196987
0.041385761279766
0.041299300496471
0.041201126293823
0.041104291813004
0.04100550689193
0.040902051307321
0.040789558068582
0.040679589124238
0.040568387227954
0.040447626439559
0.040304897995932
0.040170264235455
0.040084838110578
0.039973273491624
0.039803057060603
0.039653088985047
0.039597633563395
0.039514617596399
0.039380245282466
0.039257375708423
0.03919599890651
0.039122457370084
0.039031177700715
0.038941573235809
0.038862588614944
0.038778600494697
0.038686371726332
0.038595639821462
0.038498840395191
0.038396389336875
0.038281613325676
0.038170945585146
0.038079529583913
0.037971320142974
0.037824587560917
0.037691910736342
0.037635485571264
0.037549605487025
0.037402239178712
0.037272701715461
0.037224215819575
0.037157429223953
0.037061551790848
0.036969669382878
0.036906521258851
0.036836648737456
0.036756908282906
0.03667819159999
0.036597291443989
0.036512112581088
0.036418622752359
0.036327354397264
0.036237574345141
0.03613836465605
0.036017647754472
0.035904645315495
0.035839776012977
0.035750150665933
0.035605468765138
0.035479310552756
0.035437402927839
0.035371308901165
0.035261167738493
0.035160252413419
0.03510999352363
0.035049508015245
0.034974287760495
0.034900305283781
0.034833993277682
0.03476328778709
0.034685259722858
0.03460854776849
0.034527453272024
0.034440887103777
0.034342400473546
0.034247803629251
0.034174189451736
0.034084214089426
0.033956933513042
0.033843042961778
0.033799741084121
0.033729776307521
0.033604994333056
0.033495513098371
0.033455762547024
0.033400414924431
0.033320774944884
0.033244155524558
0.033190299033008
0.033130710291999
0.033062661758725
0.032995487105007
0.032926054181825
0.032852666008336
0.032771517504347
0.032692435765477
0.032616869874718
0.032532024464945
0.032426080370523
0.032327637353055
0.032276053034167
0.032201142609699
0.032074755554632
0.031965338726296
0.031931583019966
0.031876601977665
0.031783792703671
0.031698425431206
0.03165524593036
0.031603419143011
0.031539235001424
0.031476009393231
0.031418256835476
0.031356627339945
0.031288443216101
0.031221461944902
0.03115122878002
0.031075725124284
0.030988706475055
0.030905440919291
0.03084416541979
0.030767005050545
0.030653753128392
0.030553349045381
0.030518748437412
0.030459899425029
0.030351892112375
0.03025715068014
0.030223229083837
0.030175896767719
0.030108067706033
0.030042552888517
0.029995300651359
0.029943128066347
0.029883653677147
0.029824944237965
0.029763819885223
0.029699055190472
0.029627070756295
0.029557031424161
0.029491770265677
0.02941744900211
0.029322535307725
0.029234947083843
0.029192807404134
0.029128631169301
0.029016112190632
0.028919293835782
0.028891267084512
0.028844409736481
0.028764658614449
0.028691002921898
0.028653071353442
0.028607750005511
0.028551960021732
0.028496919730784
0.028445662189186
0.028390981062533
0.028330440422741
0.028271003057053
0.028208983295026
0.02814193743378
0.028063862654255
0.027989409061123
0.027937323174008
0.027869865533543
0.027767538987828
0.027677589083296
0.027649362180765
0.027598894876503
0.027503888213789
0.027420556508643
0.027391069500782
0.027349906908249
0.027291220672737
0.027234323779716
0.02719227710428
0.027145977469203
0.02709334689861
0.027041385855206
0.026986814148715
0.026928912502581
0.026864342610024
0.026801597242272
0.026744313916728
0.02667826390112
0.026592266109402
0.026513400794205
0.026478405743568
0.026422546689784
0.026321111591206
0.026234324317484
0.026210701157696
0.026170183581121
0.026100686165061
0.026036262898743
0.026002576237409
0.025962502826868
0.025913468740954
0.025865020850608
0.025819067962747
0.025770088433223
0.025715879786552
0.025662677845145
0.025607271684474
0.025547119465236
0.025476505124898
0.025409360651025
0.025388411856884
0.025366905923155
0.025344973930605
0.02532278565886
0.025297589653906
0.025275029337749
0.025267218642192
0.025285368584356
0.025319456953182
0.025364195651422
0.025417268436897
0.025476315682725
0.025594028942576
0.025722731466451
0.025861881941968
0.026003333276231
0.026165560128205
0.026330256807455
0.026498113676608
0.02666557796
0.026890064642981
0.027116183192981
0.027346902179143
0.027575105360347
0.027834830162383
0.028103872248226
0.028396926516295
0.028678900281998
0.028855495156194
0.029039850952623
0.029237507421669
0.029432235228014
0.029612610062291
0.029796522363042
0.029986881447533
0.030175254426366
0.030387549174041
0.030603736737038
0.030829496448344
0.031050915992083
0.031269080405237
0.031498876197061
0.031756630433754
0.032002899514599
0.032179746271003
0.03237742246777
0.032619619641018
0.032847639694256
0.032993339276685
0.033153393540763
0.033337826524086
0.0335174351657
0.033665640694517
0.033819731481594
0.033983325454636
0.034144885520228
0.034317032027571
0.034492843880509
0.034676605766832
0.034857142310778
0.03504846206743
0.035247718138982
0.035466300768152
0.035676500128887
0.035841813861791
0.036028280976216
0.036262915994381
0.036479926692874
0.036603976159675
0.036750422015875
0.036939272711394
0.037117653863399
0.037234325925709
0.03736147746683
0.037504764595331
0.037645545438793
0.037778455670051
0.037915836935863
0.038061222390804
0.038204280741743
0.038361041810415
0.038522942109556
0.038696984520641
0.03886578791204
0.039018502236918
0.039187542464086
0.039395158490232
0.039587248495037
0.039694123221297
0.039830816328965
0.040030705358511
0.040211050535852
0.040297632932397
0.040403335928166
0.040540120630022
0.040671778659186
0.040769625489467
0.040874485209939
0.040989949162977
0.041103707793041
0.041223504053177
0.041347422503049
0.04147986989736
0.04160919353816
0.041742436737851
0.04188531546026
0.042051251219048
0.042207504881647
0.04230643267437
0.042435050954399
0.042631376638834
0.042802949907194
0.042863038861949
0.042954593793829
0.043104845177457
0.043241552968243
0.043307849051801
0.043387260654863
0.043485451767534
0.043581799835445
0.043667724244543
0.043758557127529
0.043857540344247
0.043954670116562
0.044060428308121
0.044171609928902
0.044295224292271
0.044413848223111
0.044510104022157
0.044626447143037
0.044790119247293
0.04493481234611
0.044993287757693
0.045065636923109
0.045159844277717
0.045250785383977
0.045321592779059
0.045397933011112
0.04548316441798
0.045566663222288
0.045654915036843
0.045748630955032
0.045854483472161
0.045955776907393
0.046036085251424
0.046135243066311
0.046278609845584
0.046404471422986
0.046453136903879
0.046515637118892
0.046600546464949
0.046681818589595
0.046741668928171
0.046807663538262
0.046883768855117
0.046957887869143
0.047031072827226
0.047110609564937
0.047203982154889
0.04729247901884
0.047355088806738
0.047436996938891
0.047563517201463
0.047673086421835
0.047693424173352
0.047752319794706
0.047893508072932
0.048009345214373
0.048024325005518
0.048065307747718
0.048148596372079
0.048225420438352
0.048261981236467
0.048307918809714
0.048367330542579
0.048425421015671
0.048478093018704
0.048535957965879
0.048603637272646
0.048668657737191
0.048725097652652
0.048792270830381
0.048884059282134
0.048966616344705
0.04898819321915
0.049043899241066
0.049177083116429
0.049282434232457
0.049274293122312
0.049305474450904
0.049411207942193
0.04949955553292
0.049511656602403
0.049540740107472
0.049593893474281
0.049645225552347
0.049678773150152
0.049718535854444
0.049767988440305
0.049815971488669
0.049860204082404
0.04991068457179
0.049974551720088
0.050033988253344
0.050063546303126
0.050114334939438
0.050214260248437
0.050295478107525
0.050308692093863
0.050337185834217
0.050390111215051
0.05043948914684
0.050466260026203
0.050499842917151
0.050544410370218
0.050587177430545
0.050621742613513
0.050663479386276
0.050720419867381
0.050772531502241
0.050791453322174
0.050831691196139
0.050920619654445
0.050991733711462
0.050971618298714
0.050993160261549
0.05110304896955
0.051186346488103
0.051170436315778
0.05118226919062
0.05123890963958
0.051289085182768
0.051299539626562
0.051320057345444
0.051354948723093
0.051388652552617
0.051412218779117
0.051441574329325
0.05148168131245
0.051519203936495
0.051540568110551
0.051573871724332
0.051634084930675
0.051684764976991
0.051670212954201
0.051691920194541
0.051795282193171
0.051870058091936
0.051833634658559
0.051837839737038
0.05191843591989
0.051981760592621
0.051972239290904
0.05198026118609
0.05201313556129
0.052044269634464
0.052056102827266
0.052074614084768
0.052103544602743
0.052131045074534
0.052148740319135
0.052173457922641
0.052212974127951
0.052247943957178
0.052246598858418
0.052268136798999
0.052342099152922
0.052396736158684
0.052388950910899
0.052397381585465
0.052431555946425
0.052462236148113
0.052469529327621
0.052484064340198
0.052510150642015
0.052534549598435
0.052546344187318
0.052565779001086
0.052601159696184
0.052631789230969
0.052625364316066
0.05264116170263
0.052707366079928
0.052755546710126
0.052712543796506
0.05271251859615
0.052803367890823
0.05286718640159
0.052833541139479
0.052828557754328
0.052869830808996
0.05290456306445
0.052899709845545
0.052905365589646
0.052926014144695
0.052945532146685
0.052952000839686
0.052964627644404
0.052988574292554
0.053009989544479
0.053010992255442
0.053024542997785
0.053066094817068
0.053098054865464
0.05309706790066
0.053104064660293
0.053123379153059
0.05314118285597
0.053148675039426
0.05315410162115
0.053145503743249
0.053111820255807
0.053054744865157
0.052983925509867
0.052902424084189
0.052815327035474
0.052674701038251
0.052526715532776
0.052369499020159
0.052213178368711
0.052024468844472
0.051833207489686
0.051635939978503
0.051442167352636
0.051212327058239
0.050973512743118
0.050710585687773
0.050460701643723
0.050301450219543
0.050131390994048
0.049940292220997
0.049755528958553
0.049598364324249
0.04943301046753
0.049251482760098
0.049075145456807
0.048909201249797
0.048732977054254
0.048533923256152
0.048343355630839
0.048190978830713
0.048020060559005
0.047808180517589
0.047610558420589
0.047486258339292
0.047339461088164
0.047147686829547
0.046968467545856
0.046854780134869
0.046725878179007
0.046570484324425
0.046420660289746
0.046299191263155
0.046169226243474
0.046024137648244
0.045882701504651
0.045747830936145
0.045605294072074
0.045446653134376
0.045293378750018
0.045158460371787
0.045009807428203
0.044830435195242
0.044661939519691
0.044551316496048
0.044418224920784
0.044237616836166
0.044071617812482
0.043979180192984
0.043867635490057
0.043721445508306
0.043582855232954
0.043486978016701
0.043380873270295
0.043257761367458
0.043137791838603
0.043028612220789
0.042912793944902
0.042784270408374
0.042659216566946
0.042540690090531
0.042412729009109
0.04226397863096
0.042122358783518
0.042017784405323
0.041894255933339
0.041729085965809
0.041577718326934
0.041497003865727
0.041394184652951
0.041248272414301
0.04111329157079
0.041035763879477
0.040944931426238
0.040832105806279
0.040722990394995
0.040634376640743
0.040538839799586
0.040431343875045
0.040326314685344
0.040224452007376
0.040115821318424
0.039993020349869
0.039874624932633
0.039774438446739
0.039660519958951
0.039515980737726
0.039381910939906
0.039305124824416
0.039205990779983
0.039060192472971
0.038928049487122
0.038863119062963
0.038780985516487
0.038668870256184
0.038562472416333
0.038490010438581
0.038409127153735
0.03831468432389
0.038222367327227
0.038136430526861
0.038044845470345
0.037942444987408
0.037842840059317
0.037749435753954
0.037646880125976
0.037524133014027
0.03740813744651
0.037330282789151
0.037233311935506
0.037094579867986
0.036969340043683
0.036911218278167
0.036832538961559
0.036714859996853
0.036606312444959
0.036546523319031
0.036475538062638
0.036386699035506
0.036300422661894
0.036228646356133
0.036151137676021
0.036063758207657
0.035978311180599
0.035894642273087
0.03580471295778
0.035701568785774
0.035602477499597
0.035522975755722
0.035429587319834
0.035305256274704
0.035191392886595
0.035134198360933
0.035055437898361
0.034932311961531
0.034821637479999
0.034771366704075
0.034706097544701
0.03461561245755
0.034529368200308
0.034469657430109
0.034403032190504
0.034325439699745
0.03424942621102
0.0341769198309
0.034099469341738
0.034012431096599
0.033927870965969
0.033850046099061
0.033763161733762
0.033656194045381
0.033555947300843
0.033495097418589
0.033415175997288
0.033293819768355
0.033185623387866
0.033140814826306
0.033077285812349
0.032979236404899
0.032888663996392
0.032839129356582
0.032780260408159
0.032706916331159
0.032635391043127
0.032573890244192
0.032507578402886
0.032432920768937
0.032359897273628
0.032287935077274
0.032210070659223
0.032119602241622
0.032033044795911
0.031967542571523
0.03188799384329
0.031777126141974
0.031676851750565
0.031632415551117
0.03156742105452
0.031460793629269
0.031365400690846
0.031324175883293
0.031269976698965
0.031194689420818
0.031122529967809
0.031071036177286
0.031013833793648
0.030947647609457
0.030882698799613
0.030819223355519
0.030751361713022
0.030674857529052
0.030600637306494
0.030533748733901
0.030457847900266
0.030361848347476
0.030272656351556
0.030223821221782
0.030156074537012
0.0300474422819
0.029951628118485
0.029915692199072
0.029862784811877
0.029779466539957
0.029702230311765
0.029659608204667
0.029609185988007
0.029546957286452
0.029486038571189
0.029431783141917
0.029373452450683
0.029307977081652
0.02924392980611
0.02918045864512
0.029111388357786
0.029030216999171
0.028952881443197
0.02889779275263
0.028828537606166
0.028727646358805
0.028637503999223
0.028602204098835
0.028547380041583
0.028453635271259
0.028370001741043
0.028335106320583
0.028288965821758
0.028225130001352
0.028163589555264
0.028118134717959
0.028067929976675
0.0280102888048
0.027953645565353
0.027896974309164
0.027836387024545
0.027767960735097
0.027701666679191
0.02764316354269
0.027575707974374
0.027488162134299
0.027407531700185
0.027367820505959
0.027309438414166
0.027210860960926
0.027124754202696
0.027095295485243
0.027050426126525
0.026978711730859
0.026911939202585
0.026874532700987
0.026830562753039
0.026776876667655
0.026724140777791
0.026675545705213
0.026623472223759
0.026565234261473
0.026508261136689
0.026451491483608
0.026389406657294
0.026315706146429
0.026245775202165
0.026198911753164
0.026137838129086
0.026044965281264
0.025962966311367
0.025934605916446
0.025887732674039
0.025804512367826
0.025730395575559
0.025700319838427
0.025660442758229
0.025605607661315
0.02555244924194
0.025511834975747
0.025467230161827
0.025416403990112
0.025366397527613
0.025315269248494
0.025260631175134
0.025198866877226
0.025139096775637
0.025087398244417
0.025026855607388
0.024946349914581
0.024872831242712
0.02484031010474
0.024789461039191
0.024699293802177
0.024621220880929
0.024607701659991
0.024592387547131
0.024575685864223
0.02455805699838
0.024539843647678
0.024521125624066
0.024502020466812
0.024482661291739
0.024482786311535
0.024500483828358
0.024521920062971
0.024562623384108
0.024629659549007
0.024704114464315
0.024784281059534
0.024868069231722
0.025017086307063
0.025171880257837
0.025333184896572
0.025494755941132
0.025686553605004
0.025880066804814
0.026076834768984
0.026272379072258
0.026519392235865
0.02676970953609
0.027029206910157
0.027284070747532
0.027529074393542
0.02778981001651
0.028088745438269
0.028371903990858
0.028554257538783
0.028760405525795
0.029015062078644
0.029255928223774
0.029407951324304
0.02957156493709
0.029752465404596
0.029931131743436
0.030095501554063
0.030263550294713
0.030437458776337
0.030609963218771
0.030811948941414
0.031016680325807
0.031228227171222
0.031436450517573
0.031658779780177
0.0318908680982
0.03214730031365
0.032392879557515
0.032571351896491
0.03277488318634
0.033034555500677
0.033274601560852
0.03340924538259
0.033563734135115
0.03375253699922
0.033934500008603
0.034067971285685
0.034208647328436
0.03435983026798
0.034509509888514
0.034667889465028
0.034829396337418
0.034997123405175
0.035162488632757
0.035350406077293
0.035543925641317
0.035751521611991
0.035952537740107
0.036123866166647
0.036316144594763
0.036557860716741
0.036779858330787
0.036897109014529
0.037044005733329
0.037250427978872
0.037440437908942
0.037543380427776
0.037660780539653
0.037799709525194
0.037935974011273
0.038054784924626
0.038178410783114
0.038309586143554
0.038439163366989
0.038586283798073
0.038737059709653
0.038896294645718
0.039051801295822
0.039208872204991
0.039378618884356
0.039579154607438
0.039766400134618
0.039872599363732
0.039989549754433
0.040125130800741
0.040256672208454
0.040368116356338
0.040485140416076
0.040612091652334
0.040736420943983
0.040864950686626
0.040999522204533
0.041147678688103
0.041290553271746
0.041413907296786
0.041553139753555
0.041729147847307
0.041891021625543
0.041977257310509
0.042091591950046
0.042265335152512
0.04242082278803
0.042490996884714
0.042580799605328
0.042703616403757
0.042820461712068
0.042901182279758
0.042990023097682
0.043091480822454
0.043190884373553
0.043288922169108
0.043391965535069
0.043505001550893
0.043614795114296
0.043721507801392
0.043838273730783
0.043978408145252
0.044109364530946
0.044187027619538
0.044292271736375
0.044459737243374
0.044605077946771
0.044650829288977
0.044726877729837
0.04486021035561
0.044979956571639
0.045032471646846
0.045098971316669
0.045186294172848
0.045271201906463
0.045341182295042
0.045416895617051
0.04550215314251
0.045585402763872
0.045670359102314
0.045761470735696
0.045866200284792
0.045965936984531
0.046040569709626
0.046134631299613
0.046273799149147
0.046395620266416
0.046426471910988
0.046495439314583
0.046645528378571
0.046770740656751
0.046795072652169
0.046844293351608
0.046933583859196
0.04701692885805
0.047061854737923
0.047115577148874
0.047181941762808
0.047247009929622
0.047308963023889
0.047375851045261
0.047452212416281
0.047525863685656
0.047592872590272
0.047670608446272
0.047773148776132
0.047866179953946
0.047897160509379
0.047962599210327
0.048106347970274
0.048221866171877
0.048222110728432
0.048260903365838
0.04837220679642
0.048466875041118
0.048486424818629
0.048522138460359
0.04858056873828
0.048637352671942
0.048678144214182
0.048724819292999
0.048780735120721
0.048835161803941
0.048887944203239
0.048946828308219
0.049018948388689
0.049086536497865
0.049124820784495
0.049184640281052
0.049294475319065
0.049385063555764
0.049404053926176
0.049438206820806
0.049496353906688
0.049551123436358
0.049583995870909
0.049623353668622
0.049673075687162
0.04972110767783
0.04976339850696
0.049812430289784
0.049875848112035
0.049934583080498
0.049962086156775
0.050010667763695
0.050107679571895
0.050186659595261
0.050199317766824
0.050227289095162
0.050279945268753
0.050328916805126
0.050354774611838
0.050387666421918
0.050431987431957
0.050474406597307
0.050507619501386
0.050548200327347
0.050604318932227
0.050655576170644
0.050673812536109
0.050712867699853
0.050799267991104
0.050868566138343
0.050850260258853
0.05087177335648
0.050977522668914
0.051058065153171
0.051043288668668
0.051055545774761
0.051111880025755
0.051161625038273
0.051171763189477
0.051192085296135
0.051227157374069
0.051260897998875
0.051283700186154
0.05131248197422
0.051352376762029
0.051389613473124
0.051410070916197
0.051442531635485
0.051501930475818
0.051551895806484
0.05153824282965
0.051559611872513
0.051659577404113
0.051732295131693
0.05169791440231
0.051702716684668
0.051781262612165
0.051843095464504
0.051834047989019
0.051842348205274
0.051875526854738
0.051906783846928
0.051918315832956
0.05193665352165
0.051965701097518
0.051993236575476
0.052010347070136
0.052034653966017
0.052074093822874
0.052108918281188
0.052107396859136
0.052128502505138
0.052201293003995
0.052255207434643
0.052247506764483
0.052255967556876
0.052290216329556
0.052320896278974
0.052327969229847
0.052342389839573
0.05236858822927
0.052393041408844
0.052404496844938
0.052423700280906
0.052459040880073
0.052489603664076
0.052483284673788
0.052498920293189
0.052564239052874
0.052611916404881
0.052570378816146
0.052570731475937
0.052659507179341
0.05272208914319
0.052689435607784
0.052684960389993
0.052726168354351
0.052760802706708
0.052756030871695
0.052761800606415
0.052782726085795
0.05280244252102
0.052808795394069
0.05282140282266
0.052845521671602
0.0528670650316
0.052863145315436
0.052866123951133
0.052861133563052
0.052731911271717
0.052502859572346
0.052283985100984
0.052083252790547
0.051880814753924
0.051616429496821
0.051374144455056
0.051177672462916
0.050969739263715
0.050705122799054
0.050478684508888
0.050330100943038
0.050161787674306
0.049949340507736
0.049764624418134
0.049625375139648
0.049480591982453
0.049311127926387
0.049153785374532
0.049013824689001
0.048873580424017
0.048698388520669
0.048531255821239
0.048377553787798
0.048222845445185
0.04801745181445
0.047825402191421
0.047660109818757
0.047488882744912
0.047262501361385
0.047065812465384
0.04693216125179
0.046780435535672
0.046577574482052
0.046407079145233
0.046296604500998
0.04617408527711
0.046019145105437
0.045880530184633
0.045766034462735
0.04565008099117
0.045509502794055
0.045376715611426
0.045255890214889
0.045134417617241
0.044973638285392
0.044821248871643
0.04468469540824
0.044545326754779
0.044356156906827
0.044186596734502
0.044058946047703
0.043918970281768
0.043725101606658
0.043564920343306
0.043473876289834
0.04336434174586
0.043210113278397
0.043078911382714
0.042984940162132
0.042886298638322
0.042764738353454
0.042652647491448
0.042554132434388
0.042455101691304
0.042327370012095
0.04220584680583
0.042094996567597
0.041982807651596
0.041828693754531
0.041685856196137
0.041566439783641
0.041440739047105
0.041263424030046
0.041114339282362
0.04102652817676
0.040919556207948
0.04075925364738
0.040629443668062
0.040556127216965
0.040471095813614
0.040353581512668
0.040250070280129
0.04016661530572
0.04008208516636
0.039976816894811
0.039877587360478
0.039787547923935
0.039696875916983
0.039573179093559
0.039456005926719
0.039351451776745
0.039244226518639
0.039091988710278
0.038957643391648
0.038862531580192
0.038754677163746
0.038643259245102
0.03854436437492
0.038465146821146
0.038383789036133
0.038285413972506
0.038193030618011
0.038109918137359
0.038026017723759
0.037911786361411
0.03780392327862
0.037708424679642
0.037610216099441
0.037470591284836
0.037347469302893
0.037260433645202
0.037161774880471
0.037012128554061
0.036893121348774
0.036838031290854
0.036764824977492
0.036646846468666
0.036549428206423
0.036485011147741
0.036416358847492
0.03632724342437
0.036245876624628
0.036175372724349
0.036104448214496
0.036010888521878
0.035922008803627
0.035841224920836
0.035759239807539
0.035643119511236
0.035535878006596
0.035447473831064
0.035353533292631
0.035212928293672
0.035097766851379
0.035038866109997
0.034961265364132
0.034830842719826
0.034729163238252
0.03468133375734
0.034621802642689
0.034530003164088
0.034450722220966
0.034388932647729
0.034326345865952
0.034246950019121
0.03417238244859
0.034104997419445
0.03403711811911
0.03394256209374
0.033852933372006
0.033772934368375
0.033690739145887
0.033569958927016
0.033464160988516
0.033391724375454
0.03330786213179
0.033220054840306
0.03314276116469
0.033081971969134
0.033019311582551
0.032942290649006
0.032870168164611
0.032805644231371
0.032740389813271
0.03265002989889
0.03256492597068
0.032490203909332
0.032413010378851
0.032300316605316
0.032202047868545
0.032135667992474
0.032058657057048
0.031935498028469
0.031839590599731
0.031800754909641
0.031745522799363
0.031649184245346
0.031570724056836
0.031520727349758
0.031467145588495
0.031395644604671
0.031330644988925
0.031274695181692
0.031218388621528
0.031143111186608
0.031071707494837
0.031007076765687
0.030941348561669
0.030846790177549
0.030759861071821
0.030689323683988
0.03061377061917
0.030497103837634
0.030402987481432
0.030358980702948
0.030298086866496
0.030189391513568
0.030105885307835
0.030069436680637
0.030022792615235
0.029947320471546
0.029882553076049
0.029832627611558
0.029782063709204
0.029717104921816
0.02965621122435
0.029601385583711
0.029546098953506
0.029468278476215
0.029394667307435
0.029329393486058
0.029262115010901
0.029161606751315
0.02907430063409
0.029016568763964
0.028948552075111
0.028875581946151
0.028811774523406
0.028762284744061
0.028711179829436
0.028647665884703
0.028588312976319
0.028535400986445
0.028481853138328
0.028407009981024
0.028336618845898
0.028275092033444
0.028211390287255
0.028117002240821
0.028035162997996
0.02798121028023
0.027917836351322
0.027847623517375
0.027786283722895
0.027738993689952
0.027690009163153
0.02762857513659
0.027571342400065
0.027520706052878
0.02746935638664
0.027397885595009
0.027330863567975
0.027272684644717
0.02721234011274
0.027123362206942
0.027046082395381
0.026994653801677
0.026934652671276
0.02683704864251
0.02676107284108
0.026730306709731
0.026686606038067
0.026609149465836
0.02654622362033
0.026506724478925
0.026464090632252
0.026406005919823
0.026353446007885
0.026308732840414
0.02626359345105
0.026202905517333
0.026145575760165
0.026094186631594
0.026041770494783
0.025966037695808
0.025896768510047
0.025841423716156
0.025781800274289
0.025688828158815
0.025613906418371
0.025578937048
0.025530689585878
0.025443781487773
0.02537682087217
0.025347106476831
0.025309324126577
0.025247862328234
0.025195178771608
0.025154910388106
0.025113945564779
0.025060675771141
0.025010907680749
0.024966479297417
0.024921562558706
0.024858212780286
0.024798568407389
0.024746333116382
0.024692258451377
0.024611049596693
0.024540903092694
0.02449550018043
0.024441585224777
0.024418213200734
0.024395930704087
0.024374499516806
0.024353661998051
0.024342019718217
0.024330500103365
0.024319085307565
0.024307759275934
0.024302088610026
0.024296435661876
0.024290799101667
0.024285177696406
0.024282556887094
0.024279877427222
0.024277110724125
0.024274513024363
