1.0496
1.049613894805
1.0496277889877
1.049641682548
1.0496555754859
1.0497250308367
1.0497944706205
1.0498638948379
1.0499333034937
1.0502801134664
1.0506265377783
1.0509725818048
1.0513182517451
1.0516805958292
1.0520425482734
1.052404121473
1.0527653281666
1.0532016454872
1.0536374728916
1.0540728371922
1.0545077651531
1.055067498917
1.0556266148849
1.0561851742467
1.0567432373637
1.0574738407725
1.0582038352862
1.0589333587293
1.0596625467524
1.0606626567601
1.0616627394371
1.0626631397724
1.0636641974682
1.0651618530206
1.0666628364588
1.0681682366308
1.0696791264955
1.0713002770054
1.0729301464641
1.074569963553
1.0762209547397
1.0778843328387
1.0795612182167
1.0812527315657
1.082960039655
1.0844874373199
1.0860288195816
1.087584896274
1.0891564475992
1.0905260056967
1.0919080423254
1.0933029860348
1.0947112979529
1.0961371036218
1.0975771805463
1.0990319351974
1.1005017902933
1.1021942530751
1.1039073717655
1.1056417002892
1.1073978173674
1.1093248866068
1.1112787912419
1.1132601636183
1.1152697016399
1.1172046762156
1.1191660945736
1.1211544352564
1.1231702751681
1.1250077877316
1.1268682589266
1.1287520067217
1.1306594157173
1.1325358650789
1.1344352259198
1.1363577689703
1.1383038038934
1.1404318656915
1.1425879443012
1.1447723479662
1.1469854270453
1.1494100133322
1.1518687993124
1.1543621229924
1.1568903992904
1.1594235929725
1.1619915255473
1.1645944693152
1.1672328136316
1.1697053768479
1.1722086549872
1.1747428325546
1.177308193863
1.179788163177
1.1822969038248
1.1848345600418
1.1874013402378
1.1901051518361
1.1928408413717
1.1956085498806
1.1984084760018
1.2014516942409
1.204532383225
1.2076506820177
1.2108068136579
1.2140511961891
1.2173348564391
1.2206578962029
1.2240205448922
1.227243187007
1.2305015379603
1.2337956537911
1.2371257194074
1.2403113778312
1.2435293422101
1.2467796466893
1.2500624164879
1.2534157696544
1.2568023972233
1.2602223215456
1.2636756376631
1.2673826081585
1.2711273359795
1.2749098249273
1.2787301672994
1.2827274478739
1.2867653304802
1.2908437858314
1.2949629154484
1.2989970580671
1.3030693924208
1.3071798628071
1.3113285645889
1.3152824830399
1.3192704124669
1.3232922938955
1.3273481874353
1.3313835918307
1.3354519996458
1.3395533480022
1.3436876628989
1.348050855159
1.3524500296295
1.3568851014216
1.3613560777614
1.366085935327
1.3708551211778
1.3756635139161
1.3805111203001
1.3853655912076
1.390258510451
1.3951897329363
1.4001592775
1.4049126376346
1.4097002821759
1.414522074417
1.4193780244435
1.4241058297331
1.4288653284482
1.4336563951702
1.4384790121648
1.4434603525711
1.44847465261
1.453521772216
1.4586016679067
1.4639950043521
1.4694244825201
1.4748899241523
1.4803912730272
1.4860227563376
1.4916909999663
1.4973957948916
1.503137098274
1.5086918510693
1.5142799794355
1.5199012833031
1.5255557337159
1.5309776140312
1.5364292826056
1.541910565822
1.5474214202763
1.5529737320303
1.5585554078688
1.5641662747364
1.5698062633236
1.5757636420127
1.5817527891433
1.5877734982736
1.5938256782106
1.6001410908447
1.6064899615757
1.6128720440314
1.6192872506228
1.6256114201811
1.6319669884933
1.6383537073892
1.6447715161432
1.6508860414409
1.6570281031266
1.6631974879412
1.669394138865
1.6754793118318
1.6815901685942
1.6877265156193
1.6938882748837
1.7003026260527
1.7067438790198
1.7132118193419
1.719706343048
1.7265718652067
1.733466369184
1.7403895961645
1.7473414324261
1.7543602440378
1.7614074614165
1.7684828061321
1.7755861911962
1.782384552864
1.7892079208192
1.7960560481791
1.8029288710068
1.8095289965358
1.8161513180393
1.8227956264329
1.8294618462555
1.8362419281097
1.8430441165374
1.8498682003459
1.8567140783712
1.8639741766411
1.8712581573188
1.8785657690638
1.8858968902768
1.8934862397826
1.9011000868895
1.9087381431995
1.9164003021765
1.9238522011746
1.9313262352249
1.9388221310774
1.9463398196714
1.9534578707112
1.9605948986059
1.9677506786541
1.9749251449971
1.9820146992508
1.9891219988988
1.9962468393329
2.0033891320022
2.0108939482606
2.0184174979877
2.0259595497018
2.0335199889502
2.0415108349671
2.0495216049215
2.0575520205661
2.0656019658224
2.0736355897003
2.0816880303442
2.0897589997769
2.0978484221821
2.10549660506
2.113160731355
2.1208405589691
2.128536034904
2.1359234284418
2.1433247784307
2.1507398841595
2.1581686756673
2.1658029944357
2.1734513104573
2.1811134163399
2.1887892147924
2.1969888696528
2.205203623534
2.2134332241919
2.2216775584035
2.2301629123985
2.2386632891899
2.247178402614
2.255708168677
2.2638842676751
2.2720732861517
2.280274965247
2.2884892634254
2.2962036614116
2.3039287426066
2.3116643037517
2.3194102975103
2.3271158836388
2.3348313952437
2.3425566463487
2.3502915622789
2.3585192696301
2.3667574738971
2.3750059571565
2.3832646204134
2.3920128934441
2.4007720726879
2.4095418920048
2.4183222622812
2.4269782542999
2.4356439746383
2.4443191547507
2.4530037580125
2.4610964468671
2.4691968745782
2.4773048279278
2.4854202845779
2.4932051091311
2.5009964733806
2.5087942052648
2.5165982558349
2.5247231534191
2.5328545348995
2.540992216826
2.5491361218785
2.5579246402815
2.5667199692513
2.5755218770835
2.5843302779425
2.5882743045095
2.5922196560785
2.596166984912
2.6001170517132
2.6040702394624
2.6080263218295
2.6119852333201
2.6159469170209
2.6219539340321
2.6279669020432
2.6339855586899
2.6400096763246
2.6478419187086
2.6556823944524
2.6635305594411
2.6713859042717
2.6824030088429
2.6934317583534
2.7044707617788
2.7155187197673
2.7255449320436
2.7355764260908
2.7456122266426
2.7556515001293
2.7656934579163
2.7757370059174
2.7857811920813
2.7958253755875
2.804706299778
2.8135858673879
2.8224634285162
2.8313386797297
2.8388208738443
2.8463006367855
2.8537776253866
2.8612516330628
2.8686347484468
2.8760143359576
2.8833901005237
2.8907618037824
2.8994676963067
2.9081670646843
2.916859455131
2.9255444800803
2.9357922211742
2.9460283629304
2.9562521872786
2.966463161493
2.9763652255354
2.9862538596247
2.9961283746491
3.0059885263724
3.0138747751665
3.0217510494299
3.0296170108132
3.0374725893568
3.0441794295873
3.0508782762515
3.0575689593276
3.0642513734681
3.0716536873635
3.0790454170868
3.0864263516523
3.0937963183519
3.1030822903715
3.1123500676183
3.1215992500831
3.1308295176103
3.141197467455
3.1515403923997
3.1618577077773
3.1721491420425
3.1789037726619
3.1856468034585
3.1923780856472
3.1990975545029
3.205805125029
3.2125006123786
3.2191838876836
3.2258548521944
3.234436978754
3.242998179329
3.2515381948319
3.2600568201533
3.2702118857712
3.2803355924274
3.2904274902962
3.3004873673523
3.3072230872265
3.3139440471277
3.3206501221979
3.3273412670556
3.3340174184861
3.340678415737
3.3473241519635
3.3539545539673
3.3622296067352
3.370480295945
3.3787064254924
3.3869078591391
3.3963337435458
3.405726246135
3.415085052893
3.4244100723941
3.4308872866195
3.43734785047
3.4437916681447
3.4502187221159
3.4566289772262
3.4630223008582
3.4693986135828
3.4757578700818
3.4835808102817
3.4913775333429
3.4991479002936
3.5068918299488
3.5157275190627
3.5245281558239
3.5332935173475
3.5420235793181
3.5482555553903
3.5544692310939
3.5606645330964
3.5668414642582
3.5730000106394
3.5791400615998
3.5852615586301
3.5913644786016
3.5987465496508
3.6061010827482
3.6134279812655
3.6207272063804
3.628949855877
3.6371368452385
3.6452880200428
3.6534034067173
3.6607474667667
3.6680617187184
3.6753460111249
3.6826004885429
3.6884489495066
3.6942777339488
3.7000867799632
3.705876151048
3.7112420839001
3.7165909271331
3.7219226507387
3.7272372626122
3.7334227585173
3.7395848390563
3.7457234645581
3.7518386310932
3.7592200466476
3.7665668729542
3.7738790377093
3.781156565261
3.7885140757728
3.7958356811984
3.8031212674403
3.8103709875293
3.8163309173022
3.8222662494263
3.8281769100932
3.8340630376642
3.8389883946751
3.843896376091
3.8487869624575
3.853660192091
3.8588044291172
3.8639291546315
3.869034356012
3.8741200490458
3.8803678703086
3.8865859641132
3.8927743103616
3.898932939161
3.9058814335088
3.9127916506367
3.9196635403496
3.9264972238689
3.9313735227163
3.9362301404704
3.9410670638825
3.9458843441803
3.9506820176581
3.9554600378861
3.9602184022897
3.9649571375281
3.9706940060979
3.9764018424633
3.982080645045
3.9877304601254
3.9940954245408
4.0004231886405
4.0067137318611
4.0129671856707
4.0186234465356
4.0242489732421
4.0298437157355
4.0354078749902
4.0398916056805
4.0443552383629
4.0487987600754
4.0532222649055
4.057317452781
4.0613953344366
4.0654559151173
4.0694992324566
4.0741946981993
4.0788666926361
4.0835152291305
4.0881403514292
4.0937067208327
4.0992388434582
4.1047367376718
4.1102005039319
4.1157126871027
4.1211897194443
4.1266315837196
4.13203848822
4.1364878380903
4.1409132124614
4.1453145916056
4.1496921352224
4.1533617852976
4.157014515406
4.1606503333429
4.1642692965921
4.1680848624566
4.1718815433448
4.1756593565178
4.1794183438458
4.1840177440963
4.1885887089109
4.1931312713268
4.1976455077178
4.2027163081167
4.2077509711703
4.2127495232442
4.2177121371832
4.2221350468699
4.2265290408354
4.2308941034561
4.2352304544829
4.2386893768072
4.2421298113675
4.2455517635056
4.2489553305821
4.2521250906753
4.2552787648156
4.2584163706816
4.2615379529922
4.2652081477394
4.2688560046454
4.2724815563055
4.2760848620902
4.2804335156888
4.2847494313303
4.2890326601115
4.2932833305011
4.2975287179795
4.3017412124766
4.3059208283456
4.3100677954991
4.3134361442701
4.3167826607412
4.3201073441939
4.3234103548462
4.3261751633667
4.3289246230918
4.3316587513368
4.3343776072914
4.3372748386552
4.3401545771762
4.3430168504841
4.3458617075167
4.3493650472481
4.3528417112202
4.3562917516552
4.3597152604458
4.3635446670345
4.3673404595233
4.3711026899629
4.3748315502297
4.3774516095582
4.3800549858684
4.3826417005852
4.385211824805
4.3877654174678
4.3903024736917
4.3928230220915
4.3953271126122
4.3983805069727
4.4014091718203
4.4044131602579
4.4073925607936
4.4107653391969
4.4141061890079
4.4174151703853
4.4206924637296
4.4236396338725
4.426560780421
4.429455915147
4.4323252579457
4.4346057312233
4.4368696738739
4.4391171016931
4.4413481167974
4.4433947493426
4.4454274153584
4.4474461391731
4.4494509695009
4.4517851040006
4.4541001998089
4.4563962988111
4.4586734653155
4.4614295864171
4.4641575962396
4.4668575644471
4.4695296232969
4.4722271375134
4.4748957322156
4.4775354476604
4.4801465077411
4.4822734825457
4.4843811052706
4.4864693872652
4.4885384890185
4.4902491375717
4.4919464846304
4.4936305522163
4.4953014016006
4.4970535695356
4.4987910229331
4.5005137934532
4.5022219311825
4.5043190247017
4.506393748392
4.5084461618822
4.5104763570583
4.5127668991597
4.5150286470282
4.5172616696797
4.5194661512866
4.5210228729121
4.5225651030824
4.5240928685007
4.5256062394561
4.5271052757174
4.5285899803156
4.5300603858332
4.5315165444682
4.5332700787182
4.535002610693
4.5367141986311
4.5384049329082
4.5402954518747
4.5421593553507
4.5439967109784
4.5458076904368
4.5474305705643
4.5490317652548
4.5506112978759
4.5521693652325
4.5534136841209
4.5546440057677
4.5558603505616
4.5570628124162
4.5581682542694
4.5592617463011
4.5603433147791
4.5614130079313
4.5626477209299
4.5638663092797
4.5650688168805
4.5662553080472
4.5676724747253
4.5690662402554
4.5704366762508
4.571783910161
4.5731290302125
4.574450336708
4.5757478756054
4.5770218500982
4.5780565706449
4.5790752670202
4.5800779561452
4.5810647807657
4.581881657939
4.5826873755959
4.5834819567181
4.5842654585395
4.5850833821543
4.5858889350147
4.5866821491516
4.587463073212
4.5884096723018
4.5893376766414
4.5902471453359
4.5911381666308
4.5921270213107
4.5930922780715
4.5940340053661
4.5949523731107
4.5955963056987
4.5962282989545
4.5968483793691
4.5974566118824
4.5980530520959
4.5986377054721
4.5992106035291
4.5997717950529
4.6004387649056
4.6010885178658
4.601721109916
4.6023366251167
4.6030138671146
4.6036693105545
4.6043030215974
4.6049151572582
4.6054534132412
4.6059739070927
4.6064766640586
4.6069618619338
4.6073414944656
4.6077096832397
4.6080664483836
4.6084118751189
4.6087225180026
4.609023430921
4.609314638618
4.609596185215
4.6099126636027
4.6102160561739
4.6105064039111
4.6107837656511
4.6111029018349
4.6114030595043
4.6116843057255
4.6119467562372
4.6121946372789
4.6124231870013
4.6126324499827
4.6128226089652
4.6129654588597
4.6130953162993
4.6132121980416
4.6133162324888
4.6133936793971
4.6134621193618
4.6135215736179
4.6135720937718
4.6136158549946
4.6136496772496
4.6136735897587
4.6136876363125
4.6136914323879
4.6136803039243
4.6136543047723
4.6136135141398
4.6135492861637
4.6134660843706
4.6133639718601
4.6132431004963
4.6131449910131
4.6130372972287
4.6129200433431
4.6127932873982
4.6126570792038
4.6125114243474
4.6123563513571
4.612191904013
4.6119794133789
4.6117531638125
4.6115132057393
4.6112596143575
4.6109559184668
4.6106348540358
4.6102964805717
4.6099409375894
4.6096027335932
4.6092504054141
4.608883976073
4.6085036027202
4.608185775742
4.6078588580426
4.6075228676917
4.6071778800332
4.6068494408919
4.6065132800498
4.6061694195242
4.6058178984172
4.6053979675593
4.6049676698951
4.60452704178
4.6040761353051
4.6035154961937
4.6029398537005
4.60234926713
4.6017438386789
4.6011127735087
4.6004664581053
4.5998049317093
4.5991283554103
4.5985580668435
4.5979775493239
4.5973868174736
4.596785984382
4.5962742142525
4.5957553661085
4.5952294585381
4.5946965369009
4.5941252450448
4.5935461545013
4.5929592908299
4.5923646924192
4.5916201543878
4.5908639215321
4.5900960408674
4.5893165817255
4.5884162948643
4.5875011613461
4.5865712359715
4.5856266518497
4.5849409088325
4.5842476881905
4.5835470108628
4.5828389276237
4.582123481973
4.5814006784042
4.5806705416316
4.5799331097973
4.5790265712409
4.5781093283391
4.5771814247172
4.5762429258109
4.5751665829698
4.5740767461466
4.5729734664755
4.5718568657233
4.5708298098169
4.569791804497
4.5687428688367
4.5676831405849
4.5668184408292
4.5659467140812
4.5650679755783
4.5641822911733
4.5633537236528
4.5625192018956
4.5616787447379
4.5608323860639
4.559836844317
4.5588333179937
4.5578218382136
4.5568024499365
4.5555547816408
4.5542955671405
4.5530248570558
4.5517427397941
4.5504262963973
4.5490981332858
4.5477582831416
4.5464068864656
4.5452820949921
4.5441494648907
4.5430090078154
4.5418608226853
4.5408924079172
4.5399185880238
4.5389393786672
4.5379548191522
4.5369077816651
4.5358548016015
4.5347959006134
4.533731111638
4.5324080232938
4.5310760304463
4.5297351729128
4.5283855101275
4.526839031018
4.5252812545897
4.5237122267751
4.5221320626358
4.5209938984248
4.5198500652196
4.5187005805321
4.5175454881987
4.5163848256286
4.5152185958081
4.5140468195624
4.512869529555
4.5114301045675
4.509982592023
4.5085270286416
4.5070634703849
4.5053949402794
4.5037162346569
4.5020273959858
4.5003285291822
4.4987750187091
4.4972132735169
4.4956433083052
4.4940652428097
4.4927838760353
4.4914972406766
4.4902053490425
4.4889082581723
4.4876993982391
4.4864860852491
4.4852683349101
4.4840461761982
4.4826133642439
4.481174589809
4.4797298789044
4.4782792697398
4.4765103153505
4.4747327523817
4.4729466229203
4.4711520024129
4.4693167219635
4.4674727232891
4.4656200324033
4.4637587707689
4.4622156507433
4.4606667182721
4.4591119819685
4.4575515277275
4.4562396578845
4.4549237940453
4.4536039490594
4.4522801566579
4.4508758655922
4.4494671937263
4.4480541590139
4.4466367893556
4.4448796823233
4.4431160212895
4.4413458392469
4.4395691864793
4.4375387363349
4.4354999862566
4.4334529736248
4.4313977969296
4.4299222292954
4.4284425138352
4.4269586648088
4.4254707197238
4.4239787104071
4.4224826382888
4.4209825205501
4.4194783848177
4.41764289418
4.4158015136567
4.4139542735133
4.4121012210032
4.4099934510726
4.4078782898848
4.4057557717771
4.4036259863247
4.4016832882728
4.3997346285005
4.3977800175259
4.3958195588736
4.3942313160808
4.3926392734356
4.3910434405097
4.3894438664297
4.3879556850929
4.3864643029375
4.3849697327995
4.3834719992242
4.3817185096951
4.3799607445991
4.3781987252683
4.3764324837978
4.3742818913509
4.372125141492
4.369962268483
4.3677933360579
4.3655792876535
4.3633590234662
4.3611325633535
4.3589000116844
4.3570527329958
4.3552013268772
4.3533457991383
4.3514862240352
4.3499255937985
4.3483621399216
4.3467958727107
4.3452268209259
4.3435644142577
4.3418989210363
4.3402303558876
4.3385587422131
4.3364886145317
4.3344138819653
4.3323345713592
4.3302507248176
4.3278720553062
4.3254875729549
4.3230973074167
4.320701342386
4.3189841952707
4.317264158106
4.3155412422385
4.313815479558
4.3120868969335
4.3103554943772
4.3086212858195
4.3068842944152
4.3047667198611
4.3026450714172
4.3005193735894
4.2983896658953
4.2959701299422
4.2935455028569
4.2911158117227
4.2886811324961
4.2864634349417
4.2842416503286
4.2820157854646
4.2797859294965
4.2779818121771
4.2761751033615
4.2743658102041
4.2725539748444
4.2708699695436
4.2691837921328
4.2674954529184
4.2658049725485
4.2638272774677
4.2618466928699
4.259863235965
4.2578769334697
4.2554604127546
4.2530397495672
4.2506149712709
4.2481861312846
4.2457093810903
4.2432284712501
4.2407434162209
4.2382543052748
4.2361972023
4.2341373533871
4.2320747619157
4.230009491865
4.2282780508723
4.2265447433614
4.2248095774225
4.22307257746
4.2212335612902
4.2193925161105
4.2175494536472
4.2157043933783
4.2134208498578
4.2111342949808
4.2088447502316
4.2065522505748
4.2039372902622
4.201318551657
4.19869605768
4.196069879057
4.1941898785688
4.1923080140471
4.1904242943138
4.1885387463532
4.186651392711
4.184762232194
4.1828712759138
4.1809785431344
4.1786724635607
4.1763637903138
4.1740525429063
4.1717387541228
4.1691120408675
4.1664821104967
4.1638489838308
4.1612127249352
4.1588135507458
4.1564118147307
4.1540075205504
4.1516007447499
4.1496551410305
4.1477079270897
4.1457591080196
4.1438087198596
4.1419970868593
4.140184116172
4.1383698159294
4.136554203404
4.1344311076262
4.1323062465585
4.1301796338653
4.1280512916139
4.1254633505121
4.1228729013116
4.1202799654493
4.1176845874056
4.1150398308538
4.1123925813502
4.1097428487715
4.1070907092158
4.1049005993367
4.1027088614345
4.1005154968624
4.0983205606149
4.0964816901
4.0946417261478
4.0928006749618
4.0909585571732
4.0890091850842
4.0870586375649
4.085106923867
4.0831540600927
4.0807380692402
4.0783203533498
4.0759009293272
4.0734798259952
4.070719515356
4.0679570687288
4.0651925033158
4.062425878613
4.0604468442909
4.0584667723593
4.0564856695015
4.0545035584624
4.0525204580631
4.0505363661358
4.048551291395
4.0465652497628
4.0441464648602
4.0417262773487
4.0393047024947
4.0368817673034
4.0341325574525
4.0313816375934
4.0286290232571
4.0258747682409
4.0233697406749
4.0208633764071
4.0183556765133
4.015846706575
4.0138196669432
4.0117918040607
4.0097631213019
4.0077336494191
4.0058493816292
4.0039644446272
4.0020788447083
4.0001925962498
3.9979876324947
3.9957818038189
3.9935751208871
3.9913676017952
3.9886844161856
3.9860000310434
3.9833144628039
3.9806277482876
3.9778912526392
3.9751535974737
3.9724147888752
3.9696748915369
3.9674135523006
3.9651514781467
3.9628886687883
3.9606251714128
3.9587297706671
3.9568338931509
3.954937543489
3.9530407390673
3.9510341794518
3.9490271247514
3.9470195821349
3.9450115648293
3.9425280858292
3.9400439067792
3.9375590407328
3.9350735112834
3.934989532908
3.9349055537892
3.9348215739278
3.9347375933246
3.9346536084281
3.934569609872
3.9344855928455
3.9344015577529
3.9343332262658
3.9342648836237
3.9341965298326
3.9341281648988
3.9337861733241
3.9334439043684
3.9331013592554
3.9327585393622
3.9317598046583
3.9307588063253
3.929755601436
3.9287502413986
3.9276954630774
3.9266384653275
3.9255793248269
3.924518115831
3.923095789447
3.9216700879318
3.9202411982508
3.9188093018623
3.9169160476578
3.9150183008847
3.9131164777943
3.9112109851569
3.9085877814669
3.9059594602685
3.9033270491884
3.9006915459345
3.8975208151187
3.8943487625234
3.8911770721092
3.8880073148495
3.8858798800173
3.8837545348154
3.8816317563663
3.8795119843807
3.8773956598536
3.8752832576904
3.8731752254684
3.8710719908458
3.8684552981782
3.8658475787634
3.8632496497393
3.8606622905037
3.8576262916939
3.8546073557765
3.8516067398504
3.8486255721588
3.8465728427328
3.8445304152149
3.8424986766747
3.8404779651829
3.838468623175
3.836471043432
3.834485583357
3.8325125744373
3.8301081277281
3.8277235867997
3.8253595661412
3.8230166360807
3.8203062971134
3.817626489091
3.814978129804
3.8123619868023
3.8105603767374
3.8087750908896
3.8070064128118
3.8052545678306
3.8035197890871
3.801802374049
3.800102578806
3.7984206300391
3.7963811644581
3.7943693886482
3.7923857365127
3.7904305934691
3.7881842851999
3.7859780574793
3.783812556643
3.7816882584669
3.780236626598
3.7788053874993
3.7773947365375
3.7760048032555
3.7746357280898
3.7732877275851
3.7719609720901
3.7706555999689
3.7690801666784
3.7675375895902
3.7660281529285
3.7645520885843
3.7628741151613
3.7612422585641
3.7596569417945
3.7581183988656
3.7570769775258
3.7560584622753
3.7550629774489
3.7540905749685
3.7531413203458
3.7522153654782
3.7513128119233
3.7504337270606
3.7493841367611
3.7483704012227
3.74739268393
3.7464510925189
3.7454020687486
3.7444023004793
3.7434520328445
3.7425513069488
3.7419525371507
3.741378042233
3.7408278910178
3.7403020740395
3.7398005977026
3.7393235640369
3.7388710209882
3.7384429800871
3.7379504394922
3.7374950485668
3.7370768762666
3.7366959321371
3.7363014395148
3.7359570045814
3.7356627354555
3.7354185247862
3.7352768292162
3.7351599215331
3.7350678276361
3.7350004897725
3.7349578679749
3.7349400264323
3.7349469717506
3.7349786716867
3.7350511839107
3.7351608280333
3.7353076010032
3.7354914367099
3.7357488980878
3.7360554711478
3.7364111625361
3.7368157555135
3.7371326689211
3.737474240594
3.7378404635371
3.7382312421644
3.7386465002652
3.7390862737708
3.739550537717
3.7400392256071
3.7406674303812
3.7413317735351
3.7420321988153
3.7427685831689
3.7436552557289
3.7445888582064
3.7455693252201
3.7465963631122
3.7473638758666
3.7481554253974
3.7489709798169
3.7498104140953
3.7506736238828
3.7515606244846
3.7524713671681
3.753405758761
3.7545677867253
3.7557642574966
3.7569950769404
3.7582600803517
3.7597397703685
3.7612633952816
3.7628308410966
3.7644417630829
3.7659473540787
3.7674888948646
3.7690663592632
3.7706793054649
3.7719961165053
3.7733356187016
3.7746977787514
3.7760823821382
3.7773717932052
3.778679991917
3.7800069260738
3.781352492752
3.7829492559452
3.7845713185539
3.7862185882634
3.7878909286138
3.7899913625952
3.7921297353964
3.7943058791717
3.7965195040381
3.7988566033611
3.8012337527474
3.8036508373841
3.8061073297459
3.8081436947766
3.8102062544368
3.8122949823002
3.8144094741321
3.8161421045724
3.8178915879942
3.8196578725256
3.8214408133561
3.8233127056463
3.8252024777569
3.8271100566058
3.8290353319226
3.8314847607089
3.8339619771148
3.8364668329843
3.8389991196742
3.8420315028357
3.8451018740567
3.8482100271903
3.8513555081424
3.8535852497889
3.8558332086495
3.8580993119689
3.8603833880276
3.8626852884198
3.8650049941129
3.8673424185117
3.8696974287383
3.8725886311301
3.8755056121415
3.8784482156291
3.8814162083671
3.8848064470441
3.8882288101066
3.8916831126743
3.8951689121562
3.8983475117164
3.9015516108009
3.9047811434233
3.9080356040423
3.9106661650944
3.9133126906107
3.915975126102
3.9186532342394
3.9211518049131
3.9236637421959
3.9261889776474
3.9287273899446
3.9317272723769
3.9347451337651
3.9377808578215
3.940834279327
3.9445959970851
3.9483838470169
3.95219763252
3.9560370175947
3.9599831847121
3.9639556685227
3.9679543433202
3.9719786520813
3.9752873770564
3.9786130962194
3.9819557714098
3.9853150074689
3.9881056738246
3.9909075788776
3.9937206649414
3.9965447836654
3.9995410700681
4.0025495235922
4.0055700636035
4.0086025684845
4.0124087601633
4.0162333442208
4.0200761659148
4.0239369990248
4.0284179509577
4.0329225035931
4.0374504700506
4.0420013870158
4.0452164087899
4.0484426346082
4.0516799976616
4.054928327215
4.0581874780281
4.0614574402737
4.0647381337581
4.0680294321095
4.0720748891604
4.0761359782023
4.0802125548099
4.0843043977333
4.0889835737111
4.0936821757707
4.0984000380687
4.1031367305396
4.1074430810098
4.111764664672
4.1161014372238
4.1204528915814
4.1239453671952
4.1274471687186
4.1309582539623
4.1344783881661
4.1377381516131
4.1410059801943
4.144285024708
4.1475788294914
4.151257535716
4.1549550999938
4.158670911446
4.1624046496561
4.165625063584
4.1688579293594
4.1721029144834
4.1753597453743
4.179145598278
4.1829464179436
4.1867617214042
4.1905910654636
4.1956208212743
4.2006727741744
4.205745906746
4.2108392940046
4.2167277080795
4.2226401511635
4.228575090793
4.2345314703557
4.2379882326038
4.2414513894154
4.2449206723249
4.2483958971741
4.2518768587139
4.2553632573108
4.258854848442
4.2623514115602
4.2671858227476
4.2720286413546
4.2768792588522
4.2817371150147
4.2879743449504
4.2942212606504
4.3004766181626
4.3067394675835
4.3105309315321
4.3143244272917
4.3181196980033
4.3219165661831
4.3257148370623
4.3295142240478
4.3333144940429
4.3371154440721
4.3420964688094
4.347077775249
4.3520588673326
4.3570393102876
4.3629590273475
4.3688763320426
4.3747903948114
4.3807006782604
4.3844698251776
4.3882368968102
4.3920016947411
4.3957640998853
4.3995239749082
4.4032810890855
4.4070352648083
4.4107863538816
4.4156354577966
4.4204787414739
4.4253158406822
4.430146447311
4.4358667240613
4.4415767767961
4.4472759957385
4.4529640180558
4.4567387640371
4.4605081281721
4.4642719450707
4.4680301267347
4.4717825678671
4.4755290696826
4.4792694856987
4.483003701039
4.4877066479415
4.4923992203444
4.4970811398224
4.5017521855755
4.5071560628244
4.5125445225811
4.5179171226795
4.5232736415735
4.526969858484
4.5306580337188
4.534338032695
4.5380097969299
4.5416732511493
4.5453282261973
4.5489746046503
4.55261230216
4.5571008559185
4.561575741457
4.5660367487438
4.5704837249377
4.5755568655926
4.580611044423
4.5856459364693
4.5906614133705
4.594236523874
4.5978014299098
4.6013560225909
4.6049002675358
4.6084341142509
4.6119574184065
4.6154700866749
4.6189720603007
4.6232119976403
4.6274358653678
4.6316435058886
4.6358348186752
4.6405533412514
4.6452505783648
4.649926291398
4.6545804191965
4.6587895585547
4.6629805054711
4.6671530496265
4.6713072674674
4.6746604921579
4.6780014569018
4.6813300688614
4.6846463565779
4.6877250059664
4.6907928289953
4.6938497704584
4.6968958124247
4.7004382301662
4.7039656445661
4.7074779768042
4.7109751838056
4.7151812784452
4.7193650431395
4.7235263392076
4.7276651241975
4.7318336757128
4.7359788465833
4.7401004590311
4.7441985928422
4.7475726340057
4.7509303769215
4.7542717142121
4.7575967396129
4.7603929734824
4.7631774549988
4.7659501432937
4.7687110535408
4.7716297651679
4.7745351195799
4.7774270786883
4.7803056329658
4.7838248188961
4.78732364459
4.7908020440224
4.7942600022506
4.7981303346189
4.8019745582836
4.805792560712
4.8095843977987
4.8129583298684
4.8163110919828
4.8196425701989
4.8229529119924
4.82560285126
4.8282389784935
4.8308612515281
4.8334697297378
4.8359113318933
4.8383406727019
4.8407577329928
4.8431625244523
4.8459903866608
4.8488010465285
4.8515944781597
4.8543706872134
4.85770478234
4.8610136177341
4.8642971430955
4.8675553987157
4.8707915286048
4.8740022273278
4.8771874076884
4.8803472230229
4.8829176638904
4.8854709707647
4.8880070901465
4.8905261425199
4.8926504279934
4.8947623781908
4.8968619809279
4.8989492704225
4.9011822879867
4.9034010232606
4.905605469152
4.9077956434396
4.9104804870111
4.9131435539116
4.9157848324595
4.9184043582828
4.9213069604079
4.9241823448027
4.9270304732573
4.9298514673289
4.9323253906521
4.9347779952725
4.9372092232974
4.9396192516537
4.9415409243572
4.9434488557532
4.9453430317838
4.9472235237515
4.949000003661
4.9507640902026
4.9525157843119
4.9542551132711
4.9563150523958
4.9583573867452
4.9603821217255
4.9623892913208
4.9647881963946
4.9671615410698
4.969509327392
4.9718316434108
4.9741050732788
4.9763535434667
4.9785770187728
4.9807756878929
4.9825453544824
4.9842985805061
4.9860353430928
4.9877557702976
4.9892110327252
4.990654391303
4.9920858496606
4.9935054504947
4.9950387162508
4.9965579256652
4.9980630896626
4.9995542411932
5.0013821899061
5.0031886766642
5.0049737220298
5.0067373907361
5.0086696377968
5.0105756062958
5.012455300594
5.0143088767223
5.0159105225119
5.0174921384206
5.0190536983238
5.020595387882
5.0218186518852
5.0230290999455
5.0242267334996
5.0254116266097
5.0265384923333
5.0276536071532
5.0287569832176
5.0298486554608
5.0311468063994
5.0324280567622
5.0336924302147
5.0349399764425
5.0364206797931
5.0378770366626
5.039309079234
5.0407169213185
5.0420732030118
5.0434062888444
5.0447161725057
5.0460030566834
5.04702544944
5.0480328442428
5.0490252352052
5.0500027488094
5.0508289302416
5.051644190824
5.0524485425913
5.0532420308881
5.0541032895846
5.0549514146647
5.0557864270897
5.0566083674198
5.0576117889304
5.0585950943866
5.0595583226347
5.0605015536949
5.0615190507998
5.0625123000064
5.0634813289758
5.0644263092093
5.0652266412098
5.0660089058808
5.0667730944907
5.0675193908148
5.0681045799974
5.0686782874913
5.0692405228387
5.0697913582017
5.0703144023651
5.0708267688362
5.0713284755271
5.071819560207
5.0724006144086
5.0729661269248
5.0735161312636
5.0740506846007
5.0746738144037
5.0752746567701
5.0758532600291
5.0764097496448
5.0769296139202
5.0774286573432
5.0779068887785
5.0783645125882
5.078716800122
5.0790558432193
5.0793816449303
5.0796943257639
5.0799527674927
5.0802015299198
5.080440629042
5.0806701095866
5.0809138543166
5.0811457732839
5.0813658923481
5.0815742548444
5.081817693816
5.082042942345
5.0822500484713
5.0824390984301
5.0826260846146
5.082791391774
5.082935059086
5.0830572616598
5.0831289480193
5.083190509018
5.0832419610767
5.0832833612471
5.0833147559937
5.0833361407034
5.0833475377266
5.0833489846702
5.083336691686
5.0833086804539
5.0832649953945
5.083205707163
5.083116787757
5.0830066980077
5.0828754908461
5.082723322385
5.0826034838164
5.0824732641524
5.0823326828971
5.0821817989335
5.0820206616917
5.0818492692535
5.0816676464328
5.0814758359358
5.0812282246846
5.0809655521993
5.0806878628973
5.0803952311203
5.080046544898
5.0796788801327
5.0792922849515
5.0788869049306
5.0785038888948
5.0781055436357
5.077691879923
5.0772630679901
5.0769055722829
5.0765382069844
5.076160985574
5.0757739876868
5.0754041904429
5.0750259193849
5.0746391944315
5.0742440553634
5.0737703268284
5.0732851073375
5.0727884307515
5.0722803498023
5.0716495794135
5.0710021792651
5.0703382033017
5.0696577578517
5.0689524765977
5.0682304249664
5.067491631874
5.0667362723332
5.0661015289841
5.0654555714101
5.0647984081883
5.0641301619337
5.0635590381311
5.0629800842664
5.0623933173755
5.0617987852625
5.0611578693459
5.0605082136631
5.0598498429596
5.0591827972132
5.0583471869913
5.0574984363325
5.056636590814
5.055761723254
5.054756279636
5.0537342841487
5.0526957860334
5.0516409295558
5.050877711867
5.0501061952363
5.0493263989574
5.0485383775785
5.0477421770274
5.046937797434
5.0461252627717
5.0453046125889
5.0442920993741
5.0432675806112
5.0422310992476
5.041182723686
5.0399765658207
5.0387551501561
5.0375185255481
5.0362668247692
5.0351159406732
5.0339526619018
5.0327770019392
5.031589117107
5.0306230378522
5.0296490437382
5.0286671481541
5.027677424892
5.0267534999272
5.0258228886323
5.0248856097061
5.0239416994569
5.0228296471931
5.0217085886864
5.0205785553513
5.0194395947616
5.0180418731796
5.0166310397465
5.0152071455324
5.0137702860516
5.0122928908884
5.0108021278818
5.0092980267842
5.0077807456727
5.0065193363198
5.0052489927514
5.0039697236473
5.0026816419237
5.0015975766643
5.0005073701902
4.9994110381722
4.9983086242304
4.9971367248788
4.9959580721808
4.9947726884517
4.993580609236
4.9920971724007
4.990603574627
4.9890998572133
4.9875860844753
4.9858486903144
4.9840983443812
4.9823350931472
4.9805590646352
4.9792807262135
4.9779958889242
4.9767045706577
4.9754068203426
4.9741026793633
4.9727921485696
4.9714752498508
4.9701520190759
4.9685338388288
4.9669063628226
4.9652696297401
4.9636237010448
4.9617476665507
4.9598599269282
4.9579605257661
4.9560495804425
4.9543023586255
4.9525456538125
4.9507794787552
4.9490039698206
4.947561613168
4.9461131766947
4.9446586726274
4.9431981657748
4.9418360532991
4.9404687903173
4.9390963935822
4.9377188955016
4.9361037044367
4.934481608773
4.9328526364625
4.9312168299124
4.9292230135281
4.9272192277722
4.9252055175031
4.9231819670958
4.921113840149
4.9190356167731
4.9169473228427
4.9148490965758
4.9131089175556
4.9113619945811
4.9096083353858
4.9078480382608
4.9063664393928
4.9048801913141
4.9033893077816
4.9018938270995
4.9003062860537
4.898713634248
4.8971158912748
4.8955130885025
4.8935270062207
4.8915332781499
4.8895319402591
4.8875230490544
4.8852297345238
4.882926748401
4.8806141304474
4.8782919926037
4.8766236201932
4.874950402385
4.8732723545337
4.8715895194114
4.869901933106
4.8682095958945
4.8665125266317
4.8648107564882
4.8627339630432
4.8606502752468
4.8585597263576
4.8564623696615
4.8540763409743
4.8516816486775
4.8492783299299
4.8468664869153
4.8446658519114
4.8424582167783
4.8402435916137
4.8380220959356
4.8362218007833
4.8344170365789
4.8326078134351
4.8307941880536
4.829106697991
4.8274154395566
4.8257204269734
4.8240216882766
4.8220331399409
4.8200395552141
4.8180409578361
4.8160373842512
4.8135982213484
4.8111518007894
4.8086981605349
4.8062373732816
4.8037253298493
4.8012059513088
4.7986792587177
4.7961453724532
4.7940478246966
4.7919453965476
4.7898380936563
4.787726002082
4.7859525542319
4.784175761137
4.7823956342482
4.7806122067531
4.7787225597494
4.7768292525892
4.7749323017148
4.7730317339305
4.7706788155462
4.7683204350852
4.7659566227135
4.763587426616
4.7608840118169
4.758173699566
4.7554565227251
4.752732577749
4.7507788853572
4.748821754454
4.746861197716
4.7448972520181
4.742929948334
4.7409592860115
4.7389852807975
4.7370079593201
4.7345979731793
4.7321831326156
4.7297634653312
4.7273390167273
4.7245850191242
4.7218249497839
4.7190588390094
4.7162867745716
4.7137610990129
4.7112305406808
4.7086951065553
4.7061549002738
4.7040985779025
4.7020391526155
4.6999766323134
4.6979110660271
4.6959906902317
4.6940677095424
4.6921421356879
4.690213992591
4.6879587537997
4.6857000478944
4.6834378945055
4.6811723244822
4.6784170286409
4.6756567600767
4.6728915498944
4.6701214598926
4.6672970321174
4.6644676054118
4.661633195751
4.6587939069447
4.6564463313882
4.6540954484521
4.6517412616217
4.6493838454727
4.647406266881
4.6454264345617
4.6434443577443
4.6414600648546
4.639358996586
4.637255475045
4.6351495137042
4.6330411351818
4.6304326618985
4.6278205458735
4.6252048117709
4.622585500163
4.6195990812519
4.6166080892101
4.6136125501197
4.6106125462898
4.6084634961923
4.6063121832978
4.6041586177053
4.6020028308915
4.5998448491155
4.5976846706999
4.5955223084528
4.5933577847865
4.5907210455062
4.5880811497873
4.5854381201224
4.5827919946314
4.5797882130944
4.5767805104064
4.5737689104411
4.5707534878928
4.5680086162651
4.5652606151448
4.5625094884612
4.5597553257149
4.5575280310454
4.5552987642858
4.5530675312362
4.5508343740773
4.5487597446656
4.5466834735317
4.544605570096
4.5425260545452
4.5400947934136
4.5376613628858
4.5352257788105
4.5327880669365
4.529824614366
4.5268580748799
4.5238884733029
4.5209158615732
4.5178867500685
4.5148545634865
4.5118193131064
4.5087810879574
4.5062712916701
4.5037594811908
4.5012456579687
4.4987298864186
4.4966213949637
4.4945115463918
4.4924003479125
4.4902878237054
4.488052221269
4.4858151565151
4.4835766402297
4.4813366912703
4.4785662128223
4.4757935841583
4.4730188249817
4.4702419690335
4.4670768431769
4.4639090483791
4.4607386046238
4.4575655816082
4.4552947317437
4.4530225798349
4.4507491336734
4.448474419944
4.4461984607201
4.4439212533878
4.4416428081348
4.4393631436341
4.4365871621572
4.4338094099629
4.4310299049008
4.428248678633
4.4250931290491
4.421935412606
4.4187755474458
4.4156135966719
4.4127372786334
4.4098592590742
4.4069795392209
4.4040981960366
4.4017696175192
4.3994399856799
4.3971093044687
4.3947776100099
4.3926124496713
4.39044642873
4.3882795545764
4.3861118441127
4.3835781749272
4.3810433884079
4.3785074970789
4.3759705222116
4.3728873884757
4.369802696783
4.366716466434
4.3636287407026
4.3604838406639
4.3573374244825
4.3541894993296
4.3510401411948
4.3484402127432
4.345839315804
4.3432374500762
4.3406346709942
4.3384545358721
4.3362737667398
4.3340923690515
4.3319103632655
4.3296020223493
4.3272930172731
4.3249833564894
4.3226730555811
4.319816194707
4.3169583858612
4.3140996444344
4.3112399982217
4.3079814267485
4.3047217205825
4.3014608944127
4.2981990069053
4.2958661451291
4.2935327533873
4.291198837479
4.2888644199073
4.2865295190988
4.2841941316572
4.2818582655044
4.2795219360622
4.2766776534691
4.2738327120225
4.2709871255611
4.2681409201366
4.2649127615216
4.2616838423603
4.2584541758733
4.2552238150634
4.2522866979166
4.2493490221838
4.2464107868239
4.2434720578323
4.2410983121771
4.2387242472281
4.2363498653671
4.2339751974379
4.231770928649
4.2295664225211
4.2273616847062
4.225156729264
4.2225800538505
4.220003100149
4.2174258778348
4.2148484043157
4.2117167635137
4.2085847835195
4.2054524789124
4.2023198854741
4.1991303914657
4.1959406226686
4.1927505828033
4.189560336502
4.1869279054524
4.184295337102
4.1816626297119
4.1790298308785
4.1768255307224
4.1746211702501
4.1724167534301
4.1702122974999
4.1678808257695
4.1655493224923
4.1632177941368
4.1608862534749
4.1580036141124
4.1551209792815
4.1522383607078
4.1493557810836
4.1460717678926
4.1427878348749
4.1395039922567
4.1362202891711
4.1338729905772
4.1315257720242
4.1291786376344
4.1268316063028
4.1244846933201
4.1221378946817
4.1197912163928
4.1174446710905
4.1145885198704
4.1117325867431
4.1088768821559
4.1060214273588
4.1027836669231
4.0995462540673
4.0963091978885
4.0930725426858
4.0901307832388
4.0871893644634
4.084248283494
4.0813075967926
4.0789331488983
4.0765589582223
4.0741850258556
4.0718113780687
4.0696086386872
4.0674061508046
4.0652039186138
4.0630019537417
4.0604292025945
4.0578568307602
4.0552848455186
4.0527132609879
4.0495893806175
4.0464661155428
4.0433434763871
4.0402214925299
4.0370436848642
4.0338665734546
4.0306901592064
4.0275144969326
4.0267851204929
4.0260557835522
4.0253264864501
4.0245972295158
4.0241870603363
4.023776904007
4.0233667605755
4.022956630088
4.0228395854242
4.0227225418193
4.0226054992744
4.0224884577905
4.0224526077281
4.0224167577654
4.0223809079024
4.0223450581392
4.022309207978
4.0222733561067
4.022237501851
4.0222016452664
4.0221700362638
4.0221384255796
4.0221068132142
4.0220751991679
4.0219171037326
4.0217589663242
4.0216007869925
4.0214425657937
4.0206508335152
4.0198580666415
4.0190642787414
4.0182694837952
4.0171474424754
4.0160234868273
4.0148976744707
4.0137700603061
4.0124135853911
4.0110547053807
4.0096935288949
4.0083301610796
4.0065371537201
4.0047408006225
4.0029413459086
4.0011390275795
3.9986955876872
3.996247929551
3.9937966354225
3.9913422741132
3.9880457105922
3.9847459986686
3.9814444698643
3.9781424071236
3.9745641090823
3.9709883176842
3.967416638024
3.963850514458
3.961608775699
3.9593702332836
3.9571352587944
3.9549041886604
3.9526773632833
3.9504551556042
3.9482379141267
3.9460259735266
3.9430835734963
3.9401520044168
3.9372320455862
3.9343244465626
3.930643928068
3.926986159476
3.923352639584
3.9197447326743
3.9174343348087
3.9151355436959
3.9128487302396
3.9105742194139
3.9083123401912
3.9060634678618
3.9038279445956
3.9016060887833
3.8988401461878
3.8960968436272
3.89337680709
3.8906806183337
3.8875375629283
3.8844293625291
3.8813569737261
3.8783211838929
3.8763284395696
3.874352455557
3.8723934862469
3.8704517301349
3.8685273943566
3.8666207467924
3.8647320162601
3.8628614064134
3.8605220926178
3.8582125388028
3.8559331683831
3.853684361007
3.8510237946838
3.8484086049453
3.8458394768281
3.8433169134144
3.8416732128357
3.8400503788639
3.8384485898119
3.8368679610546
3.8353086190515
3.8337707620472
3.8322545445455
3.8307600925899
3.8289113665359
3.8270975894691
3.8253190364777
3.8235759333495
3.8215565445241
3.8195877247441
3.8176699046389
3.8158033114933
3.8145866330471
3.8133930517617
3.8122226787455
3.811075555288
3.8099517365829
3.8088513599784
3.8077745148025
3.8067212599444
3.805430168797
3.8041766772236
3.8029609373608
3.8017830492205
3.8004394173618
3.7991491184225
3.7979123931348
3.7967292660331
3.7959633905782
3.7952219453491
3.7945049900772
3.793812508739
3.7931445013601
3.7925010594029
3.7918822224539
3.7912879971287
3.7905787787792
3.7899082449929
3.7892764536955
3.7886834066583
3.7880371500963
3.7874443454197
3.7869050893984
3.7864192519131
3.7861185640529
3.7858427724649
3.7855918967084
3.7853658749734
3.7851646634011
3.7849883183495
3.7848368406034
3.7847101953442
3.7845872313544
3.7845026969936
3.7844565789506
3.7844488039465
3.784487937783
3.7845790033023
3.784721993295
3.7849166673241
3.7850816429007
3.7852713881107
3.7854858915489
3.7857250552829
3.7859888008888
3.7862771584204
3.786590098854
3.7869275546151
3.7873778818182
3.7878654530583
3.7883902029556
3.7889520021077
3.7896467494115
3.7903907221464
3.7911838410975
3.7920257903077
3.7926480544888
3.7932944771267
3.7939650232407
3.7946595665451
3.7953780015538
3.7961203390702
3.7968865274878
3.7976764734992
3.7986752941676
3.7997094979092
3.8007789826776
3.8018835783672
3.8031920501381
3.8045463237121
3.8059462724454
3.8073915318115
3.8084554492034
3.8095425421338
3.8106527580746
3.8117859488173
3.8129419879969
3.8141208728789
3.8153225351837
3.8165468616237
3.8180613172091
3.8196088418214
3.8211893089402
3.8228025199964
3.824675953262
3.8265913581409
3.828548579055
3.8305472230589
3.8324023465113
3.8342915815192
3.8362148751346
3.8381717508028
3.839764114407
3.8413779629582
3.8430132498363
3.8446697450907
3.8462110071534
3.8477700797991
3.8493469008055
3.8509413562425
3.8528287802404
3.8547401342438
3.85667531111
3.8586341581732
3.8610795698986
3.8635605334235
3.8660768583416
3.8686282278088
3.8713020540758
3.8740129499183
3.8767607815699
3.8795449991733
3.8818500311956
3.8841792813535
3.8865327114695
3.8889099118374
3.8908665620021
3.8928389424059
3.8948269952863
3.8968305699996
3.8989388534493
3.9010639056359
3.9032056467815
3.9053639586189
3.9080962978754
3.9108544492003
3.9136382543268
3.9164474913395
3.9197789614061
3.9231450519684
3.9265455501972
3.9299799880274
3.9324169603934
3.9348705635127
3.9373407219507
3.9398272596249
3.9423300244635
3.9448489960799
3.9473840855248
3.9499351573058
3.9530648601205
3.9562179860655
3.9593943756088
3.9625937919026
3.9662465859683
3.9699285237916
3.9736394169817
3.9773788182506
3.9807874863127
3.9842192515302
3.9876740467982
3.9911513620683
3.9939606178203
3.9967843008704
3.999622356632
4.0024745454044
4.0051321191972
4.0078017239837
4.010483291375
4.0131766993859
4.0163539445626
4.0195472926681
4.0227566283125
4.0259817866361
4.0299472126503
4.033935919161
4.0379477130537
4.0419822609255
4.0461239195169
4.0502889270517
4.0544771622939
4.0586880739316
4.0621532118656
4.0656334251182
4.0691286777243
4.0726385778549
4.0755581773651
4.07848774914
4.08142723698
4.0843764932318
4.0875030170471
4.0906402953135
4.0937882493551
4.0969467588486
4.1009005938402
4.10487056397
4.1088565198361
4.1128582394524
4.1174883640776
4.1221390130724
4.1268100101318
4.1315009020731
4.1348239651577
4.138156795649
4.1414993299387
4.1448513997073
4.1482128623181
4.1515837118382
4.1549638714137
4.1583532174501
4.1602070195613
4.1620636675773
4.1639242483379
4.1657900322065
4.167661666848
4.1695388102625
4.1714213919666
4.1733093494876
4.1761860323664
4.1790746720367
4.1819749934353
4.1848867535214
4.1886922876659
4.1925161560344
4.1963577836804
4.200216631198
4.2055359796994
4.2108852575363
4.2162630714364
4.2216681463867
4.2260852988939
4.2305188945527
4.234968222508
4.239432685679
4.243911691983
4.2484044737124
4.2529103577187
4.2574288069054
4.2620264741617
4.2666357448596
4.2712559466143
4.2758865907715
4.2802951858703
4.2847120777868
4.2891367180652
4.293568740145
4.2977388985084
4.3019146871005
4.3060956848294
4.3102815953344
4.3144781855284
4.3186789069859
4.3228833691678
4.3270912713383
4.3315959145921
4.3361036162184
4.3406139272942
4.3451264975611
4.3499044816016
4.3546840066299
4.3594645626764
4.3642457889542
4.3689116938378
4.3735773175262
4.3782422000098
4.3829060724158
4.3871922568298
4.3914768834775
4.3957596173764
4.4000402690325
4.4041294697796
4.4082162117493
4.4123002295592
4.416381344608
4.4206718585651
4.4249585933304
4.4292412627581
4.4335196551589
4.4381925138277
4.4428595783669
4.4475204925649
4.452175008562
4.4569315793559
4.4616807242493
4.4664220677634
4.471155409908
4.475531029433
4.4798991980125
4.4842596263842
4.488612198626
4.4925840683219
4.4965489464989
4.500506634692
4.5044570337436
4.5084269698413
4.5123891451836
4.516343377605
4.5202895485112
4.5246306995778
4.5289616146768
4.5332820649206
4.5375918974267
4.5422249430657
4.5468451269355
4.5514521678248
4.5560459220512
4.5604511483218
4.5648435948498
4.5692230085264
4.5735893248687
4.5774782843109
4.581356439911
4.5852236254707
4.5890798014116
4.5927303949419
4.5963708044961
4.6000009077897
4.6036206472085
4.6075078188624
4.6113826964674
4.6152451411506
4.6190950705199
4.6233898334458
4.6276685656382
4.6319310791505
4.6361772818362
4.6404900478403
4.6447854747894
4.6490633560065
4.6533236588851
4.6571519771522
4.6609656863762
4.6647646359109
4.6685488366021
4.6719407320603
4.6753204864948
4.6786880086305
4.6820432858135
4.6854581148577
4.6888599968394
4.6922488487734
4.6956246357569
4.6994276593013
4.7032137559404
4.706982813582
4.710734784555
4.7147854838787
4.7188158140895
4.7228256274216
4.726814910313
4.7305555698321
4.7342777492997
4.7379813135985
4.7416663121522
4.7448699643038
4.7480592799142
4.7512341808745
4.7543946963653
4.7573928689713
4.7603778657865
4.7633496351577
4.7663081748216
4.7695598695327
4.772795315954
4.7760144534068
4.7792172672925
4.7828374180203
4.7864363302973
4.7900139152592
4.7935701743015
4.7971328511078
4.8006736874437
4.8041925764245
4.8076895860256
4.810748496192
4.8137903235757
4.8168149942593
4.8198225810651
4.8224934388773
4.8251505908595
4.8277940008718
4.8304236947056
4.8331489685102
4.8358592904679
4.8385546301455
4.8412349951776
4.844314364755
4.8473736545573
4.8504128212666
4.8534318793592
4.8566815037746
4.8599074031396
4.863109510774
4.8662878946247
4.8691948283921
4.8720815234471
4.8749479122079
4.8777941055216
4.8802209521747
4.8826328480139
4.8850297621436
4.8874117530786
4.8896897490129
4.891953890998
4.8942041645909
4.8964405938393
4.8989547466272
4.9014511435188
4.9039297692473
4.9063906478152
4.9091932118051
4.9119723621981
4.9147280715379
4.9174604002494
4.9201487957384
4.9228141097291
4.9254562939154
4.9280754760224
4.9303084264546
4.9325243260458
4.9347231433088
4.9369049780547
4.9388335678746
4.9407486659918
4.9426502652852
4.9445384075039
4.9465343293147
4.9485149876388
4.9504803815922
4.9524305413615
4.9547064337023
4.9569612272675
4.9591949213707
4.9614075687694
4.9637712779543
4.9661104851995
4.9684251730714
4.9707154606423
4.9727562062941
4.9747771535701
4.9767782727224
4.9787597049381
4.9804210141064
4.9820682062796
4.9837012757317
4.9853202907859
4.9868846372907
4.9884356410932
4.9899733077274
4.9914976732766
4.9932461739554
4.9949768666684
4.9966897635015
4.9983849108545
5.0003215612449
5.0022345522159
5.0041238946718
5.0059896862982
5.00778778415
5.0095634684159
5.0113167239952
5.0130477124306
5.0144866803413
5.0159098797934
5.0173173022513
5.0187090557857
5.0199353187797
5.0211491619417
5.0223505931421
5.0235396591137
5.0248198833769
5.0260854885936
5.0273364906326
5.0285729312768
5.0300318614334
5.031470041224
5.0328874964779
5.0342843031665
5.035759156351
5.0372103266549
5.0386378255522
5.0400418029137
5.0412585933895
5.042457161913
5.0436374990604
5.0447997579383
5.045757921482
5.0467034470147
5.0476363417227
5.0485566742277
5.0494535570001
5.0503382081835
5.051210643701
5.0520709041753
5.0530721015748
5.0540563440477
5.0550236598956
5.055974107848
5.0570565731409
5.058116381453
5.0591535668757
5.0601682493507
5.0611213645971
5.062053788513
5.062965523603
5.0638567482646
5.0645768517095
5.0652829989932
5.0659751934267
5.0666535416744
5.0672468790407
5.0678292264109
5.0684005988522
5.0689610427591
5.0695708026785
5.07016712667
5.0707500396346
5.0713195884668
5.0719914285668
5.0726437581265
5.0732766186895
5.0738900990548
5.0745224643732
5.0751329224838
5.0757215005613
5.0762883649152
5.0767603556761
5.0772161987004
5.0776558947338
5.078079597998
5.078418516238
5.0787464801821
5.0790635030679
5.0793696495392
5.0796651631102
5.0799498238824
5.0802236526182
5.0804866904556
5.0807888645024
5.0810754952372
5.0813466197962
5.0816023025373
5.0818808580854
5.0821385523562
5.0823754322319
5.0825916289197
5.0827773057697
5.0829445288288
5.0830933088512
5.0832238296957
5.0833164785057
5.0833971125172
5.0834657406167
5.0835224635056
5.0835631377801
5.0835943373593
5.0836160801594
5.0836284098313
5.0836310596952
5.0836217381739
5.0836004743279
5.0835673161733
5.0835106337468
5.0834362432693
5.0833441944191
5.0832345813113
5.0830994302426
5.0829446739856
5.0827703469246
5.0825766212944
5.0823970430894
5.0822035198471
5.081996056765
5.0817748030479
5.0815827102722
5.0813813226039
5.0811706555388
5.0809507681921
5.080718963099
5.0804777615316
5.0802271858434
5.0799672755547
5.0796376144032
5.0792941394142
5.0789368915079
5.0785659360854
5.0781151688664
5.0776458005346
5.0771578835789
5.0766515522463
5.0761614368522
5.0756552858824
5.0751331129752
5.0745950997433
5.0741526621674
5.0737000759919
5.0732373521993
5.0727645837815
5.0723330572905
5.0718935173585
5.0714459823686
5.0709904923177
5.0704586869179
5.0699164885947
5.0693639274574
5.0688010501737
5.0680926120893
5.0673685822781
5.0666290132081
5.0658739988699
5.0650610750389
5.0642310782339
5.0633840447622
5.0625201451133
5.0617831265683
5.0610342971287
5.0602736633365
5.0595013661336
5.0588618113942
5.0582144933127
5.0575594275985
5.0568966676123
5.0562125228755
5.055520408739
5.0548203472689
5.0541123752884
5.0532287072585
5.052333094241
5.0514255775173
5.0505062204481
5.0494143984789
5.0483064504734
5.0471824296821
5.0460424674105
5.0451936087195
5.0443361694422
5.0434701707347
5.0425956690282
5.0417127128143
5.0408213030552
5.0399214650782
5.0390132425227
5.0379271553205
5.0368293959758
5.0357200057398
5.0345990546633
5.0333457656427
5.032078434433
5.030797104529
5.0295018985285
5.028305709134
5.0270979838145
5.0258787394165
5.0246481100128
5.0236135023233
5.02257101124
5.0215206521645
5.0204624944644
5.0194533424959
5.0184372344757
5.0174141904429
5.016384249817
5.0151908834586
5.0139884512996
5.0127769853491
5.0115565363868
5.0101040889532
5.0086392168577
5.0071619671403
5.0056724338502
5.0041656054944
5.0026464960643
5.0011151334247
4.9995716586789
4.9982650027529
4.9969498256452
4.9956261393144
4.994294042888
4.9931370776707
4.991973869874
4.9908044361819
4.9896288205608
4.9883719011035
4.9871080360408
4.9858372489737
4.9845595784495
4.9830055582631
4.981441553326
4.9798676041355
4.9782837773222
4.9765155657967
4.9747353019455
4.9729430271994
4.9711388634654
4.9695116016219
4.9678748413125
4.9662285950917
4.9645729930955
4.9632122695959
4.9618453138551
4.9604721393439
4.9590928067379
4.95777442142
4.9564504913831
4.9551210345762
4.9537860845834
4.9522094795908
4.9506253383
4.9490336908989
4.9474345837221
4.9455135092603
4.943581871459
4.9416397156687
4.9396871326394
4.9377357493101
4.9357741393112
4.9338023259349
4.9318204479654
4.9301821325573
4.9285370308261
4.9268851519625
4.9252265869883
4.923799984237
4.9223684948591
4.920932133505
4.9194909374568
4.9179287615072
4.9163609852514
4.914787630056
4.9132087297821
4.911260051972
4.9093030670751
4.9073378133246
4.9053643527379
4.9031616554901
4.900948915898
4.8987261717546
4.8964935410257
4.8945155766542
4.8925299622109
4.8905367060669
4.8885359321948
4.8869190986527
4.885297406845
4.883670868268
4.8820395360094
4.8804758583
4.8789078299027
4.8773354665651
4.8757587970074
4.8738678054155
4.8719707089422
4.8700675351948
4.8681583258798
4.8658471344052
4.8635272466643
4.8611987047269
4.8588615939174
4.856546024328
4.8542221733169
4.8518900594176
4.8495498158164
4.8476487754277
4.8457424254626
4.8438307726251
4.841913899928
4.8402764769009
4.8386352833894
4.836990332052
4.8353416547795
4.8335355508064
4.8317250325517
4.8299101189519
4.8280908396542
4.8258213296498
4.8235451294012
4.8212622738206
4.818972819459
4.8164165971431
4.813852282696
4.811279909446
4.8086995885695
4.8069013692396
4.8050993369342
4.8032935043453
4.801483909255
4.7996705829735
4.7978535248459
4.7960327509571
4.7942082873023
4.7919266045273
4.7896392352386
4.7873462100357
4.7850475762424
4.7823772025755
4.7796993827649
4.777014152796
4.7743216114984
4.7724003078811
4.770475329086
4.7685466884335
4.7666144237131
4.764678566803
4.7627391174664
4.7607960920903
4.7588495182863
4.7564804058496
4.754106113983
4.7517266713363
4.7493421249923
4.746643240941
4.74393792221
4.7412261997359
4.7385081636274
4.7360363058178
4.7335592895808
4.7310771223977
4.7285899089483
4.7265713374203
4.7245494688937
4.7225243117718
4.720495915528
4.7186020777794
4.7167054465823
4.7148060341549
4.7129038651439
4.7106771758016
4.708446760109
4.7062126385079
4.7039748430814
4.7012606867495
4.6985412114639
4.6958164492715
4.6930864641544
4.690313086943
4.6875343976062
4.684750412505
4.6819612375421
4.679655325865
4.677345897438
4.6750329563009
4.6727165774631
4.6707656611542
4.6688123269379
4.6668565844636
4.6648984626529
4.6628180131979
4.6607349113417
4.6586491711607
4.6565608161408
4.6539795599903
4.6513943697407
4.6488052710347
4.6462123061046
4.6432673206643
4.6403174295193
4.6373626593899
4.6344030951373
4.6322845970409
4.6301636723181
4.6280403313715
4.6259146064226
4.6237865243419
4.6216560835506
4.6195232972351
4.617388188281
4.6147825364075
4.6121734789765
4.6095610392842
4.6069452564201
4.603970075604
4.6009906421633
4.5980069811102
4.5950191693524
4.5922990886829
4.5895756086569
4.5868487335017
4.5841185557009
4.5819147963795
4.5797088998432
4.5775008721154
4.5752907566261
4.5732407091012
4.5711888851843
4.5691352945903
4.5670799579625
4.5646751480057
4.5622679836455
4.55985848125
4.557446667188
4.5545091969359
4.5515683583464
4.5486241772822
4.5456767070963
4.5426690328258
4.5396579876889
4.5366435837247
4.533625912689
4.5311348165818
4.5286415113847
4.5261459986922
4.5236483450277
4.5215590927725
4.519468354671
4.5173761381944
4.5152824681801
4.5130684315941
4.5108527929768
4.508635563461
4.5064167623558
4.5036691490546
4.5009191692598
4.4981668434031
4.4954122061018
4.4922664866309
4.4891178111864
4.4859662008145
4.4828117271538
4.4805557857557
4.4782984002492
4.4760395787833
4.4737793487588
4.4715177328798
4.4692547286876
4.4669903467701
4.4647246063722
4.4619653422044
4.4592041023876
4.4564409054781
4.4536757841438
4.4505390527587
4.4473998963505
4.4442583338983
4.4411144303081
4.4382550511549
4.4353937614931
4.4325305629345
4.4296655343142
4.4273498424171
4.4250329627196
4.4227148994538
4.4203956896147
4.4182412883682
4.4160859115851
4.4139295669636
4.4117722718972
4.4092501767946
4.4067268090637
4.4042021817374
4.4016763167799
4.3986069099665
4.3955357199845
4.3924627669616
4.3893880955243
4.386257302306
4.3831247645372
4.3799904899679
4.3768545565906
4.3742658813036
4.3716760847491
4.3690851668898
4.3664931844619
4.3643214330568
4.3621489417174
4.3599757161635
4.3578017773943
4.3555010858626
4.3531996127476
4.3508973668578
4.3485943642767
4.3457463480262
4.3428972068941
4.3400469569264
4.3371956268436
4.3339472669422
4.3306975473644
4.327446483568
4.3241941359377
4.321868472263
4.3195421658297
4.3172152227275
4.3148876660849
4.3125595148693
4.3102307657941
4.3079014271158
4.305571514731
4.3027342394477
4.2998961424803
4.2970572382709
4.2942175537063
4.2909959146608
4.2877733087373
4.2845497499011
4.281325292711
4.2783934652012
4.275460911586
4.2725276311337
4.2695936915902
4.2672242926882
4.2648544672253
4.2624842178063
4.260113576093
4.2579133258429
4.2557127473349
4.2535118464767
4.2513106377459
4.2487379353967
4.2461648322532
4.2435913384136
4.2410174718545
4.2378893757977
4.2347607623603
4.2316316468353
4.2285020661304
4.2253150618411
4.2221276012277
4.2189396885175
4.2157513901179
4.2131207502567
4.2104898517053
4.2078586929164
4.2052273227299
4.2030246362738
4.2008218058586
4.1986188356706
4.1964157434339
4.1940857635372
4.1917556599013
4.189425439287
4.1870951148788
4.1842134273677
4.181331605524
4.1784496616206
4.1755676191056
4.1722834088487
4.1689991016361
4.1657147083672
4.1624302796238
4.1600826700764
4.1577350517181
4.1553874289203
4.1530398211215
4.1506922440839
4.1483446938894
4.1459971768292
4.1436497059582
4.1407922195874
4.1379348236699
4.1350775291599
4.1322203580313
4.1289805193456
4.1257408670203
4.1225014107628
4.119262196196
4.1163180873482
4.1133741883964
4.1104304967341
4.1074870702803
4.1051103737082
4.1027338505555
4.1003575021026
4.0979813553109
4.0957761751199
4.0935711754149
4.0913663606054
4.0891617426835
4.0865857052083
4.0840099515718
4.0814344894114
4.0788593333396
4.0757309615756
4.0726030665992
4.0694756596224
4.0663487709929
4.0631659210397
4.0599836264764
4.0568018886168
4.0536207637725
4.0509967649624
4.0483731838052
4.0457500175901
4.0431273081422
4.040932072486
4.0387371588944
4.0365425702853
4.0343483215467
4.0320279554016
4.0297079789314
4.0273883971932
4.0250692209296
4.0242707364003
4.0234723008019
4.0226739144166
4.0218755775252
4.0216182767614
4.0213609811767
4.0211036907802
4.0208464055809
4.0205891255877
4.0203318508097
4.0200745812558
4.0198173169348
4.0196518684894
4.0194864222144
4.0193209781121
4.019155536185
4.0191061747184
4.0190568134458
4.0190074523671
4.0189580914825
4.018924981152
4.0188918709088
4.018858760753
4.0188256506846
4.0187925402792
4.0187594284178
4.0187263145252
4.0186931986488
4.0186637535768
4.0186343070476
4.0186048590614
4.0185754096186
4.0184281405625
4.0182808351286
4.0181334933559
4.0179861152878
4.0172486819124
4.0165103505024
4.0157711315416
4.0150310360596
4.0139110566326
4.0127891578803
4.0116653965864
4.0105398266268
4.0092097808942
4.0078774016548
4.0065427913639
4.0052060492008
4.0034454753694
4.001681625414
3.9999147314467
3.9981450196466
3.995754673689
3.9933601724566
3.9909620640995
3.988560884252
3.9853156607173
3.9820671105629
3.9788165117372
3.9755650977567
3.9719721620061
3.9683813895741
3.9647944116911
3.9612127083162
3.9589444802253
3.9566794016429
3.9544178592493
3.9521602044618
3.949906792247
3.9476580099624
3.9454142202698
3.9431757713045
3.9402246554753
3.9372842954746
3.9343554804421
3.93143896874
3.9277871185681
3.9241574539715
3.9205514447274
3.9169704258218
3.9146622670312
3.912365586827
3.9100807560462
3.9078080994551
3.9055479459184
3.9033006707664
3.9010666161501
3.8988461005408
3.8960823498801
3.8933410260054
3.8906227545239
3.8879281173293
3.8847806443635
3.8816678634235
3.8785907356048
3.8755500551878
3.8735488917867
3.8715645115488
3.8695971722014
3.8676470755966
3.865714432079
3.8637995127297
3.8619025495096
3.8600237489276
3.8576796840193
3.8553653144545
3.8530810664998
3.8508273222583
3.8481677093481
3.8455531561674
3.8429843470893
3.8404617852409
3.8388126952107
3.8371844654204
3.8355772757585
3.8339912430878
3.8324264953264
3.8308832322846
3.8293616099484
3.8278617557101
3.8260084655118
3.8241900484395
3.8224067813183
3.8206588916367
3.818634901192
3.8166613242586
3.814738593236
3.8128669384739
3.8116440925315
3.8104443814855
3.8092679177528
3.8081147438888
3.8069849162933
3.8058785736054
3.8047958063772
3.8037366745382
3.8024399141311
3.8011807310071
3.7999592789336
3.7987756593738
3.7974265651694
3.796130673909
3.7948882280027
3.793699254529
3.7929279152221
3.792181044558
3.7914587031281
3.790760875712
3.7900875631026
3.7894388576273
3.7888147996716
3.7882153965072
3.7875004190184
3.7868241227477
3.7861865668721
3.7855877543085
3.7849351095866
3.7843358550709
3.7837900890894
3.7832976838921
3.782992058525
3.782711376418
3.7824556577089
3.7822248411241
3.7820188833084
3.7818378412069
3.7816817161384
3.7815504736877
3.781421945023
3.7813318653013
3.7812802221557
3.7812669431452
3.7812996661413
3.7813842989235
3.7815208355477
3.781709037469
3.7818697179823
3.7820552164897
3.7822655219571
3.7825005367878
3.7827601828672
3.7830444906333
3.7833534314019
3.783686937829
3.784132181236
3.7846147017924
3.785134434788
3.7856912514084
3.7863800241052
3.7871180334334
3.7879052011001
3.7887412125739
3.7893598495416
3.7900026943132
3.7906697121279
3.7913607768924
3.7920757832912
3.7928147423616
3.7935776026952
3.79436427109
3.7953586775376
3.7963885101729
3.7974536673906
3.7985539794572
3.7998572198637
3.8012062947305
3.8026010780279
3.8040412062334
3.8051021809669
3.8061863802383
3.8072937516293
3.8084241470181
3.809577440109
3.8107536282918
3.8119526433811
3.8131743721062
3.8146851929528
3.8162291319182
3.8178060627391
3.8194157870474
3.8212849075402
3.8231960461071
3.825149047525
3.8271435195047
3.8289951918716
3.830881026605
3.8328009707042
3.8347545484604
3.8363448685322
3.8379567217537
3.8395900614822
3.8412446578618
3.8427843869175
3.8443419712365
3.8459173485778
3.8475104049261
3.8493957829218
3.8513051400703
3.853238369243
3.8551953177379
3.8576378657041
3.8601160229137
3.8626295990816
3.865178277498
3.8678493062306
3.8705574641918
3.8733026175688
3.8760842170258
3.878387650517
3.8807153526849
3.8830672851922
3.8854430385899
3.8873989296909
3.8893705907381
3.8913579639092
3.8933608984658
3.8954684169025
3.8975927448347
3.8997338024148
3.9018914712692
3.9046225585522
3.9073795121219
3.9101621736381
3.9129703210828
3.9163002230807
3.9196648124594
3.9230638762815
3.9264969464995
3.9289335288578
3.93138678217
3.9338566309078
3.9363428988829
3.9388454339137
3.9413642155268
3.9438991546739
3.946450115736
3.9495793769215
3.9527321142839
3.9559081681515
3.9591073015175
3.9627596212633
3.9664411486194
3.9701516949822
3.9738908129459
3.9772994632455
3.9807312648213
3.9841861503144
3.9876636096649
3.9904732924018
3.9932974396897
3.9961359968128
3.9989887239563
4.0016468825335
4.0043171041961
4.0069993204509
4.0096934091855
4.0128712603155
4.016065255605
4.0192752795101
4.0225011670023
4.0264673098884
4.0304567912341
4.0344694176623
4.0385048555172
4.0426475178259
4.0468135887569
4.0510029467413
4.0552150402655
4.0586813898785
4.0621628557921
4.0656594018394
4.0691706360376
4.0720914668965
4.075022298324
4.0779630740099
4.0809136461694
4.084041486769
4.0871801121704
4.0903294435685
4.0934893605001
4.0974448292692
4.1014164781792
4.10540415759
4.1094076452738
4.1140398431816
4.1186926237067
4.1233658101638
4.1280589490267
4.1313838129888
4.1347184737521
4.1380628675657
4.1414168259577
4.1447802061399
4.1481530020431
4.1515351366695
4.1549264862689
4.1590844849507
4.1632567950822
4.1674488197875
4.1716665020741
4.1756994252451
4.1797560932632
4.1838357055382
4.1879376505051
4.1918869266739
4.1958553275888
4.1998421982609
4.2038470265483
4.2078832344664
4.2119362719131
4.2160055234443
4.2200904865716
4.2244014419725
4.228728434372
4.2330707926539
4.2374279668166
4.2419812864678
4.2465492577814
4.2511311606655
4.2557264388878
4.2602379493162
4.2647609743779
4.2692948680518
4.2738391792487
4.2781007261851
4.282370357192
4.2866475756907
4.290932040885
4.2950744679313
4.2992227920197
4.3033766015513
4.3075355881955
4.3118727977072
4.3162147618288
4.3205610473801
4.3249113119313
4.3295926295724
4.334277556455
4.3389655822175
4.3436563186067
4.3484400892901
4.3532256500424
4.3580124783867
4.3628002325658
4.3672911574797
4.3717820477344
4.3762724899969
4.3807622498675
4.3849206359411
4.389077797378
4.3932334330996
4.3973873541052
4.4015556791992
4.4057217081818
4.4098851623562
4.4140458389294
4.418562683274
4.4230756000523
4.4275842536385
4.4320883953611
4.4368968133649
4.441699319732
4.4464955181642
4.451285156643
4.4559185579519
4.4605451001723
4.4651644278716
4.4697763775022
4.4739458026292
4.4781086581804
4.4822646982143
4.4864138137622
4.4903572868382
4.4942940848285
4.4982240189114
4.5021469755098
4.5063170169594
4.5104787328794
4.5146319134372
4.5187764138082
4.5233557931211
4.5279240131082
4.5324808009363
4.5370259862888
4.5416583184174
4.5462779813119
4.5508846828681
4.5554783077594
4.5596619118829
4.5638341668858
4.5679948548575
4.5721439271284
4.5758929964626
4.5796322219466
4.5833614620302
4.5870806640353
4.5908426684421
4.5945940802505
4.5983347690683
4.6020646598751
4.6062218067053
4.6103651349782
4.6144944740111
4.618609723412
4.6230465479458
4.6274664791099
4.6318693007589
4.6362549340657
4.640411634732
4.6445524069079
4.6486770567288
4.6527855793465
4.6563970372123
4.659995682461
4.6635813950612
4.6671541724697
4.6705392717585
4.6739124921514
4.67727374848
4.6806230121887
4.6842656640246
4.6878938313863
4.6915074148155
4.6951063660116
4.699152163959
4.7031790560591
4.7071869025751
4.7111756576096
4.7151989081396
4.7192022661137
4.7231855739293
4.7271488508219
4.7306589050726
4.7341528752885
4.7376306502693
4.7410922743567
4.7441788386086
4.7472523051935
4.7503126118848
4.7533597664495
4.7564917529316
4.7596096076941
4.7627132746477
4.7658027405419
4.7693222883808
4.7728230808813
4.7763050396811
4.7797681478681
4.7835028701727
4.7872152343463
4.7909051320228
4.7945725910149
4.7979660093563
4.8013398115947
4.8046938965359
4.808028346703
4.8108967202098
4.8137502835089
4.8165889832311
4.8194128644627
4.8221036771606
4.8247808220631
4.827444266872
4.830094022916
4.8330436693316
4.8359760951368
4.8388912622774
4.8417891754436
4.8450799204589
4.8483480337525
4.8515934562972
4.8548162191772
4.8580143543503
4.8611897405825
4.8643422998326
4.8674721319176
4.8701722180704
4.8728550591108
4.8755206030027
4.8781689376034
4.8805152981494
4.8828479277082
4.885166805415
4.887471965477
4.8898879339355
4.8922886166108
4.8946739981036
4.8970440974934
4.8997920611429
4.9025191569257
4.905225362483
4.9079107115748
4.9107904082929
4.9136456761004
4.9164764723629
4.9192828919401
4.9218140370307
4.9243249533102
4.9268155922451
4.9292860817882
4.9313741250808
4.9334475093806
4.9355062170576
4.9375503120622
4.9395173889125
4.9414707270401
4.9434103224049
4.9453362052804
4.947526819191
4.9496994176511
4.9518539991193
4.9539905990263
4.9564293973744
4.9588443395408
4.961235416925
4.9636027094555
4.965906577007
4.9681874410509
4.9704452696627
4.9726802095417
4.9745605712313
4.9764243871318
4.9782716376879
4.9801024277123
4.981719365969
4.983323235305
4.984914036562
4.9864918141533
4.9881782691838
4.9898496010035
4.9915058173585
4.99314695449
4.9950755220455
4.9969828733948
4.9988690211507
5.0007340303182
5.0027149980702
5.0046715749715
5.0066037578355
5.0085116829402
5.0101875436933
5.0118442253105
5.0134817083202
5.0151001413275
5.0164464358929
5.0177792519509
5.0190985906872
5.0204045207623
5.0216744127027
5.0229313820762
5.0241754399321
5.0254066248236
5.0268324481899
5.0282406503688
5.0296312518248
5.0310043056367
5.0325725249754
5.0341172721963
5.0356385698751
5.0371365282122
5.0385623009321
5.0399663016814
5.0413485240413
5.0427091399526
5.0438252857426
5.044926461955
5.0460126663222
5.0470840066453
5.0480269633531
5.0489581130223
5.0498774674554
5.0507850733143
5.0517710387606
5.0527427954845
5.0537003642006
5.054643789637
5.0557606477628
5.0568570866971
5.0579331404858
5.0589888925345
5.060093690054
5.0611754223535
5.0622341087421
5.0632699093438
5.0641530869408
5.0650189437014
5.0658674753926
5.0666988367136
5.0673777512101
5.0680447836002
5.0686999444305
5.069343300366
5.0699722655056
5.0705895585417
5.07119519812
5.0717892253671
5.0724831966454
5.0731606844237
5.0738217218742
5.0744663712705
5.0751953009454
5.0759021774907
5.0765870417151
5.0772500208929
5.0778607137482
5.0784516487534
5.0790228324524
5.0795744477535
5.0800111541745
5.0804347870763
5.0808453528426
5.0812429553199
5.0815873591515
5.0819214369052
5.082245205342
5.0825587095799
5.082898398542
5.0832252101556
5.0835391717999
5.0838403314217
5.0841897689814
5.0845203246001
5.0848320444508
5.0851250212439
5.0854154398896
5.0856848646328
5.0859333263127
5.086160996291
5.0863392660388
5.0865023778836
5.0866503349068
5.0867832895209
5.0868818138085
5.0869701376346
5.0870482756322
5.0871162896554
5.0871746533993
5.0872227706159
5.0872606631657
5.087288371668
5.0873083623598
5.0873134553031
5.0873036900898
5.0872791324525
5.0872319142823
5.0871646995249
5.0870775383045
5.086970565182
5.0868522050169
5.0867164439715
5.0865632941709
5.0863929399043
5.0862432134203
5.0860823297973
5.0859102992227
5.085727218557
5.0855539670499
5.0853718854975
5.0851809922844
5.0849813293481
5.0847430318139
5.0844933917727
5.0842324392448
5.083960222117
5.0836104561775
5.0832437928267
5.0828602837962
5.0824600244886
5.0820196181072
5.0815606670622
5.0810832067741
5.0805874106289
5.080155656124
5.0797109295429
5.0792532368777
5.0787827236582
5.0783874414861
5.0779835618525
5.0775711005858
5.0771501138892
5.0767128022491
5.0762666962207
5.0758118183128
5.0753482070127
5.0747672949338
5.0741733059597
5.0735662817965
5.0729462877178
5.0722053355447
5.0714467867223
5.0706706945894
5.0698771937509
5.0692781862597
5.0686696747329
5.0680516808448
5.06742426374
5.0667874742297
5.0661413124654
5.0654858045426
5.0648209963415
5.0640251998362
5.063216555354
5.0623951049584
5.0615609215301
5.0606260559427
5.0596758006268
5.0587101995216
5.0577293791237
5.0568177826893
5.0558934826624
5.0549564963671
5.0540069619274
5.0532021719816
5.0523886123468
5.0515662990373
5.0507353046249
5.0499390204061
5.0491349626088
5.0483231521776
5.0475036308983
5.0465542186431
5.045594726834
5.0446251887208
5.0436456577855
5.0424809704283
5.0413025627079
5.0401104829159
5.0389048291118
5.0376826721066
5.0364469621859
5.0351977280821
5.0339351156668
5.032859769256
5.0317749420956
5.0306806469402
5.0295769867396
5.0286127433613
5.0276414924943
5.0266632517407
5.0256780676561
5.0246233748062
5.0235608859623
5.0224906260142
5.0214126359655
5.0201038472397
5.0187839237048
5.0174529076237
5.0161108692727
5.0146142303968
5.0131042194745
5.0115808794084
5.0100443373753
5.0086543840387
5.0072538573307
5.0058427708529
5.0044212594055
5.0032461164342
5.0020639680607
5.0008748287036
4.9996787620511
4.9985313153281
4.9973775992237
4.9962176328633
4.9950514521155
4.9936755248393
4.9922911069291
4.990898230361
4.9894969445027
4.9878175189371
4.9861262695252
4.9844232437669
4.9827085374133
4.9809953407942
4.9792707219584
4.9775347055895
4.9757874362663
4.9743373525148
4.9728796386352
4.9714143048818
4.969941446019
4.9686681372711
4.9673892826404
4.9661048978464
4.9648150224889
4.9634149518005
4.9620085128441
4.960595728519
4.9591766351468
4.9574287770203
4.9556715202414
4.9539049054118
4.9521289986823
4.9501516068029
4.9481629184513
4.94616297347
4.9441518961183
4.9423684689877
4.9405764259592
4.9387757766274
4.936966649951
4.9354979012876
4.9340236320409
4.9325438547638
4.9310586252045
4.9296294562974
4.9281953058423
4.9267561908378
4.9253121420938
4.9235810911989
4.9218430597478
4.9200980774194
4.9183461890608
4.9162312116732
4.9141063484318
4.9119716440938
4.9098271896136
4.9077062867014
4.905576005542
4.9034363662122
4.9012875084135
4.8995377824689
4.8977820153431
4.8960202148684
4.894252467557
4.8927352014748
4.8912136029121
4.8896876856066
4.8881574834514
4.8864775447339
4.8847925108563
4.8831024023592
4.8814072512422
4.8792961245802
4.877177301076
4.8750508183233
4.8729167372097
4.8705416318939
4.8681572749646
4.8657637020512
4.8633610312514
4.861682342673
4.8599992702677
4.8583118277386
4.8566200553072
4.8549239863516
4.8532236204826
4.8515189750001
4.8498100776585
4.8476721895163
4.8455277463926
4.8433767812207
4.8412193445262
4.8387105122399
4.8361930750738
4.8336670721578
4.8311326086574
4.8293217738583
4.8275066776472
4.8256873345235
4.823863784793
4.8220360625387
4.8202041679548
4.818368118775
4.8165279446084
4.814288694908
4.8120434271871
4.8097921724215
4.8075349810727
4.804980312984
4.8024181623456
4.7998485628652
4.7972716105532
4.7949265276489
4.7925754327805
4.7902183347942
4.7878553445792
4.785935375169
4.7840115498296
4.7820838779339
4.7801524120559
4.7783476286914
4.7765395687451
4.7747282455119
4.7729136854197
4.7707895807642
4.7686611003144
4.7665282662644
4.7643911131238
4.7617996520876
4.7592019401728
4.7565980122391
4.7539879368593
4.7513361225308
4.7486780552798
4.7460137535345
4.7433433298514
4.741133762996
4.7389200433528
4.7367021759276
4.7344802402359
4.7326068878288
4.7307306688943
4.7288515940299
4.7269696941405
4.7249693679194
4.7229658890091
4.7209592727615
4.7189495444772
4.7164659617557
4.7139776967932
4.7114847775405
4.708987249493
4.7061514607367
4.7033098251741
4.7004623722555
4.6976091927088
4.6955649660165
4.6935178351713
4.6914678116372
4.6894149298869
4.6873592187525
4.685300677063
4.6832393192189
4.6811751698537
4.6786558951847
4.6761325240793
4.67360508199
4.6710736110184
4.6681935752772
4.6653084087141
4.6624181390224
4.6595228485347
4.6568857180152
4.6542444714073
4.6515991142087
4.6489497448151
4.6468101480832
4.6446679534065
4.6425231676729
4.6403758371904
4.6383835312613
4.6363890581626
4.6343924285614
4.6323936646539
4.630054965502
4.6277133855048
4.6253689425889
4.6230216652287
4.6201625041375
4.6172992073703
4.6144318033904
4.6115603496252
4.6086293582823
4.6056942107594
4.6027549210535
4.5998115870668
4.5973807060486
4.5949470885138
4.5925107368912
4.5900717219708
4.5880307350355
4.5859878981901
4.5839432197376
4.5818967262905
4.5797323241629
4.5775659188046
4.5753975224529
4.5732271559697
4.570539448117
4.5678487685975
4.5651551398858
4.5624585994129
4.5593788451031
4.5562953598009
4.5532081670823
4.5501173438038
4.5479057368694
4.5456922950735
4.5434770275202
4.5412599636052
4.5390411277753
4.5368205179516
4.5345981458076
4.5323740321467
4.5296653705722
4.526954170523
4.5242404524713
4.5215242517659
4.5184426573718
4.5153579264519
4.5122700803388
4.5091791887332
4.5063671764734
4.5035526748811
4.5007356866794
4.4979162958748
4.4956366136332
4.4933553709189
4.4910725727269
4.4887882585608
4.4866657533255
4.484541955452
4.482416873478
4.480290526164
4.4778045065253
4.475316787301
4.4728273828968
4.4703363171367
4.4673091036657
4.4642794872416
4.4612474902633
4.4582131609465
4.4551229744194
4.4520304121518
4.4489354835738
4.4458382720653
4.4432807295347
4.4407216424202
4.4381610114027
4.435598896926
4.4334514604784
4.4313029911576
4.4291534954067
4.4270029957685
4.4247267855957
4.4224494703504
4.4201710598045
4.4178915714014
4.4150725971205
4.4122520109853
4.4094298308177
4.4066060878028
4.4033890475618
4.4001700269429
4.3969490435704
4.3937261623948
4.391420748746
4.3891143801229
4.3868070634328
4.3844988235378
4.3821896809147
4.379879632588
4.3775686877456
4.3752568636282
4.3724414346238
4.3696247343858
4.3668067790049
4.3639875976851
4.3607888219348
4.3575885106313
4.3543866797581
4.351183388053
4.3482701738561
4.3453557715249
4.3424401812478
4.3395234753225
4.3371674377346
4.3348106770907
4.332453196635
4.3300950302221
4.3279060362498
4.3257164624379
4.3235263154077
4.3213356108126
4.3187750489785
4.3162137476942
4.3136517182282
4.311088980151
4.3079741965617
4.3048584035921
4.301741618472
4.2986238812026
4.2954484875048
4.2922721363702
4.2890948334321
4.2859166498038
4.2832937861947
4.2806703285516
4.2780462759069
4.2754216803559
4.2732242337847
4.2710264119984
4.2688282197913
4.2666296762221
4.264304289972
4.2619785250943
4.2596523891635
4.2573258965242
4.2544488186627
4.251571222671
4.248693122325
4.2458145431763
4.2425340381672
4.2392529466113
4.2359712812327
4.2326890965539
4.2303425414123
4.2279957318021
4.2256486727808
4.2233013852801
4.220953886358
4.2186061723356
4.2162582502902
4.213910134426
4.2110516931516
4.2081929893617
4.2053340354004
4.2024748552217
4.1992324249956
4.195989735261
4.1927467974087
4.1895036606584
4.1865555283721
4.1836072443219
4.1806588066352
4.1777102771816
4.1753290562057
4.1729477769027
4.1705664410769
4.168185077585
4.165974802465
4.1637645113962
4.161554209386
4.1593439094308
4.1567610944556
4.1541782991206
4.1515955320448
4.1490128091962
4.145875052413
4.1427373890424
4.1395998319143
4.1364624140168
4.1332685042009
4.1300747599124
4.126881183605
4.1236878356544
4.1210533452375
4.1184190120109
4.1157848337175
4.1131508550041
4.1109458692744
4.108741026251
4.1065363293554
4.1043317946191
4.1020003657204
4.099669129007
4.0973380902149
4.0950072610704
4.0921256462247
4.0892443726691
4.0863634507762
4.0834829013434
4.0802015309102
4.0769206699612
4.0736403270812
4.070360547849
4.0680165429902
4.0656728334283
4.0633294226692
4.0609863282608
4.0586435643255
4.0563011266474
4.0539590205251
4.0516172575598
4.0487670412732
4.0459173521734
4.0430681994588
4.040219602596
4.0369898489739
4.0337608332751
4.0305325630876
4.0273050794687
4.027041034381
4.0267769945741
4.0265129600631
4.0262489308621
4.0259849069851
4.0257208884458
4.0254568752573
4.0251928674326
4.0250910919795
4.0249893173262
4.0248875434733
4.0247857704215
4.0246839981716
4.0245822267243
4.0244804560802
4.02437868624
4.0243426937562
4.0243067013732
4.0242707090908
4.0242347169091
4.0241987248282
4.0241627328481
4.0241267409688
4.0240907491903
4.0240817378904
4.0240727265969
4.0240637153096
4.0240547040287
4.0240499437846
4.0240451835422
4.0240404233017
4.0240356630628
4.0240335501547
4.0240314372469
4.0240293243394
4.0240272114323
4.0240266033127
4.0240259951932
4.0240253870738
4.0240247789543
