0.05
0.050000207131212
0.050000413419234
0.050000619284712
0.050000825144865
0.050001868766218
0.050002972879174
0.05000418588697
0.050005554318555
0.050016376013019
0.050036981990657
0.050071236949967
0.050122653041082
0.050198187391636
0.050297935274818
0.050423776371681
0.050577426527404
0.050802346509859
0.051071383484753
0.051385696784441
0.051746410045523
0.052280904323105
0.052894408261642
0.053587330216035
0.054360261346358
0.05549474204414
0.056766446664704
0.058174720398485
0.05971934365248
0.062059508813453
0.064652613180595
0.06749619284205
0.070588378901402
0.075666622901315
0.081286629467591
0.087440859356222
0.094120723439423
0.10182507328745
0.11011254249372
0.11897631407608
0.12840106527014
0.13836754578664
0.14888413801562
0.15994988275735
0.1715362126552
0.18221666703343
0.19330585059394
0.20480723856819
0.21669059517382
0.22723584269738
0.23806699637388
0.24918430484383
0.26057199813991
0.27224784428918
0.28419266882627
0.29640515869122
0.30887460424113
0.32337224234622
0.33819760847264
0.35334953671603
0.36881224712297
0.38588837938281
0.40332622024292
0.42112868591399
0.43926620943173
0.45677196553981
0.47458505359581
0.49271275464631
0.51111803780499
0.5278872061726
0.54488807250053
0.56212485146345
0.57957197034079
0.59670765293663
0.61404454189512
0.63158407615323
0.64930946927909
0.66864154562416
0.68819026106831
0.70795724418902
0.72792383919852
0.7497070006128
0.77172561027763
0.79398494755245
0.81645501463055
0.8388370790683
0.86143430542809
0.88425679017884
0.9072636297033
0.92867963043515
0.95026587613807
0.97203075213994
0.99393977434808
1.0149778644352
1.0361559578065
1.0574786417777
1.0789225225866
1.1013590308207
1.1239318373325
1.1466449130198
1.1694766288251
1.194107010945
1.2188804503081
1.2438038312643
1.2688472039671
1.2943737958949
1.3200366533575
1.3458477425868
1.3717646479417
1.3963816447983
1.4211107201619
1.4459640879089
1.4708998206555
1.4945498221686
1.5182878934139
1.5421220177178
1.5660217924034
1.5902361168977
1.6145272856391
1.6389014140205
1.6633336390425
1.6893401267656
1.7154217073458
1.7415863867928
1.7678044879693
1.7949879595577
1.8222433845644
1.8495836868073
1.8769669407456
1.9035300282829
1.9301540389164
1.956854262172
1.9835833944566
2.0088214676879
2.0341049569077
2.0594454141211
2.0848051312639
2.1098176122949
2.1348632919472
2.159950445791
2.1850503853654
2.2113130167886
2.2376020250432
2.2639262682212
2.2902561890629
2.317859398856
2.3454848304266
2.373145595116
2.400801733594
2.4282332340252
2.4556827102457
2.4831674280427
2.5106373660031
2.5366628549408
2.5626991958792
2.5887615185856
2.6148049054236
2.6399349365046
2.6650665232623
2.6902103338222
2.715332906605
2.7410612995832
2.7667825667247
2.79250636835
2.8182026761928
2.845245975183
2.8722755023038
2.8993040410666
2.9262943417065
2.9536668481836
2.9810229921643
3.0083807248197
3.0356902534747
3.0618614531205
3.0880155617392
3.114170927451
3.1402763916626
3.1650808647868
3.1898640231756
3.2146393396413
3.2393674026387
3.2640699436934
3.2887434265435
3.3133985015943
3.3380036182253
3.3637739154434
3.3895066032436
3.4152139366925
3.4408612998807
3.4673854332216
3.4938676782579
3.520325464728
3.5467118435208
3.5724800575785
3.598208715434
3.6239184561458
3.6495541333102
3.6737530062618
3.6979137463902
3.7220530734285
3.7461245979798
3.7695602148122
3.7929531072067
3.8163153630269
3.8396123940954
3.8636646877886
3.8876654720034
3.9116265843514
3.935515213589
3.9605525374801
3.9855312037788
4.0104672893329
4.035318305508
4.0601793870057
4.0849834633228
4.1097519840037
4.1344292587241
4.1578262879442
4.1811722951891
4.2044873957764
4.2277180570752
4.2498303303317
4.2718916391585
4.2939162184826
4.3158645254825
4.3380047273836
4.3600868789348
4.3821227929332
4.4040800083334
4.4271739334235
4.4502005307465
4.4731742245408
4.4960572647787
4.5195368670967
4.5429472693222
4.5663090669286
4.5895697741597
4.6119801362572
4.6343291435242
4.6566397233385
4.6788527857148
4.6996924312813
4.7204760091962
4.7412207770108
4.7618802128582
4.7821240054094
4.8023080247576
4.8224447272469
4.8424999971207
4.8634034097832
4.884237479039
4.9050151770189
4.925702547856
4.9473813614956
4.9689845408313
4.9905305476674
5.0119728288325
5.0331729015541
5.0543034090809
5.0753885313924
5.0963673712917
5.1160130880687
5.1355990387724
5.1551462069877
5.1745997486961
5.1931098303045
5.2115610690979
5.2299675416916
5.2482909300853
5.2669688664391
5.2855800898692
5.304136692488
5.3226066962836
5.3421746369365
5.3616663162309
5.3810975559077
5.4004285535814
5.4201440415682
5.4397844322324
5.4593729816415
5.4788519953249
5.4973404843302
5.5157657818747
5.5341524808641
5.5524381045666
5.5694484675363
5.5864019122073
5.6033154127597
5.6201434968767
5.6367426090221
5.6532802178676
5.6697683965291
5.6861747012716
5.7034848486072
5.720722999808
5.7379025913586
5.7549895425715
5.7729302796229
5.7907941998836
5.8086017547685
5.8263026148849
5.843580230795
5.8607911812946
5.8779621107268
5.8950268172012
5.9107665318944
5.9264510012279
5.9421013999626
5.9576624690944
5.972452963669
5.9871880707805
6.001881036523
6.0164958639232
6.0315863964983
6.0466123802107
6.0615856180104
6.0764755346584
6.0924069704391
6.1082644448796
6.1240647911721
6.1397665960838
6.1467523966363
6.1537235884273
6.1606735384784
6.167589526528
6.174453414283
6.181257358092
6.1879971147696
6.1946652418989
6.2046181468984
6.2143996659699
6.2240130303878
6.2334487738051
6.2454312670834
6.2571242719056
6.2685344902736
6.2796580233478
6.2947572365366
6.3093217549612
6.3233690432585
6.3368915903837
6.3486906685965
6.3600912131422
6.3711146334763
6.3817327612442
6.3919066765232
6.4017274409926
6.4112359676059
6.4203548923328
6.4280291913147
6.4354639883107
6.4427018333396
6.4496499079516
6.4552320178928
6.4606504973343
6.4659207025637
6.4710049337549
6.4758228451599
6.480477701925
6.4849767096315
6.489305928025
6.4941902209631
6.4988536057701
6.5033060281042
6.5075338257756
6.5122155963232
6.5166155033941
6.5207587889442
6.5246016341015
6.5279845083888
6.5311478912316
6.5341469149488
6.5368624093811
6.5387604463834
6.5405388176664
6.5422279162273
6.5437520082076
6.5448842998653
6.5459218947615
6.5468711832248
6.5477134369234
6.5485083656754
6.5491816976244
6.5497385794419
6.5501700232584
6.5505238846435
6.5506934047185
6.55069006307
6.5504962154545
6.5500126824083
6.5493296171124
6.5484864523832
6.5474012153371
6.5465211162973
6.5455656299716
6.5445432510958
6.5434294756444
6.5422087221552
6.5409063098436
6.5395258155762
6.5380594548156
6.5360329454995
6.5338741658554
6.5315908799467
6.5291710906144
6.5260713641795
6.5228081176301
6.5194114648704
6.5158196277018
6.5132710712236
6.5106590107043
6.5079918877736
6.5052469096325
6.5024091508971
6.499503583577
6.4965341959328
6.4934921239465
6.4895724830171
6.4855498683173
6.4814324426758
6.4772058579316
6.4721685813901
6.4670155531005
6.4617745636878
6.456386508469
6.4525178079609
6.4486011379695
6.4446447481059
6.4406260026731
6.4365299185094
6.4323812467001
6.4281839146302
6.423928683941
6.4185876119612
6.4131685070393
6.4076790167216
6.4021047531798
6.3955906633412
6.3889915702036
6.3823320850695
6.3755589326526
6.3706111356489
6.365626733507
6.3606138092885
6.3555503036881
6.3504213846156
6.3452515578125
6.3400448407343
6.3347914865552
6.3283416295578
6.3218329256849
6.3152728256082
6.3086464812399
6.3010465324609
6.2933857702496
6.2856864402447
6.2778995404511
6.270696785919
6.2634656413902
6.2562411974667
6.2489405074364
6.2429310282134
6.2369056906533
6.2308775099555
6.2248094785474
6.2191091655338
6.2133867906078
6.2076460355346
6.2018756164637
6.195088239351
6.1882671834809
6.1814168365567
6.174527694336
6.1661098491983
6.1576486158907
6.1491560629007
6.1406063755101
6.1318241200737
6.123017182046
6.114217611469
6.1053510635554
6.0979275898509
6.0904997863979
6.0830915425466
6.0756419027165
6.0693200563006
6.062989252983
6.0566548216593
6.0502990744028
6.0435291631384
6.0367420650927
6.0299408572681
6.0231174398617
6.0146582983428
6.0061731914298
5.9976683944919
5.9891305322462
5.979384008722
5.9696163509191
5.9598482975488
5.9500325133632
5.9429421290861
5.9358453338052
5.9287487289408
5.9216332082222
5.9144858710529
5.9073272676149
5.9001605214561
5.8929772020144
5.8842086048828
5.8754230026538
5.8666262892546
5.8578055257669
5.8477627768791
5.8377083634631
5.8276606268901
5.8175774293418
5.8083314009068
5.7990925377357
5.7898903301727
5.7806537825701
5.7731090107791
5.7655703454152
5.7580487555074
5.750512351008
5.7434726015456
5.7364303699396
5.7293886838804
5.7223376702738
5.7140905416078
5.7058361274328
5.6975779871373
5.6893076721253
5.6792690917516
5.6692236523583
5.659181341592
5.6491195627954
5.6388514433936
5.6285916571288
5.618367007211
5.6081140634786
5.5995620921392
5.5910253573992
5.5825239119637
5.5740058772055
5.5667889281242
5.5595772513481
5.5523753631106
5.5451678955916
5.5375150863442
5.5298616356578
5.52221011228
5.5145532963815
5.5051160359825
5.4956771786582
5.4862419708253
5.4767984606412
5.4660885680585
5.4553858859329
5.4447079182053
5.434013631285
5.4243618356269
5.414731086942
5.4051488839951
5.3955483309088
5.3877951291024
5.3800557668562
5.372339440438
5.3646184425592
5.3573694388938
5.3501249159263
5.3428873236537
5.3356483012987
5.3270794344203
5.3185130665023
5.309952286726
5.3013895270417
5.2909697867242
5.2805570476046
5.2701606157151
5.2597589100718
5.2492529826792
5.2387684362293
5.228330768863
5.2178790431405
5.2092779539861
5.2006992412302
5.192160708241
5.1836155606324
5.176389645794
5.1691738384447
5.1619718210383
5.1547704852162
5.1470429588441
5.139320855789
5.1316063668225
5.1238931664002
5.1143230608107
5.1047605714191
5.0952104436656
5.0856615818768
5.07487379741
5.0641042365018
5.0533695052606
5.042630164028
5.035004828933
5.0273912907718
5.0197944458357
5.012199262302
5.0045956284994
4.9969991174114
4.9894118726543
4.981827497235
4.9725077018187
4.9631973826045
4.9539007371471
4.9446077992481
4.9339815636696
4.9233745840039
4.9128011344585
4.9022272632342
4.89259463019
4.8829909667826
4.8734405697683
4.863884151224
4.8561905197166
4.8485161831167
4.8408698344265
4.8332254966699
4.8261497532934
4.8190836177898
4.812029239312
4.8049789805602
4.7967067909468
4.7884440163973
4.7801931717618
4.7719477840619
4.7618727091962
4.7518137182548
4.7417782668747
4.7317486990797
4.7214953785956
4.7112705065957
4.7010957395479
4.6909189701983
4.6825084391996
4.6741247616824
4.6657845299446
4.6574444121038
4.650467749768
4.6435048995987
4.6365593043905
4.6296186384775
4.622277149962
4.6149452966932
4.607624908704
4.6003104161518
4.5912450423085
4.5821932635364
4.5731588790813
4.5641327329626
4.5538224719056
4.5435364702605
4.533288344517
4.5230454368967
4.5157188687653
4.5084068677085
4.501113765493
4.4938263771825
4.4865357460813
4.4792557189242
4.4719882650555
4.4647274693685
4.4558903712034
4.4470677664046
4.4382634172971
4.4294681643043
4.4194987545078
4.4095535214863
4.3996447553983
4.3897429186222
4.3807210991087
4.3717296961954
4.3627888897428
4.3538491413127
4.3465934205198
4.3393578738662
4.3321499141094
4.3249473972408
4.3182435519586
4.3115512765635
4.3048725286678
4.2982004338679
4.2904076407492
4.2826273153274
4.2748617258573
4.2671049223665
4.2577028153803
4.2483206569159
4.2389650498689
4.2296201237951
4.2201135830956
4.2106373056901
4.2012097863721
4.1917862880814
4.1839744563216
4.1761893164989
4.1684448200726
4.1607043298894
4.1541849884203
4.1476801948055
4.1411929735621
4.1347125728396
4.1278475612129
4.1209938616866
4.1141531233562
4.107320303469
4.0988950404606
4.0904858847848
4.0820962394986
4.0737177618084
4.064209176856
4.0547268739812
4.0452828105206
4.0358481052474
4.0290776926938
4.0223225645144
4.0155865254152
4.0088579110532
4.0021287934222
3.9954113788851
3.9887073850197
3.9820115722764
3.973871037548
3.9657466123355
3.9576415583358
3.9495478133235
3.9403724519094
3.9312224765044
3.9221085879436
3.9130049052744
3.9047056518588
3.8964364625087
3.8882150663644
3.8799978355297
3.8733315209185
3.8666850871849
3.860065092365
3.8534519123946
3.8473059332904
3.8411718830232
3.8350514769107
3.828938626451
3.8218070862602
3.814688781956
3.8075856798034
3.8004925401566
3.7918927405856
3.7833136892565
3.7747611172569
3.7662211271068
3.7575241864483
3.7488570903688
3.7402360665634
3.7316217411972
3.7244812086849
3.7173663710422
3.7102896045225
3.7032183806637
3.6972729838813
3.6913418678135
3.685427705366
3.6795209457065
3.6732744513999
3.6670394452429
3.6608173595644
3.6546037492204
3.6469415226583
3.6392957052063
3.6316692405151
3.6240548288754
3.6154002987198
3.6067717006756
3.598179473561
3.5895982929079
3.5834412987732
3.5772991520281
3.5711751967914
3.5650591525742
3.558944023565
3.5528405634152
3.5467502821313
3.5406685360634
3.5332807788356
3.5259091436975
3.5185564942379
3.5112156854804
3.5029007515158
3.4946105405583
3.4863544570477
3.4781096627742
3.4705961580966
3.4631109847512
3.4556697159592
3.4482339581618
3.4422011072617
3.4361869384977
3.4301972149709
3.4242146551454
3.41865405127
3.4131049468023
3.4075688490553
3.4020403795886
3.3955923232779
3.3891572351945
3.3827368394687
3.3763264996515
3.3685575193515
3.3608086683732
3.3530849827677
3.3453741810575
3.33752435928
3.3297026730979
3.3219234194195
3.3141518391912
3.3077121384494
3.3012962861782
3.294915189305
3.2885401410235
3.2831814509888
3.277836159687
3.2725066175159
3.2671843959083
3.2615566255741
3.2559398589262
3.2503353511728
3.2447391769027
3.2378383801099
3.2309533417859
3.2240866428191
3.2172318376419
3.2094403492286
3.2016733424879
3.1939400132375
3.1862179891168
3.180681129633
3.1751581499867
3.16965199256
3.1641535834819
3.1586567474224
3.1531709601425
3.1476975455926
3.1422324055557
3.1355928007795
3.1289685035521
3.1223620267846
3.1157670625082
3.1082961715449
3.1008484461814
3.0934321776844
3.086027178903
3.0792810399815
3.0725609946568
3.0658808145079
3.0592065131114
3.0537950590299
3.0484007691379
3.0430287306959
3.0376636620119
3.0326791375919
3.0277053085739
3.0227434973607
3.0177889587321
3.0120093935752
3.0062419961958
3.0004882772853
2.9947441486547
2.9877797540313
2.9808341645732
2.9739118082832
2.9670018473387
2.9599660804017
2.9529562138909
2.9459848900589
2.939021334271
2.9332544581294
2.9275093486044
2.9217956682515
2.9160879685323
2.9112943338105
2.9065129858939
2.9017459950344
2.8969859100666
2.891953826611
2.8869319378522
2.8819213433179
2.87691858283
2.8707467793493
2.8645896041725
2.8584493199935
2.8523202495299
2.8453492280017
2.8384007396626
2.831482894224
2.8245759255483
2.8196276160821
2.8146920017653
2.8097716752617
2.8048586250781
2.7999473985391
2.7950463530889
2.7901566526877
2.7852746791508
2.7793424829327
2.7734244184247
2.7675226975918
2.7616317465393
2.7549580374563
2.7483055557305
2.741681624876
2.7350683844142
2.7290454179524
2.7230461178836
2.7170826683359
2.7111249805987
2.7062969501435
2.7014844588764
2.6966919983771
2.6919060583143
2.687460510977
2.6830247161175
2.6785998364896
2.6741816839792
2.6690266960474
2.6638828632069
2.6587515136153
2.6536290386597
2.6474165567602
2.6412212751973
2.6350470977758
2.6288844475148
2.6226094026443
2.6163578434951
2.6101409566233
2.6039314892378
2.5987914789968
2.5936710993346
2.5885789045813
2.583492353569
2.5792226864161
2.5749641288687
2.5707185057663
2.5664792320894
2.5619979498723
2.5575259435435
2.5530641794278
2.5486096043975
2.543112170244
2.5376280644007
2.5321592775841
2.5267008001024
2.5204901960788
2.5143000218439
2.508137441156
2.5019849730008
2.4975801624623
2.4931868150778
2.4888072180838
2.4844342933459
2.4800632236649
2.4757013864141
2.4713498064357
2.4670052887666
2.4617249975985
2.456457537938
2.4512048595805
2.4459620371559
2.4400218983594
2.4341009527206
2.4282056739118
2.4223202573507
2.4169613487472
2.4116237091015
2.4063181242236
2.4010179478736
2.3967245684108
2.3924451357996
2.3881836192836
2.3839280684947
2.3799759351378
2.3760325902
2.3720990576641
2.3681716391583
2.3635883107263
2.3590150677004
2.3544530797916
2.3498991605747
2.3443747086885
2.3388657891796
2.3333758474724
2.327896418584
2.3223167339097
2.3167581506006
2.3112305698505
2.3057098581569
2.3011415791934
2.2965908796804
2.2920653343269
2.2875449772524
2.2837521934876
2.2799693715714
2.2761981218481
2.2724326224271
2.268452319361
2.2644803641346
2.2605176076066
2.2565613541771
2.2516775037586
2.2468056594282
2.2419475754978
2.2370988287737
2.2315802930241
2.2260801086957
2.220604607503
2.2151383272015
2.2112267209888
2.2073253847663
2.2034363381982
2.1995533251481
2.1956720880199
2.1917991436715
2.1879353958724
2.1840780218259
2.1793890199208
2.1747115533196
2.1700473429433
2.1653920347693
2.1601171271474
2.1548594305374
2.1496246696822
2.1443988590243
2.1396413040995
2.1349027508754
2.1301927461772
2.1254876986851
2.1216774985512
2.1178797476316
2.114097954796
2.1103215490678
2.1068148101172
2.1033159347819
2.0998258261861
2.0963412166051
2.0922740450039
2.0882159159311
2.0841678611886
2.0801270653565
2.0752241824031
2.0703352162587
2.0654632105812
2.0606006804447
2.0556490345865
2.0507162374155
2.0458110518064
2.0409121120415
2.0368593062712
2.032822170811
2.0288074108339
2.0247973488647
2.0214336536518
2.0180788449825
2.0147343450522
2.0113950058038
2.0078652121747
2.0043428818653
2.0008287653078
1.997320480949
1.9929887878347
1.9886678352464
1.9843591713904
1.9800588880142
1.9751636360494
1.9702847734297
1.9654278988023
1.9605793335952
1.9571109169687
1.9536516570079
1.950203338283
1.9467604293621
1.9433191659844
1.9398853078457
1.9364596527996
1.9330397058352
1.9288819368321
1.9247344741685
1.9205988379927
1.9164711784281
1.9117938594318
1.9071318947066
1.9024903476786
1.8978568431372
1.8936389622175
1.8894379947215
1.8852623899466
1.8810912654003
1.8777141016942
1.8743480126844
1.8709961011933
1.8676490156673
1.8645411882769
1.8614403662686
1.8583473470086
1.8552592420313
1.8516544927405
1.8480578091677
1.8444701023976
1.8408888837746
1.836543070791
1.8322096664493
1.827891360931
1.8235815346437
1.8191926253101
1.8148204909255
1.8104728861927
1.8061308997465
1.8025394183789
1.7989618655001
1.7954041755928
1.7918507010433
1.7888705409672
1.7858982829018
1.7829351836456
1.7799766901633
1.7768494815524
1.7737289182751
1.7706156629106
1.7675076103831
1.7636695844702
1.7598411256275
1.7560236013812
1.7522135569471
1.7478758179628
1.7435526630094
1.7392490435891
1.7349528586034
1.7318802572148
1.7288157953553
1.7257610505818
1.7227111311299
1.71966270813
1.7166208739344
1.7135863334386
1.7105568806282
1.7068735579239
1.7031994083906
1.6995357755949
1.6958792547394
1.6917356466729
1.6876056922932
1.6834938705906
1.679389231818
1.6756530292095
1.6719318459728
1.6682331591335
1.6645384873492
1.6615474585713
1.6585662606923
1.6555976379584
1.6526333173459
1.6498810308418
1.6471349682591
1.6443958341141
1.6416610743831
1.6384685706004
1.6352832382685
1.6321058824528
1.6289343026319
1.625085271565
1.6212472708324
1.6174226790579
1.6136056411017
1.6097185114413
1.6058462767056
1.6019957988096
1.5981503415306
1.5949698842475
1.5918017847641
1.5886512946928
1.5855045658485
1.582865828654
1.5802341040121
1.5776105030192
1.5749909984162
1.5722221149475
1.5694591335507
1.5667026396758
1.5639507720019
1.5605523040062
1.5571623350653
1.5537820738431
1.5504084654305
1.5502945436191
1.5501806314137
1.5500667287761
1.5499528356694
1.5498389511552
1.5497250997255
1.5496113065168
1.549497579369
1.5494051727069
1.5493128247575
1.5492205425603
1.5491283329871
1.5486686099666
1.5482116378625
1.5477580990315
1.5473086119744
1.5460303825704
1.5448003722827
1.5436241597799
1.5425094397893
1.5414142128676
1.5403920979912
1.5394442492655
1.5385726033047
1.5375283119169
1.5366214035601
1.535851146874
1.5352184188327
1.5345945945168
1.5342064600784
1.5340513294381
1.5341285235881
1.5346119824684
1.5355224491261
1.5368524631629
1.5386003127251
1.5412566920783
1.54449023897
1.5482816321947
1.5526442584886
1.5559014849103
1.5594009992784
1.5631368196199
1.5671154752969
1.5713404527171
1.5757990632333
1.580487114947
1.5854059597189
1.5918672084688
1.598674550304
1.605819931079
1.6133046874775
1.622572093887
1.632283755869
1.6424192481572
1.6529992066976
1.6605969282664
1.6683900983312
1.6763716318196
1.6845517477044
1.6929365244312
1.7015094081796
1.7102657246742
1.7192089024611
1.7304455718862
1.7419502126521
1.7537144461004
1.7657425918494
1.7801435913261
1.7948763239916
1.8099185860619
1.8252995761971
1.8362196701767
1.8472843026512
1.8584857519491
1.8698376705183
1.881348548965
1.8929989994415
1.9047842884645
1.9167095507637
1.9315413193271
1.9465705522035
1.9617888363038
1.9772030136619
1.9954645188927
2.0139636853707
2.0326766041714
2.0516404627351
2.0649835540258
2.0784267595269
2.0919619138452
2.105605644398
2.1193685474637
2.1332289792374
2.1471822495935
2.1612349323708
2.1786557363338
2.1962138658211
2.2139009117548
2.2317260418915
2.2526953264014
2.2738222556502
2.2950814096632
2.316517314833
2.3315376431665
2.3466209860739
2.361758820597
2.3769703931981
2.3922681659408
2.4076285644657
2.4230469575947
2.4385311807206
2.4576868159566
2.4769296457465
2.4962512705085
2.5156629820807
2.5383643002986
2.5611571605882
2.5840149737938
2.6069884365137
2.623101311507
2.6392470244454
2.6554167190762
2.6716319468589
2.6879068370979
2.7042160507787
2.7205549692715
2.7369326094187
2.7571263956364
2.7773665042181
2.7976444950596
2.8179736594049
2.8415959222865
2.8652564934971
2.8889279689101
2.9126659493381
2.9294107590883
2.9461641023287
2.9629167869573
2.979692414989
2.9965066282184
3.0133324054633
3.0301650777923
3.0470148135146
3.0676872023742
3.0883732124343
3.1090643056401
3.1297756554192
3.1536765882097
3.1775741801277
3.2014405511837
3.2253349402805
3.2423499912778
3.2593541490683
3.2763378757097
3.2933266029125
3.3103373551941
3.3273414779461
3.3443341865281
3.3613267964301
3.3820391261413
3.4027393928657
3.4234189035741
3.4440946042436
3.4677822026449
3.4914347653929
3.5150242196708
3.538612328
3.555611841264
3.5725850566469
3.5895220834546
3.606449987657
3.6233870626029
3.6403030633465
3.6571930316998
3.6740694305238
3.6944844909796
3.7148677017007
3.7352101683445
3.7555304953204
3.7786412581125
3.8016935484027
3.8246593206581
3.847601942905
3.8685581621094
3.8894360191644
3.9101864455605
3.9309265618831
3.9475907636427
3.9642003806086
3.9807367083364
3.9972535489541
4.012415217943
4.0275433653564
4.0426333313055
4.0577006392828
4.0753027251738
4.0928655890607
4.1103840454252
4.127870311331
4.1494476516498
4.1709591518126
4.1923898724343
4.213773215484
4.2359766921728
4.2580795679385
4.2800328006329
4.301952468998
4.3199240924392
4.3378053501651
4.3555535434176
4.373277495261
4.3876813275438
4.4020350761733
4.4163306637169
4.4305972489267
4.4454245810984
4.4602113588667
4.4749539481988
4.4896635482997
4.5081530654458
4.526581196629
4.5449406650147
4.5632482630304
4.5848842292753
4.606418482456
4.6278215040575
4.6491630225747
4.6641388640342
4.6790580886459
4.6939106501859
4.7087261899221
4.7235249104551
4.7382749651161
4.7529715887348
4.767628551937
4.7854387188081
4.8031786441799
4.8208392081337
4.8384421620078
4.8583374971145
4.878127902868
4.8977828725705
4.9173753363273
4.9351126624288
4.9527366649725
4.9701961325123
4.9876164185914
5.0016428091767
5.0155949520527
5.0294544675399
5.0432764323973
5.0560992349079
5.0688728291798
5.0815925495635
5.0942749819755
5.1091473286186
5.123960008963
5.1387075879057
5.1534043128993
5.1713487989351
5.18919957476
5.2069401702788
5.2246102081298
5.2426414963211
5.2605477538196
5.2782782894717
5.2959558329758
5.3104533807233
5.3248488792916
5.3391026501215
5.3533185170249
5.365101509908
5.3768262706596
5.3884850124474
5.4001064132678
5.4123675392356
5.4245778078336
5.4367332689188
5.4488464927265
5.463939787488
5.4789572906479
5.4938907251183
5.5087606793104
5.5258940996971
5.5429113137756
5.5597798829664
5.5765787223231
5.5883925525302
5.6001436797407
5.611821881793
5.6234587672686
5.6350757796925
5.6466400370501
5.6581470085597
5.6696107979577
5.6836096203926
5.6975329220758
5.7113718675094
5.7251486809202
5.7408045029677
5.7563488510505
5.7717507713711
5.787085810758
5.8009977948963
5.8147906176507
5.8284105624816
5.8419900848459
5.8529005661003
5.8637339408421
5.8744709786133
5.8851699202228
5.895064967989
5.9049109245384
5.9146731503223
5.9243327890253
5.9348606023791
5.9451782226258
5.9553182026434
5.9651994850966
5.9734371510298
5.9815112384779
5.9894278201385
5.9971708824703
6.0059084371797
6.0144250163389
6.0227269214896
6.0308071617723
6.04103361667
6.0509024942271
6.0604286437125
6.0695970839157
6.0796630709433
6.0893189038981
6.0986251751356
6.1074630566771
6.1123229044018
6.1170626065682
6.1216899827873
6.1261802157477
6.1305181941671
6.134727958141
6.1388125960301
6.1427667379241
6.1480043986785
6.153004815432
6.1577760997997
6.1623109598917
6.1677513288059
6.1728444798924
6.1776288229537
6.1820345809731
6.1844884760474
6.1868311676793
6.1890711662372
6.1911863386675
6.1931627430008
6.1950245766378
6.1967757456195
6.1984092394605
6.200362698755
6.2021266269602
6.2037101878093
6.2051012058244
6.2064724703339
6.2076103809536
6.2085519952027
6.2092230596426
6.2094794784681
6.2096529598567
6.2097516614287
6.2097528143338
6.2096419313569
6.2094429995581
6.2091595810553
6.2087843238441
6.2081533662676
6.2073793466287
6.206470305553
6.2054141252172
6.2039421669697
6.2022957394215
6.2005059589402
6.1985091207896
6.1970392776851
6.1955024899126
6.1939068653353
6.1922302267396
6.1904581595653
6.1886146287273
6.186703368184
6.1847161862518
6.1820903775097
6.1793540786881
6.1765151729209
6.1735602430437
6.1699601769662
6.1662329956609
6.1624062275021
6.1584218869234
6.1555463877761
6.152618412624
6.1496459718374
6.146607176691
6.1434875660581
6.1403110864691
6.1370815553017
6.1337901485176
6.1296217798218
6.1253686522048
6.1210383346889
6.116616854964
6.1114177603356
6.1061250973519
6.1007632118797
6.0952797662688
6.0912579306293
6.08719526898
6.0830996800595
6.0789496983691
6.074730908143
6.0704671791832
6.0661624436088
6.0618072901301
6.0564376324461
6.0510032616334
6.0455115325065
6.039948001311
6.0335474306962
6.0270786125171
6.0205633679225
6.0139539443295
6.0078194687421
6.0016500279209
5.9954796137969
5.9892280958567
5.9840577276104
5.9788671003559
5.9736688235006
5.9684271878055
5.9634834368428
5.958514142917
5.9535229535246
5.9484988673647
5.9425815582116
5.9366261760046
5.9306371163741
5.9246049956317
5.9172432456641
5.9098321678978
5.9023837639629
5.8948725429304
5.8871643041294
5.8794249762086
5.871685458215
5.8638743086971
5.8573066561163
5.8507294921432
5.8441654408528
5.8375568241281
5.8319084841525
5.8262477375207
5.8205798041052
5.814887634734
5.8088045920426
5.8027009324191
5.7965797796308
5.7904330865454
5.7828343656774
5.7752050350107
5.7675514729075
5.7598601935302
5.7511285624307
5.7423702567637
5.7336056445609
5.7247884130041
5.7168011109122
5.7088104540485
5.7008471344035
5.6928373969222
5.686314825198
5.6797908230879
5.6732756311847
5.6667389286922
5.6605510969189
5.6543539965754
5.6481505409023
5.6419314259697
5.6345482025219
5.6271486093286
5.6197364195929
5.6123030670371
5.6032723504087
5.5942227251403
5.5851652622733
5.5760753147791
5.5669087503687
5.5577402374367
5.5485983929351
5.5394158185367
5.5318166330766
5.5242252478299
5.5166609542124
5.5090734009024
5.5025896494535
5.4961054442047
5.4896249693507
5.483133898855
5.4761243625786
5.4691080256999
5.4620875526054
5.4550557890726
5.4463480335962
5.4376300196714
5.4289075282006
5.4201677152468
5.4103547079839
5.4005395534141
5.3907413725699
5.3809156471637
5.3721551673236
5.3634083558213
5.3547025870953
5.3459711937238
5.3388995247498
5.3318361749562
5.3247895554139
5.3177339024312
5.3109969377678
5.3042598813132
5.2975251737378
5.2907847694785
5.2827239293406
5.2746597081403
5.266595462394
5.2585232598404
5.2487580723798
5.2389922846142
5.2292362680966
5.2194662210182
5.2097495909606
5.2000475085773
5.1903864702628
5.1807033414026
5.1727730134997
5.1648594519037
5.1569791851107
5.1490882308332
5.1423225741122
5.1355629814624
5.128812891265
5.12206011422
5.1146902181156
5.1073217277252
5.0999569744204
5.0925895355703
5.0834501465434
5.0743128669119
5.0651830173125
5.0560483825749
5.0458844347748
5.0357327493572
5.0256113576955
5.0154776412073
5.0065555924587
4.997656273709
4.9888042393339
4.9799390964507
4.9727815049741
4.9656372661716
4.9585133911659
4.9513877692004
4.9445239133624
4.9376652405136
4.9308138339212
4.9239626723586
4.9157118216538
4.9074654586214
4.8992266035645
4.8909879241648
4.8810502503453
4.8711229683691
4.8612158361337
4.8513060094569
4.8415607218774
4.8318391633042
4.8221659798527
4.812481996346
4.8046183813473
4.7967759903365
4.7889691635612
4.7811591120101
4.774440766175
4.7677319727558
4.7610356008622
4.7543411676065
4.7469633406382
4.739591774382
4.7322285265251
4.7248678261591
4.7157150660691
4.7065718703633
4.6974431512694
4.6883173792034
4.6782327540093
4.6681686875472
4.6581422051982
4.6481126662843
4.6393745029032
4.6306636226031
4.6220022506281
4.6133353183365
4.606357804808
4.5993960479576
4.592455981192
4.5855183994062
4.5787848730437
4.5720594689018
4.565343981898
4.5586322495846
4.5504955962607
4.5423680948801
4.5342524705015
4.5261419816407
4.5163730445241
4.5066209241875
4.4968947867665
4.4871728834287
4.4776975183803
4.468250700766
4.4588554301477
4.4494562039603
4.4418806502459
4.4343282292531
4.4268115488853
4.4192960360324
4.412816158783
4.4063475417429
4.3998926101997
4.3934422550309
4.3862732291889
4.3791132122208
4.3719640271862
4.3648204904931
4.3559126021731
4.3470185953663
4.3381429967123
4.3292750172822
4.3195226738262
4.3097953809003
4.3001091795883
4.2904255229992
4.28374830039
4.2770848834793
4.2704390682524
4.2637983294992
4.2571544048746
4.2505195683689
4.2438952647262
4.2372768138215
4.2289386260406
4.2206133505693
4.2123040631476
4.2040033094277
4.19430228815
4.1846247420639
4.1749828557
4.1653473626372
4.1585417663472
4.151749991164
4.144975955332
4.1382077537387
4.1314372832991
4.1246770808807
4.1179289419348
4.1111874727836
4.1029698349075
4.0947663764932
4.0865805934444
4.0784039559156
4.0691575446467
4.0599344766289
4.0507462475259
4.04156518398
4.0332326223381
4.0249287513158
4.0166721017649
4.0084171102668
4.0017221051514
3.9950459128008
3.9883951669419
3.981749909872
3.9755434470106
3.9693479277296
3.9631651197125
3.9569888043286
3.9497531601943
3.9425295258457
3.9353199967571
3.9281190758965
3.9193977077104
3.9106955273289
3.902018718371
3.8933523900848
3.8845705682481
3.8758173710356
3.8671099694871
3.8584067926781
3.851210356031
3.8440387289498
3.8369045180146
3.8297744847385
3.8237571858189
3.8177534188892
3.8117658870379
3.8057849205427
3.799422738311
3.7930712886065
3.7867320853654
3.7804005107519
3.7725868216465
3.7647885243568
3.7570087955006
3.7492398383871
3.7404490927799
3.7316832539845
3.7229535087476
3.714232809333
3.7079977143442
3.7017769372446
3.6955739463928
3.6893780293191
3.6831819258504
3.6769967698785
3.6708241001292
3.6646591829546
3.6571400645588
3.6496360981505
3.6421502350599
3.6346751663646
3.6261780862792
3.617704916363
3.6092655317469
3.6008360295742
3.5931565693011
3.5855053985151
3.5778991191136
3.5702968898187
3.5641507993576
3.5580233199507
3.5519205233774
3.5458241894422
3.5401708673441
3.5345286487109
3.5288990776276
3.5232766088017
3.5167063051508
3.5101483567257
3.5036045372147
3.4970701026763
3.4891250658409
3.4811994527319
3.4732984903016
3.465409490794
3.4573638068446
3.4493460790103
3.4413713737238
3.4334031257872
3.426809800176
3.4202405189152
3.413706839914
3.4071784011179
3.4017059318039
3.3962467563551
3.3908033202293
3.3853668224879
3.3796212367756
3.3738863191807
3.3681633626478
3.3624483257974
3.355386631166
3.348340213012
3.3413117383783
3.33429458245
3.3262992022786
3.3183279984562
3.3103905545096
3.3024636076313
3.2967877717478
3.2911257159077
3.2854805043152
3.2798427080551
3.2742059114671
3.2685799710887
3.2629662685442
3.2573605482331
3.2505470171063
3.2437485130727
3.2369676659049
3.2301979076324
3.2225294554759
3.2148840064758
3.2072702281141
3.1996670617426
3.1927423433934
3.1858438912846
3.1789860535166
3.1721334487148
3.1665767935006
3.161037423476
3.1555206234254
3.1500105247719
3.1448883394891
3.1397768114811
3.1346773192277
3.1295849338436
3.1236419979013
3.1177111141116
3.1117938640394
3.1058859906375
3.0987240646229
3.0915808455076
3.0844609682571
3.0773531225626
3.07011937649
3.0629117093266
3.0557432977318
3.0485820991374
3.0426515324202
3.0367430121937
3.0308665644334
3.0249957880828
3.0200617397952
3.0151400755711
3.0102329468849
3.0053326237734
3.0001487183515
2.9949750100666
2.9898126495833
2.9846580349013
2.9782993801164
2.9719553463961
2.9656283059068
2.9593123303171
2.9521336605275
2.9449776760694
2.9378528479569
2.9307385605755
2.9256413408116
2.9205569529753
2.9154880978386
2.910426436692
2.9053662966543
2.9003163768547
2.8952778894097
2.8902470763317
2.8841321528112
2.8780314036504
2.8719471335992
2.8658735533619
2.8589908669267
2.852129622677
2.8452974492596
2.8384757676291
2.8322621379926
2.8260726322122
2.8199199455957
2.8137727468086
2.808791324742
2.8038257548465
2.7988807168304
2.793942144757
2.789355106315
2.7847779450416
2.780211872372
2.7756525326362
2.7703324168971
2.7650235495888
2.7597273154715
2.7544399638206
2.7480267666641
2.7416309584974
2.7352566062702
2.7288937520731
2.722414113619
2.7159584069846
2.7095382743306
2.7031253722856
2.6978162141756
2.6925271517462
2.6872670870857
2.6820125738252
2.6776014412906
2.673201646434
2.6688150901972
2.6644349219008
2.6598045924175
2.6551836740494
2.6505731746954
2.645969918411
2.6402891706078
2.6346219344402
2.6289702858204
2.6233290134085
2.6169107406154
2.6105132756192
2.6041440748788
2.5977849608661
2.5932309142215
2.5886885778468
2.5841603337733
2.5796388186796
2.5751190213285
2.5706086209883
2.5661086863969
2.561615893381
2.5561558118087
2.5507087791569
2.5452768279546
2.5398548345085
2.5337120724303
2.5275889010125
2.5214920564114
2.5154051078184
2.5098620564122
2.5043408254788
2.4988526249244
2.4933697701629
2.4889272269003
2.4844990043649
2.4800892311203
2.4756854850132
2.4715950457812
2.467513598517
2.4634422109085
2.4593770346777
2.4546333282425
2.4498999138602
2.445178011658
2.4404643051887
2.4347470398224
2.4290456432198
2.4233637044511
2.4176924166456
2.4119178225456
2.4061648798616
2.4004438797669
2.3947297488812
2.3900003625555
2.3852890619391
2.3806037145809
2.3759235871853
2.371995423876
2.3680774961005
2.3641714803592
2.3602713238768
2.356148310058
2.3520338476288
2.3479288242552
2.3438304340731
2.3387720864539
2.3337260294166
2.3286940925177
2.323671670333
2.317956965904
2.3122610934135
2.3065906411951
2.3009295305233
2.2968771680068
2.292835366068
2.2888062269872
2.2847832433278
2.2807619865303
2.2767492378168
2.2727459387088
2.268749152826
2.2638910777615
2.2590448301577
2.2542122019285
2.2493886654357
2.2439232876172
2.238475596252
2.233051544516
2.2276365970604
2.2227062800982
2.2177955525251
2.2129143361289
2.2080381185002
2.2040885545596
2.2001518331579
2.196231603991
2.1923168771349
2.1886814215517
2.1850540602489
2.1814357340622
2.1778230434445
2.1736067670655
2.1693997825908
2.1652031648916
2.1610139850924
2.1559316552892
2.1508636354629
2.1458130930054
2.1407722449267
2.135639085213
2.1305253586258
2.1254401718716
2.1203613269401
2.1161589593329
2.111972776286
2.1078097449355
2.1036515003501
2.1001628099865
2.0966832910319
2.0932144237037
2.089750855016
2.0860897003658
2.0824362333042
2.0787912357055
2.0751522297191
2.0706597489387
2.0661783261344
2.0617095736986
2.0572494255208
2.0521729063415
2.0471132860809
2.0420763868202
2.0370479898416
2.0334500202057
2.0298615048715
2.0262843005895
2.0227126552039
2.0191426541519
2.0155802888428
2.0120263899949
2.0084783624549
2.0041652622586
1.999862784547
1.9955725113965
1.9912904394864
1.986438374491
1.981602155386
1.9767870464107
1.9719801862155
1.9676041436778
1.9632455899314
1.9589133047182
1.954585591775
1.9510810973352
1.9475880596244
1.9441097049282
1.940636312839
1.9374109860315
1.9341928972679
1.930982876704
1.9277779200298
1.9240370614776
1.9203045277296
1.9165812672922
1.9128646916304
1.9083550930895
1.9038583062102
1.8993771294799
1.8949046803001
1.8903502689644
1.8858132049362
1.8813015467569
1.8767956454506
1.8730681045071
1.869354982798
1.8656624464073
1.8619742387247
1.8588806021787
1.8557951430368
1.8527191687964
1.849647945936
1.8464015405377
1.8431620042625
1.8399300269599
1.8367034189916
1.8327194218286
1.828745310734
1.8247825090713
1.8208274233482
1.8163250617504
1.8118377834927
1.8073707367569
1.8029113430021
1.7997214411188
1.7965399648639
1.7933685550369
1.7902021254797
1.7870372149771
1.7838791193275
1.780728572027
1.7775832790406
1.7737593537398
1.7699449136281
1.7661413563444
1.7623451419565
1.7580433648992
1.7537557170914
1.7494868545777
1.7452253973688
1.7413462333069
1.7374826303013
1.7336423583959
1.7298062136172
1.7267003342537
1.7236046434677
1.7205219943634
1.7174437876522
1.7145856435911
1.7117339450773
1.7088894251805
1.7060494280365
1.702734255782
1.6994265054683
1.6961270147342
1.6928334953239
1.6888367504655
1.6848514235194
1.6808799880561
1.6769163571639
1.6728799881078
1.6688590522994
1.6648606808698
1.6608674828471
1.6575645531934
1.6542744365844
1.6510025903269
1.6477346248171
1.6449939556806
1.6422605559221
1.639535581113
1.6368148446161
1.6339389498204
1.6310691689963
1.6282061113129
1.6253478411917
1.6218182190841
1.6182973993595
1.6147866393681
1.6112827624499
1.6072935536124
1.6033177620083
1.5993599407253
1.5954089620655
1.5925833045133
1.5897651346124
1.5869559029169
1.5841511113114
1.5813476988132
1.5785503478751
1.5757597066101
1.5729737465677
1.5695864464317
1.5662075856501
1.5628383996078
1.5594757574842
1.5556651626806
1.5518671283985
1.548085773288
1.544311028288
1.5408751277055
1.5374530424326
1.534051648174
1.5306539497523
1.5279033640009
1.5251618207474
1.5224318434181
1.5197058245161
1.5171748032733
1.5146495071971
1.5121305840622
1.5096156853976
1.5066798263074
1.5037505643764
1.5008286398391
1.4979120292643
1.4943724076884
1.4908429329341
1.4873257921936
1.4838156013747
1.4802409528682
1.4766800049823
1.4731390677435
1.4696027508185
1.468788912609
1.4679758194018
1.4671634144109
1.4663516449135
1.4658953097272
1.4654391577751
1.4649831840739
1.4645273841021
1.4643973347473
1.4642672991368
1.4641372771896
1.4640072688277
1.4639674494525
1.4639276313427
1.4638878144962
1.4638479989108
1.4638081848773
1.4637683744488
1.463728569318
1.4636887699117
1.4636536919192
1.4636186192986
1.4635835525484
1.4635484921624
1.4633733027008
1.4631983436269
1.463023671362
1.462849339745
1.4619847677919
1.4611352780239
1.4603048980932
1.4594974535204
1.4584042339666
1.4573666519494
1.4563876310901
1.4554710439836
1.4544566808948
1.453536185739
1.4527100029538
1.4519796764917
1.4511679829081
1.4505208782412
1.4500370280054
1.4497166877612
1.4495432058155
1.4496634278408
1.4500734963778
1.4507720897334
1.452160893826
1.4540529268384
1.4564375410101
1.4593145735231
1.4629972515157
1.4672263877605
1.4719773058167
1.477277848146
1.4809075345949
1.484738486761
1.4887658068733
1.4929968712324
1.4974356049976
1.502070988324
1.5068999962324
1.5119233513074
1.5189281220468
1.5262675380522
1.5339345967877
1.5419286944995
1.5525773162421
1.563726033699
1.5753529926409
1.5874764607704
1.5955587582519
1.6038300484198
1.6122836383701
1.6209289717618
1.6297715653519
1.6387959897175
1.6479978535013
1.6573800744538
1.6694008537596
1.6816915255418
1.6942436005223
1.7070610307144
1.7225043980156
1.7382847677112
1.7543775534895
1.7708164189088
1.7819241425932
1.7931642893366
1.8045296945626
1.8160338435149
1.8276849401791
1.8394649629831
1.8513698210033
1.8634037897225
1.8788110275265
1.8944123024348
1.9101997496918
1.926178825397
1.9456432916674
1.9653536754155
1.9852845252743
2.0054751126775
2.0189984617895
2.0326147438838
2.0463162932507
2.060119197526
2.074033556254
2.0880390866735
2.1021315897932
2.1163168290518
2.1342978950472
2.1524133747391
2.1706551964968
2.1890315927531
2.2110019666189
2.2331300758204
2.2553887255877
2.2778259378454
2.292915394735
2.3080619462761
2.3232575621525
2.338521045724
2.353864395942
2.3692653822881
2.3847198883303
2.4002348631773
2.4198415944772
2.4395322271298
2.4592987970191
2.4791515275636
2.5027573125397
2.5264524112669
2.5502087536151
2.5740801126305
2.5902306813236
2.6064099182666
2.6226094187029
2.6388502441641
2.655146038087
2.6714727349487
2.6878261755813
2.7042145248475
2.7247900352971
2.7454087730268
2.76606268105
2.786764130856
2.8111327107872
2.8355356447194
2.8599441686939
2.8844169355562
2.9011666539643
2.917921882428
2.9346738359304
2.9514456636924
2.9682525451408
2.9850686368808
3.001889695104
3.0187250633671
3.0397052002461
3.0606961805474
3.0816898329062
3.1027004717123
3.1272152261796
3.1517222092853
3.1761923818787
3.2006876901688
3.2176942137705
3.2346877089804
3.2516589976157
3.2686330836157
3.2856265518197
3.3026118219289
3.3195844929517
3.3365551054771
3.3575155696399
3.3784615805925
3.3993847754703
3.4203013346412
3.4444813650291
3.4686220206028
3.4926942382436
3.5167621581819
3.533745167971
3.550700381641
3.5676182235784
3.5845253672933
3.6014396957669
3.6183319367232
3.6351974795548
3.6520480628878
3.6726606996471
3.6932394967096
3.7137758582058
3.7342876987102
3.7577909345276
3.7812317639198
3.8045813080023
3.8279049686098
3.8446439730882
3.8613435673926
3.8779937834469
3.8946227834407
3.9112496429317
3.9278434565239
3.9443993599349
3.9609302852296
3.9809516326937
4.0009246025339
4.0208403326167
4.0407183485144
4.0633040288656
4.0858110503738
4.1082108539197
4.1305694225699
4.1509583821215
4.1712532474132
4.1914042442337
4.2115312941787
4.2277119628574
4.2438287827251
4.2598629789295
4.2758692508416
4.2905899806
4.3052699501795
4.3199044878677
4.3345095793608
4.3515715666103
4.368585079599
4.3855448933911
4.4024638788459
4.4232703930127
4.4439981802435
4.4646319785569
4.4852069462448
4.5064720716728
4.5276245806965
4.5486152380066
4.5695616281301
4.5867530540058
4.6038474848774
4.6208031405861
4.6377273811464
4.6515654072985
4.6653488614476
4.6790696912585
4.6927571143394
4.7070323701432
4.7212619946001
4.7354422570434
4.7495848458317
4.7672969346246
4.784940422736
4.8025077747655
4.8200169461123
4.84054180875
4.8609568459995
4.8812318478334
4.9014390595238
4.915653610002
4.9298077777987
4.9438914462679
4.9579349263029
4.9719588732521
4.9859310280507
4.9998466758157
5.0137198019156
5.0305822479384
5.047370335837
5.0640750178529
5.0807183348782
5.0995407483033
5.1182534519206
5.1368259224162
5.1553317378602
5.1720999579663
5.1887511624826
5.2052338338978
5.2216744972982
5.2349202470817
5.2480895376798
5.2611637934453
5.2741988543902
5.2862854692304
5.298321355534
5.310301820501
5.3222437416902
5.336231005671
5.3501570008221
5.3640162895676
5.3778233900037
5.3946606067034
5.41140235249
5.4280321402924
5.4445900508448
5.4614812533737
5.478246311237
5.4948347653653
5.5113691950227
5.5249548958296
5.5384380194087
5.551779065519
5.5650816289518
5.5761305304043
5.587120712042
5.5980443119514
5.6089302721247
5.6204118096741
5.6318420977221
5.6432171413427
5.6545497582215
5.6686398275728
5.6826540249282
5.6965839961311
5.7104507530096
5.7263895349593
5.7422128753913
5.7578883492818
5.7734951500587
5.7845088639568
5.7954600810337
5.8063385163131
5.8171760519816
5.8279943501604
5.8387602498882
5.8494691838535
5.8601354644172
5.8659458141684
5.8717431178502
5.8775214827909
5.8832699446909
5.8889726213093
5.8946226143942
5.9002164017738
5.9057474877629
5.9140145022356
5.922131378631
5.9301012260327
5.937915532845
5.9478431877375
5.9575170571665
5.9669435339051
5.9761180925726
5.9882833418577
6.0000018331524
6.0112926461694
6.0221383214207
6.0306202439917
6.0388343981934
6.0467967250355
6.0544819056874
6.0618670406663
6.0690042005677
6.0759116918371
6.0825573076378
6.0890022366923
6.09521284467
6.1012129249112
6.1069565539672
6.1121383998568
6.1171263678921
6.1219431647193
6.1265415393033
6.1306295291672
6.1345551437003
6.1383336726913
6.1419325774478
6.1453326970248
6.1485749386064
6.1516707215992
6.1545975492554
6.1575212324027
6.1602727257105
6.1628650520021
6.1652742559399
6.1675993795094
6.1697466702953
6.1717353721618
6.1735279183708
6.1750528659509
6.1764257544368
6.177670281303
6.1787360043792
6.1795215970456
6.1801882759181
6.1807533880633
6.1811776103966
6.1814245484289
6.1815648577178
6.1816088754064
6.1815334803186
6.181306481297
6.1809640343236
6.1805155917946
6.1799423231316
6.1791530258469
6.1782343913955
6.1772003508847
6.1760234966177
6.1746415326759
6.1731390914467
6.1715379598082
6.1697916743675
6.1680078117871
6.1661327456397
6.1641871398522
6.1621235744855
6.1601028133114
6.1580081489125
6.1558509221275
6.1536036076983
6.151229937636
6.1487803685989
6.1462624907162
6.1436593622221
6.1406744470341
6.1376005369688
6.1344472669922
6.1311951466046
6.1275564497052
6.1238249744297
6.1200178530443
6.1160987531027
6.112189124875
6.1082073530798
6.1041761220015
6.1000437688519
6.0962320011088
6.0923678357727
6.0884656777592
6.0844899260602
6.0806240318905
6.0767086756063
6.0727510962677
6.0687332224134
6.0643229425154
6.0598545205962
6.055334855198
6.0507490139142
6.0455198835264
6.0402235276285
6.0348718949924
6.0294397219909
6.023788772545
6.0180804183981
6.0123357519838
6.0065072242573
6.0011403199332
5.9957357513908
5.990312238259
5.9848244250767
5.9798039225723
5.9747518880598
5.9696768363958
5.9645562004948
5.9592617813433
5.9539311247838
5.9485697437567
5.9431643608066
5.9369829340338
5.9307564698862
5.924492924278
5.918175191514
5.9112387210464
5.9042581015062
5.8972496869816
5.8901769804445
5.8834182061637
5.8766319913336
5.8698401359091
5.8629910849219
5.8569286090396
5.8508475771894
5.844759751984
5.8386342262323
5.8327422951686
5.8268292787637
5.8209004618917
5.8149416323724
5.8083140175705
5.8016587458629
5.7949813177288
5.7882692125276
5.7805831835145
5.772865899699
5.7651283960727
5.7573462191897
5.7494286422064
5.7414907504698
5.7335534311699
5.7255680637361
5.7184666211784
5.7113564070378
5.7042540700378
5.6971177222802
5.6906921811479
5.6842566248013
5.6778174645198
5.6713564862505
5.6645880431897
5.6578045160834
5.6510101627895
5.6441942388404
5.6362775469793
5.6283413632144
5.6203927077951
5.6124158758178
5.6037167263139
5.59500291212
5.5862906153778
5.5775425665667
5.5694181325783
5.5612918298092
5.5531844863412
5.5450456671345
5.5380043434804
5.5309620831642
5.5239283561611
5.5168769295553
5.510058069245
5.5032331553795
5.4964061684058
5.4895658075506
5.48179840823
5.4740209757496
5.4662381362427
5.4584390265029
5.4494530679665
5.440457970678
5.4314643396967
5.4224479407445
5.4134490173106
5.4044521168477
5.3954780860442
5.38647746444
5.3786859540578
5.3709013022502
5.3631381189515
5.3553584731531
5.3483948815382
5.3414324945097
5.3344761634289
5.3275112347606
5.3200735477028
5.3126327802622
5.3051923560089
5.2977433773853
5.2889543146224
5.2801614588946
5.2713712335313
5.2625688834359
5.2530372222985
5.2435092750942
5.2340013098699
5.2244751162954
5.215851240463
5.2072400957792
5.1986614567069
5.1900666368743
5.1827531663897
5.1754478599796
5.1681582916302
5.1608623904202
5.1537316634457
5.1466031014846
5.1394797791346
5.1323525918784
5.1240862424639
5.1158205171812
5.107559427576
5.0992933618211
5.0897219856651
5.0801554533364
5.0706041472148
5.0610438517459
5.0516770631
5.0423257773493
5.0330108026181
5.0236821920622
5.0157919829573
5.0079168665679
5.0000695726
4.9922160792278
4.9851974992191
4.9781859278956
4.9711850695328
4.9641830761869
4.9565510674313
4.9489229750995
4.941301628167
4.9336795289405
4.9245579712099
4.915442486505
4.9063390587709
4.8972336879847
4.8874475460381
4.8776766091017
4.8679372812792
4.8581905515272
4.8495699872167
4.8409702515579
4.8324100077128
4.8238427142548
4.8166468025247
4.8094635246604
4.8022989432647
4.7951344833147
4.7880448627052
4.7809618904645
4.7738879974599
4.7668157353078
4.7584506122127
4.7500926297251
4.7417453281983
4.7334001053177
4.7236998453856
4.7140132626849
4.7043505675718
4.6946876113932
4.6853816370606
4.6760990983222
4.6668606452226
4.6576163495866
4.6499527953619
4.6423083571982
4.6346941071683
4.6270796281557
4.6202714961108
4.6134732189906
4.6066876677484
4.5999051515046
4.5923669321272
4.584836679105
4.5773167786451
4.5698008176158
4.5606964283466
4.5516042523676
4.5425299009531
4.5334600714543
4.5237818201588
4.5141257606081
4.5045083263579
4.4948901233094
4.4865551688594
4.4782451960049
4.4699777172153
4.461708608689
4.4548345186533
4.4479749838322
4.4411348996598
4.4342985210784
4.4274508510951
4.4206121720314
4.4137844520851
4.4069614882242
4.3987535148661
4.3905565702275
4.3823738109607
4.3741974861648
4.3646649858363
4.3551515430038
4.3456671444179
4.3361879389813
4.3271943440829
4.3182285211362
4.309310748786
4.300391771318
4.2931209031271
4.2858707661524
4.2786510225806
4.2714344478075
4.2649740651602
4.2585247474874
4.2520887684467
4.2456580663346
4.2383886552493
4.2311294399956
4.2238824675762
4.2166421768984
4.2077843302398
4.1989423281054
4.1901214270747
4.1813090421298
4.1719631898221
4.1626434499673
4.1533660661696
4.1440918956336
4.136189630131
4.1283140796846
4.1204815901276
4.1126506361489
4.1061933596785
4.0997511719232
4.0933280913295
4.0869106071422
4.0804143463566
4.0739281613097
4.0674536846127
4.0609856500776
4.0530979235036
4.0452233740904
4.0373648327761
4.029515289802
4.0203416657651
4.0111900778666
4.0020701788292
3.9929587546628
3.9844170880978
3.9759051507594
3.9674425926539
3.958981545109
3.9521753297399
3.9453900996397
3.9386343516544
3.931883618033
3.9258329931431
3.9197937422776
3.9137677144308
3.9077480680305
3.9008505026782
3.8939642053295
3.8870909569915
3.8802258758327
3.8717619809993
3.8633158259237
3.8548923077668
3.8464796139364
3.8375991639977
3.8287466247094
3.8199377818529
3.8111344625401
3.8037304625958
3.7963534339239
3.7890185694472
3.7816870300697
3.7756793309949
3.7696865188582
3.763711964973
3.7577439007066
3.7516529883294
3.745572488322
3.7395037861588
3.7334423271961
3.7259741605606
3.7185201488784
3.7110828388151
3.703655880353
3.6949582916564
3.6862840361294
3.6776423080659
3.6690108849806
3.6626551030512
3.6563136556661
3.6499901599967
3.6436740419909
3.6373579041312
3.6310534367612
3.624762523268
3.6184796724582
3.6110451593183
3.6036261498993
3.5962259784426
3.5888363740574
3.5806624567203
3.5725113177218
3.5643922532943
3.5562827204962
3.5488550930821
3.5414528709865
3.5340896048486
3.5267316975686
3.5205818540574
3.5144494566962
3.5083400161366
3.5022373370671
3.4964546218656
3.4906834630065
3.484925684587
3.4791753075957
3.4725634687482
3.4659645707887
3.4593806978234
3.452806364806
3.4450485337992
3.4373100163517
3.4295963310655
3.4218940527872
3.4141592711124
3.4064504185705
3.3987807640228
3.3911180130061
3.3846602273496
3.3782242810629
3.3718197813384
3.3654212753304
3.359886827771
3.3543654453291
3.3488596371153
3.3433609322294
3.3375149235745
3.3316801288428
3.3258580692518
3.3200442395605
3.3130200521196
3.306011546597
3.2990217541187
3.2920431602323
3.2843036414988
3.2765875780645
3.2689044225493
3.2612312186772
3.2543396406263
3.2474735453279
3.2406465080404
3.2338248051437
3.2282316800592
3.2226550157854
3.2170994931116
3.2115508020148
3.206267624044
3.2009951828057
3.1957349006129
3.1904819000179
3.1843100910679
3.1781509236402
3.1720061920646
3.165871170373
3.1585435611928
3.1512354300345
3.1439521055966
3.136680607135
3.1294456462809
3.1222368107531
3.1150676336893
3.1079051696104
3.1019947475166
3.096105356412
3.0902459291357
3.0843924819572
3.0793679874621
3.0743555139568
3.069357051259
3.0643654779651
3.05897589397
3.0535969073331
3.0482297788714
3.0428707264671
3.0362884678971
3.0297216265179
3.0231729636274
3.0166356325143
3.0093721175248
3.0021319904118
2.9949246615887
2.9877272447507
2.9813638490023
2.975025370257
2.9687251425437
2.9624299939774
2.9573457551666
2.9522768628122
2.9472273321597
2.9421844437142
2.9373628068609
2.9325510693534
2.9277503766364
2.9229566444312
2.9172294000639
2.9115142661986
2.9058128099182
2.900120898868
2.8932601955668
2.8864185890827
2.8796011535741
2.8727955094174
2.8660710203242
2.8593721445185
2.8527123165849
2.846058825893
2.840654651195
2.8352704225795
2.829914405726
2.8245641691796
2.8199978529339
2.8154425574011
2.8108999092161
2.8063637904582
2.8014089127953
2.7964639505124
2.7915299767687
2.7866037388709
2.7804812606535
2.7743736086396
2.7682832953803
2.7622040856921
2.7554388309926
2.748696291198
2.741985597297
2.7352845147723
2.7306220166903
2.7259715796639
2.7213355748693
2.7167062714159
2.7120785212968
2.707460005058
2.7028516572197
2.6982504111435
2.6925152655867
2.6867934459058
2.6810868742802
2.6753907073694
2.6687945341942
2.6622195030416
2.6556729828383
2.6491370064455
2.644481490427
2.6398378340173
2.6352084596167
2.6305859353647
2.6259651848445
2.6213540183952
2.6167535451072
2.6121603427542
2.6065870160331
2.6010269981027
2.5954824081034
2.5899479131099
2.5837011969618
2.577474372795
2.5712743773002
2.5650842953169
2.5594585534463
2.5538548071651
2.5482843202558
2.5427192448054
2.5381993358997
2.5336938418077
2.5292068784103
2.524726035044
2.5205469037187
2.5163769130604
2.512217158902
2.5080637266931
2.5032136267171
2.4983740459661
2.4935462545101
2.4887268151939
2.4828978129824
2.4770849939248
2.4712920933496
2.4655099508802
2.4596445901719
2.4538011735398
2.4479901914901
2.4421860837258
2.4373833173427
2.4325987528242
2.4278402276934
2.4230870273419
2.4190822214561
2.4150877566936
2.4111053187668
2.407128833069
2.4029112209428
2.3987023438678
2.3945031209854
2.3903106713505
2.3851416710176
2.3799852433528
2.3748432985631
2.3697110366906
2.3638943973436
2.3580969435341
2.3523254887189
2.3465634094472
2.3424421245705
2.3383315732018
2.3342338947954
2.3301424415921
2.3260526982847
2.3219715651942
2.3178999904714
2.3138350061071
2.3088855014788
2.3039479923044
2.2990242897336
2.2941098181684
2.2885310854173
2.28297037406
2.2774337639723
2.271906413004
2.2668735773383
2.2618607925998
2.2568782960346
2.2519008105567
2.2478769567464
2.2438662239001
2.2398723628343
2.2358840722333
2.2321862343082
2.2284966084586
2.2248161452429
2.2211413896508
2.2168497590995
2.2125675438121
2.2082958286909
2.2040316541878
2.1988491258023
2.1936811415307
2.1885309133347
2.1833905503009
2.1781492864038
2.172927868156
2.1677356338533
2.1625498250971
2.1582621729725
2.1539910893343
2.1497437631166
2.1455012618072
2.1419488981921
2.138405881928
2.134873723978
2.1313469429638
2.1276218994483
2.1239046501024
2.1201959847196
2.11649339116
2.1119172661618
2.1073523617721
2.1028003072419
2.098256993406
2.0930765470665
2.0879133098744
2.0827732072837
2.0776417690877
2.0739730290721
2.0703139110641
2.0666663079272
2.0630243589027
2.0593840746752
2.0557515628848
2.0521276715311
2.0485097533343
2.0441116042843
2.0397242704119
2.0353493684224
2.0309828088637
2.0260362351733
2.0211057981494
2.0161968755196
2.011296330147
2.0068361286172
2.0023937352746
1.99797810203
1.9935671062303
1.9899949346526
1.9864344245626
1.9828888604243
1.9793483432245
1.9760595961176
1.9727782177597
1.9695050546847
1.9662370448582
1.9624218960119
1.9586152257945
1.9548180030982
1.9510275852137
1.9464290194849
1.9418435043045
1.9372738998942
1.9327131730766
1.9280703747377
1.9234452479628
1.9188460182338
1.9142526304248
1.9104531924903
1.9066684366485
1.9029046426893
1.8991452501233
1.8959911157419
1.8928453065041
1.8897091537922
1.8865778370173
1.8832667988561
1.8799627580536
1.8766664188686
1.8733755475963
1.8693121640335
1.8652588537857
1.8612170715674
1.8571831458724
1.8525923488186
1.8480169217962
1.8434621245244
1.8389151070085
1.835663217965
1.8324199120531
1.8291868624136
1.82595888059
1.8227324365779
1.8195129303213
1.816301108881
1.8130946350407
1.809195419039
1.8053058622452
1.8014273890315
1.7975563922461
1.793168934
1.7887958751621
1.7844419670304
1.7800955975911
1.7761392465331
1.7721987657698
1.768282092924
1.7643696115104
1.7612026978113
1.7580461722435
1.754902947316
1.7517642437399
1.7488504125245
1.7459431464234
1.7430431922716
1.7401478425431
1.7367676666455
1.7333950490228
1.7300308431377
1.7266727174918
1.7225966844336
1.7185322844925
1.714482039664
1.7104397444405
1.7063227402156
1.7022214722818
1.698143220611
1.694070232045
1.6907016879629
1.6873462129407
1.6840093810595
1.6806764962205
1.6778820100482
1.6750949335774
1.6723164454219
1.6695422737357
1.6666100645735
1.6636840830079
1.6607649497294
1.6578506919121
1.6542513931651
1.6506610616188
1.6470809786426
1.6435079071369
1.6394391165375
1.6353840021544
1.631347208097
1.6273173846691
1.6244357192962
1.6215616855527
1.6186967629384
1.6158363637706
1.6129773661328
1.6101245458037
1.6072785638527
1.6044373514765
1.6009827555439
1.5975367606368
1.5941006271132
1.5906711612171
1.5867848552758
1.5829113530032
1.5790548567543
1.5752050932705
1.5717010325961
1.5682110572311
1.5647421817678
1.561277067965
1.5584719657135
1.5556760819968
1.5528919904535
1.5501119318403
1.5475306765298
1.5449552567955
1.542386333289
1.5398215108859
1.5368272542332
1.5338397218752
1.5308596689514
1.5278850315283
1.5242749524511
1.5206752168586
1.5170880563045
1.5135079778344
1.509862253274
1.5062304975247
1.5026191483926
1.4990125042152
1.4960296719618
1.4930584288098
1.490103700635
1.487152497911
1.4846777249006
1.4822095274549
1.4797489474816
1.4772922081605
1.4746952716972
1.4721038694685
1.469518550577
1.4669375693308
1.4660494811083
1.4651619719689
1.4642750327006
1.4633886544942
1.4631030849032
1.4628175727809
1.4625321179646
1.4622467203018
1.4619613796511
1.4616760958824
1.4613908688744
1.4611056985133
1.4609223303135
1.4607389854726
1.4605556639655
1.460372365768
1.460317680726
1.4602629977563
1.4602083168584
1.4601536380317
1.460116961568
1.4600802860359
1.460043611435
1.4600069377654
1.4599702652901
1.4599335957134
1.459896930415
1.4598602697318
1.4598276783777
1.4597950914134
1.4597625092453
1.4597299322759
1.4595671392901
1.4594045345563
1.4592421643694
1.459080073038
1.4582753996185
1.4574831894837
1.4567069080175
1.4559497734884
1.4548480153951
1.4538005674588
1.4528106469626
1.4518824963898
1.4508711026104
1.4499497839516
1.4491191037304
1.4483806664918
1.4475518398682
1.4468821282938
1.4463703082187
1.4460167281931
1.4457903002463
1.4458462040188
1.4461808278948
1.4467929523699
1.4480576967938
1.449812919939
1.4520486319369
1.4547641680908
1.4583303468325
1.4624515659797
1.4671041838285
1.472313026356
1.4759144222956
1.4797232724335
1.4837345262707
1.4879553576399
1.4923895650847
1.4970259669797
1.5018613878792
1.5068965893056
1.513861287459
1.5211636943227
1.5287966521432
1.5367597445346
1.5472553488072
1.5582446161514
1.5697057511083
1.581657604036
1.5896784757181
1.5978884950928
1.6062809682324
1.6148654043572
1.6236473549995
1.6326113758342
1.6417530933732
1.651075412418
1.6630183481786
1.6752314999281
1.6877064469746
1.7004470276317
1.7158296341843
1.7315512684689
1.7475876101525
1.7639715951835
1.775072089499
1.7863065670672
1.7976678294004
1.8091692953203
1.8208191375555
1.8325992824357
1.8445055864371
1.8565423650645
1.8719183273449
1.8874894235471
1.9032477329585
1.9191987992855
1.9385796454925
1.9582066304265
1.9780543921946
1.9981620621698
2.0116737599412
2.0252791825747
2.0389706423496
2.0527642304561
2.0666700520714
2.0806677772964
2.0947531840255
2.1089320570001
2.1268843142804
2.1449717535023
2.1631862943292
2.1815361696651
2.2034631870809
2.2255488893031
2.247766227503
2.2701628528723
2.2852593389483
2.3004136337367
2.3156176836164
2.3308902753604
2.3462434050645
2.3616547948439
2.3771202978185
2.3926468964706
2.4122437057834
2.4319251051333
2.4516831034066
2.4715279598908
2.4951014108809
2.5187649570166
2.5424906243602
2.5663319368265
2.5824936944941
2.5986846207153
2.6148962913557
2.6311497643434
2.6474586866424
2.6637989500866
2.6801663724605
2.6965691462223
2.7171437795799
2.7377621903727
2.7584163042387
2.7791185100687
2.8034740506077
2.8278646714356
2.8522616973688
2.8767235389308
2.8934905165583
2.9102633773618
2.9270333200425
2.9438234885355
2.9606490649171
2.977484169132
2.9943245367401
3.0111795378308
3.0321681950221
3.0531681250512
3.0741711395656
3.0951915717247
3.1197056985105
3.144212646303
3.1686834436499
3.1931798458276
3.2102067032864
3.227220799352
3.2442129426808
3.2612081341428
3.2782229618513
3.2952298146108
3.3122242744928
3.3292169049082
3.350192321419
3.3711536076027
3.3920923871393
3.4130248540928
3.4372146778788
3.4613655882143
3.4854485759385
3.5095276258526
3.5265333733281
3.5435115120348
3.5604524558264
3.5773828756504
3.5943206575696
3.6112365035718
3.6281257888431
3.6450002719446
3.6656327615276
3.6862316428715
3.7067883088276
3.7273206855907
3.7508410039819
3.774299255399
3.797666602437
3.8210083254761
3.837771556675
3.854495502944
3.8711701877692
3.8878237717054
3.9044753334104
3.9210939459098
3.9376747331144
3.9542306442711
3.9742751954476
3.9942715249897
4.014210761555
4.0341124402952
4.0567202955079
4.079249727179
4.1016722081086
4.1240536269575
4.1444667278078
4.1647859631639
4.1849616617362
4.2051134832751
4.2213196163785
4.237461996468
4.2535218532738
4.2695538419188
4.2842998581214
4.2990051469191
4.3136650257419
4.3282954949944
4.3453830372213
4.3624221574686
4.3794076231643
4.3963523159532
4.4171855715139
4.4379402037018
4.4586009496346
4.4792029576314
4.5004954635978
4.5216754988712
4.5426938920956
4.5636680596467
4.5808858358035
4.5980067059919
4.6149889342172
4.6319397553249
4.6458021239423
4.6596099319071
4.6733551182221
4.6870669050178
4.7013666732367
4.715620810119
4.729825579475
4.7439926779053
4.7617323005134
4.7794033377691
4.7969982493953
4.8145349956592
4.8350900639786
4.8555353474658
4.8758406484741
4.8960781709351
4.9103171392683
4.9244957178993
4.9386037868024
4.9526716574033
4.9667199867228
4.9807165071279
4.9946564995642
5.0085539555277
5.0254440982753
5.0422598676645
5.0589922125406
5.0756631766292
5.0945157752409
5.1132586553025
5.1318613029653
5.1503972657126
5.1671936073482
5.1838729288946
5.2003837400563
5.2168524945957
5.2301220224067
5.2433150685237
5.256413056334
5.2694718184361
5.2815806218106
5.2936386641743
5.305641249247
5.3176052598949
5.3316173975588
5.3455682262305
5.3594523059405
5.3732841578819
5.3901506172376
5.4069215522853
5.4235804759632
5.4401674642627
5.4570884205532
5.4738831795233
5.4905012964511
5.507065311179
5.5206759423032
5.5341839516006
5.5475498429732
5.5608771955173
5.5719469512669
5.582957945406
5.5939023127182
5.6048090002426
5.6163120165617
5.6277637372361
5.639160165803
5.6505141225116
5.6646301639809
5.6786702659131
5.6926260731943
5.7065185977179
5.7224869162353
5.7383397037261
5.7540445385974
5.769680602533
5.7807155071123
5.7916878621836
5.802587381053
5.8134459478114
5.8242852263424
5.8350720509559
5.845801852701
5.856488946933
5.8695413050459
5.8825139714345
5.895329188447
5.9079596684062
5.9197001587372
5.931146045238
5.9423219477099
5.9531813463997
5.9632522542034
5.9730683952669
5.9826482564411
5.9919567068989
6.0009981813578
6.0097949926963
6.0183622155882
6.026673120167
6.0351109332938
6.0432931392269
6.0512362431354
6.0589121709721
6.0665953759055
6.0740216220488
6.0812126433637
6.0881288140766
6.0945982608499
6.1008426169765
6.1068867166548
6.1126809092148
6.1178400860429
6.1228157642929
6.1276272015577
6.1322338191109
6.1364578948229
6.1405172987531
6.1444249084563
6.1481543591734
6.1518283451179
6.1553302604499
6.1586720032072
6.1618314989438
6.1650033562493
6.1679886622134
6.1708034919615
6.1734179766075
6.175846060853
6.1780982305892
6.1801973824732
6.1820969497043
6.1836594119944
6.185081841372
6.1863860347518
6.187524180018
6.1883979637693
6.1891567671901
6.1898138548082
6.1903390468896
6.1907115881189
6.190969848949
6.191123197345
6.1911520290896
6.1910241260605
6.1907669607045
6.1903917968935
6.1898769643259
6.1891482008186
6.1882845958415
6.1873044398904
6.1861705057875
6.184889989901
6.1834984493532
6.1820192932328
6.1804008597308
6.1787791462008
6.1770736482189
6.1753003104602
6.1734213292578
6.1715090581506
6.169520451251
6.1674642041489
6.1653197832811
6.1629221442014
6.16043863717
6.1578773687441
6.1552215500643
6.1521517314212
6.1489837391734
6.1457305644383
6.1423657441329
6.1387824114903
6.1351104215673
6.1313714463973
6.1275179076179
6.1238610498542
6.1201408547725
6.1163772054383
6.1125231501467
6.1089232000833
6.1052717018429
6.1015785392796
6.0978186348149
6.0939186051305
6.0899631956561
6.0859588909217
6.0818906813028
6.0772518823879
6.0725461105392
6.0677821707541
6.062941742037
6.0575955847238
6.0521808471009
6.0467144471107
6.0411595688052
6.0357569862935
6.0303051750434
6.0248266541994
6.0192691059722
6.0142657039739
6.0092276689635
6.0041681178004
5.9990535985523
5.994117741354
5.9891471539065
5.9841480333565
5.9791043290738
5.9735334294958
5.9679197092285
5.9622693530391
5.9565686664617
5.95005528173
5.9434924219153
5.9368916796869
5.9302279807955
5.9233804396465
5.9164942059288
5.9095905485328
5.902620710524
5.8963261030129
5.890008894261
5.8836869157401
5.8773161095916
5.8715419223628
5.8657474184284
5.8599400067423
5.8540993473728
5.848019716206
5.8419145519694
5.8357887099587
5.8296302407643
5.822526865466
5.8153910378632
5.8082302912151
5.8010281334713
5.793148129096
5.7852386338913
5.7773161277542
5.7693432386329
5.7618421514572
5.7543268207606
5.7468188143886
5.7392664898493
5.7326661351761
5.7260564429279
5.719448017477
5.7128122270935
5.7064123458126
5.6999990561806
5.6935769479083
5.6871333439138
5.6798840577835
5.6726158370577
5.665333756651
5.6580261104594
5.6496280181485
5.6412095582609
5.632781678887
5.6243197542399
5.6157998278522
5.6072709612838
5.5987543045671
5.5902001323912
5.5827047072556
5.5752087001807
5.5677278229879
5.560221892327
5.5534858220121
5.5467455276823
5.5400065895214
5.533252651169
5.5261019180341
5.5189420971356
5.5117770201017
5.5045968930136
5.4961832578135
5.4877578418912
5.4793274307727
5.4708766632072
5.4616961956513
5.4525102923358
5.443335408155
5.434133264024
5.4257065719079
5.4172856358971
5.4088909592881
5.4004724559597
5.3932548504676
5.3860410628315
5.3788395780533
5.3716262639755
5.3646087272231
5.3575892926017
5.3505714618622
5.3435450886847
5.3354712785087
5.3273926968301
5.319313687517
5.311223968316
5.3018780952506
5.292530035649
5.2831904283777
5.2738347185505
5.2645934223984
5.2553611305955
5.2461589376471
5.2369364887441
5.2290539918658
5.2211827052065
5.2133363273732
5.205478741078
5.1984492938417
5.1914240283797
5.1844071809647
5.177385576529
5.1697999112544
5.1622146555602
5.1546329386134
5.1470465651819
5.1380251316684
5.1290048017103
5.1199918534356
5.1109717473305
5.1012479288592
5.0915337134118
5.0818456757189
5.0721446378401
5.0634760234144
5.0548244484061
5.0462092776882
5.0375825017968
5.0302919290976
5.0230118591005
5.0157490639248
5.0084832803735
5.0013294593175
4.9941800685488
4.9870378473504
4.9798945539574
4.9715176182612
4.9631445613698
4.9547791911851
4.9464123367581
4.9367073367514
4.9270116731453
4.9173357991877
4.9076551674977
4.8982647933988
4.8888941440586
4.8795641915511
4.8702244009934
4.8624110483633
4.8546149489013
4.8468479946155
4.8390779200959
4.8321273581968
4.8251852650316
4.8182548973915
4.8113255491184
4.8036870110862
4.7960544364633
4.7884304424641
4.7808080598114
4.7716263850738
4.7624539086106
4.753296508798
4.744140351976
4.7343457310048
4.7245700203872
4.7148298808569
4.7050855298086
4.6965668016065
4.6880711845671
4.6796168620326
4.6711582225905
4.6640900398442
4.6570355050439
4.6500000510832
4.6429665925951
4.6359534497754
4.6289481567346
4.6219529079625
4.6149608953568
4.6066111923297
4.598270629729
4.5899425912416
4.5816188253525
4.5719340564749
4.5622658122821
4.5526243551779
4.5429852974202
4.5337864010008
4.5246133599719
4.5154868541517
4.5063567573093
4.4988569022426
4.4913770658
4.483927582904
4.4764796484967
4.4698089550525
4.4631487478957
4.4565015780434
4.449858617613
4.4424004073093
4.4349513321653
4.4275136219878
4.4200812657729
4.4110315596099
4.4019960037681
4.3929801156079
4.3839707580685
4.374400162126
4.364853966642
4.3553487492372
4.345844665167
4.3376896607315
4.3295606672885
4.3214746683012
4.3133886562711
4.3066917407705
4.3000096761605
4.2933468779491
4.2866887936364
4.27997232197
4.273265426902
4.2665699092687
4.2598800396868
4.2517693810593
4.2436709241739
4.2355876988662
4.2275122449133
4.2180935968093
4.2086957013964
4.199328543436
4.1899681954038
4.181156157252
4.1723731056704
4.1636391915616
4.1549053861131
4.1478370500309
4.1407896340859
4.1337721735789
4.126758873873
4.120467846022
4.1141880642465
4.1079215760975
4.1016609647838
4.0945237819906
4.0873974091136
4.0802837749741
4.0731776286798
4.0644503923618
4.0557401099474
4.0470519410707
4.0383734919281
4.0292062595068
4.020066298628
4.0109698531459
4.0018777109923
3.9941918610997
3.986532983459
3.9789168713272
3.9713032319215
3.9650411065147
3.958793987275
3.9525655339164
3.9463431760012
3.9400060278221
3.9336791784681
3.9273641407274
3.9210560011636
3.9133173918896
3.9055925732613
3.8978842693708
3.8901857199753
3.8811885319411
3.8722142563099
3.8632724768008
3.8543400889757
3.8477164725435
3.8411072385874
3.8345162484789
3.8279322951886
3.8213475114564
3.8147743810318
3.8082149509453
3.8016633066882
3.7939412565634
3.7862345632677
3.7785468002313
3.770869133945
3.7623985753644
3.7539506729614
3.7455351352205
3.7371284563238
3.7294138130161
3.7217246834477
3.714075030275
3.7064302407284
3.7000112499065
3.6936099394755
3.6872321068579
3.6808608055807
3.674812183298
3.6687752803323
3.6627520772557
3.656736167116
3.649839140368
3.642955119823
3.6360863585281
3.6292269575872
3.6211634955711
3.6131193957156
3.6051005056619
3.5970926296561
3.5890573724317
3.5810482487189
3.5730789864507
3.5651161913881
3.5583814649416
3.5516689141334
3.5449884836331
3.538313845638
3.5325177051669
3.526734916883
3.5209681668593
3.5152084913273
3.5090877167535
3.5029783621948
3.4968820779695
3.4907940207702
3.4834652455055
3.4761523451351
3.4688585734423
3.4615758877338
3.4535235206398
3.4454949173744
3.4374999817796
3.42951468978
3.4223346751348
3.4151805778795
3.4080663852254
3.40095733642
3.3951033913597
3.3892662954645
3.3834509497441
3.3776424357977
3.3720982675418
3.3665651321329
3.3610445682979
3.3555313707261
3.34906819449
3.3426179441848
3.3361825582456
3.3297569563702
3.322110812606
3.3144845317215
3.3068837815124
3.299294778228
3.2917561321907
3.2842441596437
3.2767729104177
3.2693081901659
3.2631314258485
3.256976195612
3.250851721264
3.2447332327478
3.2394597264905
3.2341986058099
3.2289519876757
3.2237123764524
3.2180522034026
3.2124029579781
3.2067660033622
3.2011372874652
3.1942445661021
3.1873676835557
3.1805096100488
3.1736630000175
3.1660820471402
3.1585251004065
3.1510020726444
3.1434888775647
3.1368462417703
3.1302291659385
3.1236514086326
3.1170787120677
3.1117501446824
3.1064373725293
3.1011445724521
3.0958585424025
3.0907882960469
3.0857283030387
3.0806797953501
3.0756384381298
3.0696226051251
3.063619300888
3.0576302165053
3.0516509141452
3.0444689881165
3.0373067752519
3.0301696983816
3.0230445449514
3.016022396248
3.0090266458508
3.0020713108972
2.9951222664942
2.9894686283462
2.9838355214533
2.9782314567438
2.9726332954846
2.9678354081721
2.9630489257448
2.9582755642256
2.9535089240311
2.9482937819564
2.9430889494656
2.9378955823536
2.9327102091471
2.9262802336418
2.9198656506825
2.9134691686228
2.907084082179
2.900005661222
2.8929507804147
2.8859291162279
2.8789171228998
2.8740284135607
2.8691522538016
2.8642911491049
2.8594369288742
2.8545841543442
2.8497409394622
2.8449082705571
2.8400829138457
2.834069283613
2.8280694258844
2.8220853643263
2.8161120076965
2.8091918539405
2.802293628847
2.795425078673
2.788567329516
2.7836787359615
2.7788024863663
2.7739411387892
2.7690868590256
2.7642342931031
2.7593916863219
2.7545602141902
2.7497362588847
2.7438863976378
2.7380503468214
2.7322303483799
2.7264207683115
2.7198668786923
2.7133336626883
2.7068284264563
2.7003333643527
2.69442932329
2.6885482046985
2.6827018343226
2.6768609779371
2.6721134530899
2.6673809708351
2.6626678632629
2.657961078784
2.6535691417037
2.6491867354421
2.6448150206857
2.6404498641808
2.6353543030746
2.6302696898635
2.6251973696941
2.6201337088121
2.6140131658601
2.6079094652972
2.6018265523336
2.5957547599112
2.5895974888892
2.5834631016823
2.5773626277575
2.5712692004086
2.566224677236
2.5611991648673
2.5562008917347
2.551208110222
2.5469982555096
2.5427992053587
2.5386127388451
2.5344324583825
2.5299979968863
2.5255726520016
2.5211573973179
2.5167491888905
2.5113169014244
2.5058977244386
2.5004936795597
2.495099692738
2.4889902625396
2.4829008560283
2.4768386561879
2.4707861455765
2.4664544506935
2.4621339804265
2.4578269918807
2.4535264758226
2.4492276712508
2.4449378563048
2.4406580321117
2.4363850683364
2.4311832871149
2.4259940206969
2.4208191794507
2.4156539413701
2.4097908291463
2.4039465449146
2.3981274915965
2.3923180444844
2.38702737604
2.3817577041322
2.3765198055128
2.3712870749814
2.3670558318414
2.3628383392229
2.3586385514865
2.354444560461
2.3505558585699
2.3466757510706
2.3428052418016
2.3389406866536
2.3344282290265
2.3299256107693
2.3254339768937
2.3209502068075
2.3155016244956
2.3100682453488
2.3046534548202
2.2992489402708
2.2937381821565
2.2882482063961
2.2827888431569
2.2773361396657
2.2728267814255
2.2683347981412
2.2638677597793
2.2594057336956
2.2556688564318
2.2519417791836
2.2482260962514
2.2445160296244
2.2405976553833
2.2366874409983
2.2327862202561
2.2288913438454
2.2240784410409
2.2192772789635
2.2144895763013
2.2097110012964
2.2042629297276
2.1988328817077
2.19342709877
2.1880303430708
2.1841706588968
2.1803210644577
2.1764835555896
2.1726519558798
2.1688220607648
2.1650003092381
2.1611875962445
2.1573811303388
2.1527544931947
2.1481391823546
2.1435369029412
2.1389433443417
2.1337401379744
2.1285538433019
2.1233901250104
2.1182351483651
2.1135429593434
2.1088694571577
2.1042240649225
2.0995834972631
2.0958246346379
2.0920780147968
2.0883470981157
2.0846214587384
2.0811604308231
2.0777071342129
2.0742624622253
2.0708231867153
2.066808557101
2.0628028162751
2.0588069864831
2.0548182813357
2.0499798864981
2.0451551748035
2.0403471612984
2.0355484346585
2.0306635673475
2.0257972460044
2.0209581311222
2.0161251093143
2.0121268619936
2.0081440347181
2.0041832383359
2.0002270403728
1.9969071672698
1.9935960373863
1.9902950544107
1.9869991393827
1.983514025784
1.9800362559994
1.9765665731358
1.9731026221606
1.9688261216331
1.9645601898223
1.9603063610992
1.9560607646813
1.9512297554091
1.9464148796546
1.9416216789407
1.9368366172007
1.9334137973086
1.9299999935098
1.9265969693123
1.923199257505
1.9198031383182
1.9164143028326
1.9130335387924
1.9096583828995
1.9055543534332
1.9014604621395
1.8973782104105
1.8933037974272
1.8886859503525
1.8840832242554
1.8795006240791
1.8749259198232
1.8707614799289
1.8666137193192
1.8624909970422
1.8583726562784
1.8550387686117
1.8517158016995
1.8484068242467
1.8451025879456
1.8420349797262
1.8389742700575
1.8359212464355
1.832873055418
1.8293146737703
1.8257642303036
1.8222226248113
1.8186874002033
1.8143967066557
1.8101182320498
1.8058546339625
1.8015993747106
1.7972655007675
1.792948166226
1.7886550380207
1.7843674206924
1.7808210730739
1.7772884682755
1.7737754766967
1.770266621803
1.7673243366982
1.7643898427102
1.7614643820961
1.7585434540467
1.7554561543139
1.7523753996084
1.7493018443577
1.74623340943
1.7424439603561
1.7386639338045
1.7348946804591
1.7311327890736
1.7268492397265
1.7225800657542
1.7183301595816
1.7140875659877
1.7110534029242
1.7080272651976
1.7050107118708
1.7019989094146
1.698988568537
1.6959847215571
1.6929880652972
1.689996419753
1.6863590906629
1.6827308019644
1.6791128818909
1.6755019654661
1.6714101497802
1.6673317958155
1.6632713303853
1.6592179325762
1.6555284026973
1.6518536893087
1.6482011801563
1.6445526152714
1.6415988095279
1.6386547025209
1.6357230056098
1.632795545298
1.6300773574947
1.6273653076362
1.6246600920843
1.6219591870975
1.6188061834097
1.6156602503613
1.6125221838521
1.6093898090948
1.605588472669
1.6017980130525
1.5980207815334
1.5942509912284
1.5904121123471
1.5865879281332
1.5827852192416
1.5789874485597
1.575846389589
1.5727175254497
1.5696060441978
1.5664982653296
1.5638920424851
1.5612927386294
1.5587014516703
1.5561142027276
1.5533793105808
1.5506502401277
1.5479275701269
1.5452094611326
1.5418527471165
1.5385044160141
1.5351656627381
1.531833467805
1.5280396525804
1.5242586120327
1.5204946749034
1.516737260969
1.5140503121943
1.5113704899355
1.5086991727468
1.5060320850571
1.5033663174336
1.500706320089
1.4980527087692
1.4954035558105
1.4921824125166
1.4889693041853
1.4857654047558
1.4825677386365
1.4789439567398
1.475332131585
1.4717361786305
1.4681465249015
1.4678525739272
1.4675587090413
1.4672649280823
1.4669712290391
1.4666776100562
1.4663840694467
1.4660906056457
1.4657972171968
1.4656841337045
1.4655710611389
1.4654579994298
1.4653449485092
1.4652319083112
1.465118878772
1.4650058598296
1.4648928514239
1.4648528865444
1.464812922973
1.4647729607072
1.4647329997446
1.4646930400828
1.4646530817192
1.4646131246515
1.4645731688774
1.4645631652924
1.4645531617882
1.464543158365
1.4645331550226
1.4645278707479
1.4645225864957
1.4645173022662
1.4645120180591
1.4645096725858
1.464507327117
1.4645049816526
1.4645026361927
1.4645019611425
1.4645012860926
1.464500611043
1.464499935994
