3
3.150705547883
3.3013958207844
3.4520708202548
3.6027305478444
4.3558001618308
5.108488211253
5.8607948897227
6.6127203907534
10.36663700053
14.11105314527
17.845992904532
21.571480297302
25.470780697957
29.359726237222
33.238344455884
37.106662822035
41.770690606847
46.419745532325
51.053875744067
55.673129234079
61.602422570044
67.507204732732
73.387577224154
79.243641129574
86.88045880906
94.475936971022
102.03029980751
109.54377030617
119.78573839595
129.95172344631
140.04229028951
150.0579996048
164.88439817211
179.54676570438
194.0469209637
208.38666282445
223.52880383525
238.4920869276
253.27863004742
267.89052641387
282.3298445436
296.59862812901
310.69889691158
324.63264703776
336.8451835395
348.9298087425
360.8878665226
372.72068680561
382.83486954559
392.85755859417
402.78958439671
412.63176993887
422.40992791624
432.09941645328
441.7010424985
451.21560573039
461.94373537131
472.56118450655
483.06909935295
493.46861438559
504.61007245721
515.62712238796
526.52115896603
537.29356151777
547.41179228735
557.42272336167
567.32749750547
577.12724543871
585.85480131804
594.49906325204
603.06082979279
611.54089190575
619.70347885654
627.79037131333
635.80227455615
643.73988734949
652.22834736952
660.63185620966
668.95126826234
677.18742940326
685.99660918928
694.7105612484
703.33032031853
711.85690999864
720.19240701545
728.43887431832
736.59726794723
744.66853376656
752.05845597626
759.37534792698
766.61993539096
773.79293698406
780.57887442539
787.30075051645
793.95917353875
800.55474603927
807.35621995951
814.09086573244
820.75934392873
827.36230863677
834.38166711888
841.32699821432
848.19908747214
854.99871216901
861.83118076469
868.59049309344
875.27743747023
881.89279377888
888.09510347023
894.23449431731
900.31160881956
906.32708295936
911.96537530842
917.54952222529
923.08004722043
928.55746877281
934.04388951559
939.47703942253
944.85743934866
950.18560508607
955.79182839372
961.34023179757
966.83141590076
972.26597510612
977.83625031046
983.34704640586
988.79900318082
994.19275358491
999.36921276559
1004.4920694736
1009.5618829591
1014.5792066706
1019.2707106565
1023.9163279938
1028.5165109679
1033.0717074284
1037.5227480025
1041.9308424683
1046.2964084777
1050.6198596395
1055.1010400471
1059.5369839562
1063.9281517155
1068.2749990115
1072.7888548114
1077.2549273351
1081.6737265958
1086.0457571907
1090.3431487053
1094.5953629276
1098.8028788116
1102.9661702578
1106.8781482292
1110.7510867399
1114.5853787527
1118.3814132913
1122.0158740015
1125.6152708278
1129.1799450396
1132.710234597
1136.2973406641
1139.8489526943
1143.365425057
1146.8471085968
1150.4820054645
1154.0789914721
1157.6384656427
1161.1608228164
1164.7052995109
1168.2121990379
1171.6819235004
1175.1148707158
1178.3814025209
1181.6146429504
1184.8149345358
1187.9826162958
1190.9726865292
1193.9337069534
1196.8659625446
1199.769735491
1202.6514615101
1205.5051412021
1208.3310502291
1211.1294615507
1214.0405015141
1216.9217918454
1219.7736396343
1222.59634881
1225.4958533265
1228.364618784
1231.2029744013
1234.0112458822
1236.7367084551
1239.4338412204
1242.1029417264
1244.7443044047
1247.2236977222
1249.6786560156
1252.1094226587
1254.5162386064
1256.8466176929
1259.1545479816
1261.4402480632
1263.7039344036
1266.0275890962
1268.3280532947
1270.6055609879
1272.8603438082
1275.209700257
1277.5343912309
1279.8346785809
1282.1108213839
1284.3754025955
1286.6160896983
1288.8331376697
1291.0267987717
1293.0966799729
1295.1457441216
1297.1742029994
1299.1822662365
1301.0850157688
1302.9694571587
1304.8357686387
1306.6841267074
1308.5397359341
1310.3772548386
1312.1968618907
1313.9987338009
1315.884338755
1317.7505267351
1319.5975001128
1321.4254591531
1323.291970346
1325.138661876
1326.9657467943
1328.773435865
1330.5077934903
1332.2243017216
1333.9231465631
1335.6045120818
1337.1761629293
1338.7325451316
1340.2738089164
1341.8001030334
1343.289956823
1344.7655508128
1346.2270232555
1347.6745110632
1349.1768330205
1350.6640946531
1352.1364489209
1353.5940472305
1355.1149969486
1356.6198846224
1358.1088821394
1359.582159549
1361.0334720193
1362.4695340346
1363.8905080216
1365.2965546776
1366.6094425542
1367.909319321
1369.1963157014
1370.4705611041
1371.6795334898
1372.8770309249
1374.0631638503
1375.2380416426
1376.4316098623
1377.6135652038
1378.7840222618
1379.9430944988
1381.1665957946
1382.3774151162
1383.5756858122
1384.7615398285
1385.9670779292
1387.1597877098
1388.3398076786
1389.5072748472
1390.612841218
1391.7071541626
1392.7903299344
1393.8624835842
1394.8579874212
1395.8439916413
1396.8205882667
1397.7878684264
1398.739685649
1399.6824845506
1400.6163518903
1401.5413735909
1402.5144791467
1403.477798552
1404.4314317543
1405.3754776786
1406.363908858
1407.3418335267
1408.3093651276
1409.2666158767
1410.1992546765
1411.1221378309
1412.0353690245
1412.9390508374
1413.771771903
1414.5963871164
1415.4129766687
1416.2216199546
1416.9892370465
1417.7496960006
1418.5030646725
1419.2494102723
1420.0184247701
1420.7799854925
1421.5341658984
1422.2810387203
1423.0782925718
1423.867222588
1424.6479171526
1425.420463709
1426.6244752569
1425.8952376425
1420.9182989149
1413.6000799398
1406.8182822235
1400.0691182618
1393.352430587
1386.6680624929
1376.602602823
1366.6104252366
1356.6909947678
1346.8437803541
1334.160591869
1321.5972000077
1309.152470344
1296.8252791657
1279.7494450867
1262.8991339628
1246.2713600819
1229.8631770032
1215.1698473795
1200.6525966198
1186.3093098124
1172.1378973028
1158.1362946612
1144.3024627914
1130.6343870178
1117.1300767113
1105.3239401568
1093.6429653498
1082.0858226035
1070.6511962856
1061.1029599003
1051.6401472958
1042.2619926632
1032.9677370324
1023.8642734275
1014.8412967096
1005.8980938575
997.03395814239
986.65979249625
976.39392301172
966.23521702985
956.18255367329
944.44459205687
932.85120263919
921.40060153745
910.09102671667
899.24278747038
888.52429802061
877.93400377842
867.47036864389
859.1805846795
850.97029593996
842.83873879225
834.78515689921
827.96198551662
821.19478188006
814.48308613398
807.82644218534
800.50674267286
793.25360642983
786.066427153
778.94460403357
770.04827307123
761.25392123766
752.56037768395
743.96648490456
734.40975616873
724.97625343972
715.66438538441
706.47258103673
700.49165402168
694.56155846362
688.68186168655
682.85213467891
677.07195209005
671.34089224136
665.65853703304
660.02447190587
652.83141972026
645.71707715108
638.68058165438
631.72108006866
623.50136597946
615.38905033314
607.38272786078
599.48101150609
594.23412249088
589.03335502694
583.87830310807
578.76856428178
573.70373964587
568.68343385965
563.70725505053
558.77481477559
552.66376458897
546.61985107592
540.64233562932
534.73048770455
527.99438390104
521.34353256275
514.77685324084
508.29327904994
503.82438929811
499.39498023677
495.00470258133
490.65321011862
486.34015970393
482.06521127084
477.82802775008
473.62827503618
468.49740491527
463.4224013102
458.40265508528
453.43756369339
447.81797452237
442.26839675554
436.78795695884
431.37579249082
427.54033746917
423.73917045536
419.97198449121
416.238475349
412.53834152876
408.87128426726
405.23700746498
401.63521765605
397.30697775083
393.02564974527
388.7907244642
384.60169821375
379.91825235468
375.2921776739
370.72277039407
366.20933528856
362.15561122017
358.14703646497
354.18310743757
350.26332612103
347.12347713459
344.01195438649
340.92850195399
337.87286621104
335.05615938102
332.2630885572
329.49345510459
326.74706204727
323.56859508354
320.42125541807
317.30473775666
314.21873977712
310.5183517496
306.86184393087
303.24869518953
299.67839052518
296.0948204656
292.55441181569
289.05664392594
285.60100236687
282.77870972457
279.9845156933
277.21814007855
274.47930545815
272.19981428472
269.93940013642
267.6979030968
265.47516458144
263.14048188473
260.82649417015
258.53301768946
256.25987031487
253.48302613564
250.73651747513
248.02001237732
245.33318248731
242.32159324388
239.34728497122
236.40979537197
233.50866782382
231.45068812635
229.41100544244
227.38945680707
225.38588069672
223.40011702799
221.43200716233
219.48139386774
217.54812130297
215.22000598887
212.91703697385
210.63894214549
208.38545231055
205.8621663822
203.36972835824
200.90776039865
198.47588924522
196.28961032008
194.12765512488
191.98975251021
189.87563432206
188.18080424974
186.50125928304
184.83686128924
183.18747337507
181.66717893323
180.15963644759
178.66473873274
177.18237949841
175.46865226123
173.77168233491
172.09130551116
170.4273591783
168.43528986682
166.46676887875
164.52151723966
162.59925924822
160.67097161126
158.76582083378
156.88352867624
155.02382021224
153.50130728335
151.99393012428
150.50153791068
149.02398130913
147.79055322156
146.56746286757
145.35462339215
144.15194866526
142.88883737683
141.63693761182
140.39614960669
139.16637447945
137.668187864
136.18634527443
134.7206679545
133.27097908578
131.65067617282
130.05034529313
128.46973962042
126.90861534783
125.52408282429
124.15487257852
122.80081457662
121.46174065457
120.39796929841
119.34365361898
118.29870932615
117.26305287592
116.30183477563
115.34861695503
114.4033326313
113.46591557551
112.36761703957
111.28011729378
110.20330984118
109.13708922687
107.85558466111
106.58937274909
105.33827043254
104.10209682313
102.87283698101
101.65833817431
100.45842258061
99.272914498596
98.313689319745
97.363895818857
96.423440946156
95.49223256266
94.715150062121
93.944506137933
93.180247257146
92.422320329055
91.61692699397
90.818683103013
90.027524964122
89.24338944873
88.28076592156
87.328725136076
86.38715032274
85.455925989075
84.417946548661
83.392825612967
82.380403286375
81.380521641424
80.680074746905
79.985781571291
79.297587836794
78.615439741122
77.93928395702
77.269067633836
76.604738385
75.946244282874
75.145306399829
74.35300048331
73.56923311302
72.79391187105
71.918643273011
71.054137669143
70.200262134124
69.356885367905
69.224435058125
69.092243672625
68.960310702932
68.828635641569
68.75461737543
68.680680604116
68.606825237489
68.53305118551
68.2609064228
68.433279549547
69.584608683592
71.279234968711
72.908312185015
74.535526864831
76.160881137791
77.784377131103
85.874057188925
93.91759794373
101.91526257969
109.86731279152
117.9859584019
126.05705841449
134.08089132472
142.05773400958
153.19051906128
164.23177660108
175.18225931436
186.0427137575
200.48393293406
214.76597236771
228.89058726845
242.85951372814
259.11497681329
275.15961393412
290.99616075503
306.62731793252
317.0142399052
327.31047090612
337.5168033069
347.63402262353
357.66290752272
367.60422979889
377.45875455203
387.22724026092
399.36582310561
411.37155343544
423.24588653404
434.99026192577
448.4242235452
461.6881493588
474.78419366165
487.71448380489
496.78167060234
505.76735274199
514.67226370535
523.49713043454
532.24267333839
540.90960626996
549.49863670147
558.01046579626
568.27309113874
578.42349282227
588.46289967705
598.39252722256
609.57340724707
620.6151024759
631.51934806211
642.28785778698
651.98049306086
661.56316428952
671.03712101189
680.40359872209
687.82984331671
695.18852718259
702.48026601417
709.7056699435
716.27926765789
722.79796057071
729.26220809712
735.67246583813
743.10165932012
750.45833760938
757.74320985745
764.95697834283
773.77856689785
782.49382862229
791.1040476178
799.61049264709
808.34609419726
816.97226099568
825.49036685823
833.90176854799
840.69313824251
847.41495151993
854.06792236045
860.65275748185
865.92188807538
871.14739280238
876.32963370962
881.46896986065
886.75569510838
891.99702127361
897.19333915818
902.3450362241
908.78849500429
915.162154036
921.46677131736
927.70309669004
935.06275571122
942.32731041727
949.49799294748
956.57601965308
961.45903274611
966.29794995591
971.09317057088
975.84509029022
980.55410122718
985.22059189667
989.84494731252
994.42754902723
999.95790650797
1005.427457214
1010.83687164
1016.1868129524
1022.189010134
1028.1163537241
1033.9697799848
1039.7502135864
1043.868081139
1047.9489084274
1051.9930296589
1056.0007760454
1059.9724758071
1063.9084541613
1067.8090334041
1071.6745329428
1076.313736016
1080.9024144526
1085.4411202872
1089.9303995729
1094.980578122
1099.9682125488
1104.8940800049
1109.7589480785
1114.1431343156
1118.4777840275
1122.7634588456
1127.0007140892
1130.3639180856
1133.6966202108
1136.9990980765
1140.2716267842
1143.2492093162
1146.2019994998
1149.1302045139
1152.0340298158
1155.3949668611
1158.7232466915
1162.0191877995
1165.2831055926
1169.2610385157
1173.1914086933
1177.0747869556
1180.9117373421
1184.8372979302
1188.7142661085
1192.5432456982
1196.3248330871
1199.3888564492
1202.4217695745
1205.4238895958
1208.3955304372
1210.7949349905
1213.1744701499
1215.5343011253
1217.8745917605
1220.291694592
1222.6879548174
1225.0635529084
1227.418667783
1230.3447513721
1233.2392186314
1236.1024126155
1238.9346726837
1242.2283150348
1245.480128428
1248.6906463683
1251.8603956182
1254.0706841127
1256.261151281
1258.4319756641
1260.5833342042
1262.7154022454
1264.8283535281
1266.9223602327
1268.9975929974
1271.4965640142
1273.9683140195
1276.413140887
1278.8313392545
1281.5361405795
1284.2076310406
1286.8462227906
1289.4523229265
1291.7842954666
1294.0902552418
1296.3704938093
1298.625299484
1300.4207946426
1302.2001646921
1303.9635551607
1305.7111102708
1307.3187954883
1308.9130799195
1310.494075824
1312.0618945256
1313.8846214681
1315.6895396146
1317.4768238454
1319.2466473334
1321.3860832629
1323.5000067329
1325.5887235389
1327.6525358392
1329.7339757242
1331.790087103
1333.8211798089
1335.8275599171
1337.4530405201
1339.0623029036
1340.6555097558
1342.2328221439
1343.5281047361
1344.8126697771
1346.0866064344
1347.3500031373
1348.6731110389
1349.9846602609
1351.2847523427
1352.5734879362
1354.1649868804
1355.7391685128
1357.2962223292
1358.836335765
1360.591147254
1362.3239690333
1364.0350782394
1365.7247485446
1366.9042250418
1368.0732562182
1369.2319351222
1370.3803539773
1371.5186041825
1372.6467763088
1373.7649601223
1374.8732445931
1376.2153228204
1377.5428863805
1378.8560932033
1380.1550995109
1381.6162784801
1383.0594925153
1384.484963855
1385.8929120096
1387.1542331407
1388.4014929561
1389.6348492017
1390.8544578672
1391.8223129085
1392.7815113169
1393.7321310182
1394.6742492407
1395.5378354352
1396.3942792065
1397.2436400149
1398.0859768272
1399.0655449443
1400.0356151169
1400.9962800494
1401.9476315458
1403.0996040654
1404.2379229482
1405.362751112
1406.4742495444
1407.597007503
1408.7061665696
1409.8018925853
1410.8843493847
1411.7626027501
1412.6321224676
1413.4929959977
1414.3453099312
1415.0454674306
1415.7398494444
1416.4285039549
1417.1114785473
1417.8259051955
1418.5341175133
1419.2361699475
1419.9321164697
1420.7901570508
1421.6389175569
1422.4784990935
1423.3090016707
1424.2536427209
1425.1865398982
1426.1078402935
1427.017689169
1427.6561146225
1428.2889027447
1428.9161036946
1429.5377671869
1430.0093805174
1430.4778073126
1430.9430692706
1431.4051879419
1427.9740630464
1420.9467853427
1413.9378968337
1407.6010710404
1401.0930780398
1394.6152461412
1388.1674353389
1381.749506277
1369.1442458665
1356.6542538416
1344.2784745113
1332.0158618092
1316.9178879353
1301.9914582895
1287.2346209329
1272.6454459857
1256.3742693717
1240.3116363827
1224.4548704943
1208.8013292446
1198.4175823725
1188.1232579076
1177.9175847283
1167.7997983309
1157.7691408235
1147.8248609459
1137.9662138994
1128.1924612761
1115.8719127981
1103.6862623305
1091.6340310343
1079.7137561679
1065.7602936355
1051.9876355412
1038.3934363208
1024.9753805603
1015.9668653744
1007.0377432128
998.18731355924
989.41488204462
980.71976044074
972.10126667986
963.55872469252
955.09146434096
944.65320616588
934.32935417801
924.11865308361
914.01986125744
902.54765801801
891.21986888146
880.03467403355
868.9902763794
861.32079197088
853.71920168578
846.18490386089
838.71730213303
831.3158054339
823.97982800709
816.70878926774
809.50211374481
800.736365155
792.06583848662
783.48949831577
775.00632038842
765.44548796238
756.00298801391
746.67735454884
737.46713956349
730.88722124221
724.36620999963
717.90357795082
711.49880191118
705.15136339191
698.8607486154
692.62644838931
686.44795805489
679.05671882127
671.74534753522
664.51298034468
657.35876266472
649.39479560686
641.52766774713
633.75620045747
626.07922931845
619.1721989362
612.34165901023
605.5867616712
598.90666836711
593.51417458089
588.17042587391
582.87498120068
577.62740347913
572.76662389963
567.94691410919
563.16792676974
558.42931746226
552.96872211424
547.56174538485
542.20786028466
536.90654496469
530.60682076205
524.38133055881
518.22919878567
512.14956010327
506.08180139713
500.0862510751
494.16204902251
488.30834527168
483.49277799264
478.72491997384
474.00429808768
469.33044386174
465.38959341732
461.48199110136
457.60735612913
453.76541007174
449.71867882652
445.70821352857
441.73368884634
437.79478234639
433.03188188768
428.32105946209
423.6617450756
419.05337491785
413.96121687911
408.93125930005
403.96274164138
399.05491256968
394.70958938442
390.41183931894
386.16114099662
381.95697870375
378.5754203876
375.22396818793
371.90235378141
368.61031121915
365.51721765944
362.45022919392
359.40912525926
356.39368714331
352.87283481475
349.38697224029
345.9357513111
342.51882735384
338.47103457099
334.47137122646
330.51926440559
326.6141479462
322.77777613395
318.98675356034
315.24054353868
311.53861567116
308.52086129414
305.5325327755
302.57334284038
299.64300699608
297.14848148669
294.67486523337
292.22198275535
289.78966003466
287.18447109256
284.60286760758
282.04463578308
279.50956374628
276.43616926539
273.39681396394
270.39112035635
267.41871510482
264.17544547469
260.97180626817
257.80731258783
254.68148540818
251.95292372807
249.2538237899
246.58386703857
243.94273833229
241.81460828315
239.70519453305
237.61433223972
235.54185800228
233.56253442434
231.59998265442
229.65406036535
227.72462642944
225.44975362593
223.1978010705
220.96853748203
218.76173389381
216.16317080155
213.59574879646
211.05909410443
208.5528373923
206.12910295058
203.73379653758
201.36658418037
199.02713579071
197.13384839261
195.25874425674
193.40164845345
191.56238772255
189.98006748879
188.41094692998
186.85491574117
185.31186453288
183.63333954386
181.97017327971
180.32222495248
178.68935505512
176.70666051617
174.74619641524
172.80771303851
170.89096345081
168.82482973784
166.78394837326
164.76801013115
162.77670953297
161.06141980439
159.36441025072
157.68548566547
156.02445290808
154.68392088312
153.35504178435
152.03771410361
150.73183721066
149.4656090436
148.21014648587
146.96535780955
145.7311520629
144.26275067143
142.80932894893
141.37073374431
139.94681345903
138.27850005712
136.63033026512
135.00206030912
133.39344933526
131.85987170713
130.3441608336
128.84610806393
127.36550716006
126.17610030058
124.99795513365
123.83096476365
122.67502330165
121.67172364475
120.67674716128
119.69002462523
118.71148738253
117.63181628997
116.5621093901
115.50227447973
114.45222020243
113.17419492855
111.91065729687
110.66144262691
109.42638809237
108.10862376614
106.8069785573
105.52125473392
104.25125696459
103.17084590754
102.10181537395
101.04404513003
99.99741620113
99.152580852488
98.315004378049
97.484624215844
96.661378339354
95.852563897589
95.050635428898
94.255534121141
93.467201661049
92.520978110064
91.584505722187
90.657683678348
89.740412193049
88.669217132565
87.611045841885
86.565739438427
85.533140958175
84.560890782906
83.599905597946
82.650054418429
81.711207767839
80.962745651028
80.221276926955
79.486736009386
78.75905792252
78.123195152827
77.492572272117
76.867145935001
76.246873152316
75.553740336991
74.86704245705
74.186719536044
73.512712152376
72.689759898458
71.876222062436
71.071990507704
70.27695832807
69.985523962967
69.69532566317
69.40635816384
69.118616222498
68.067786982581
68.732639877405
73.168498586392
79.684960749382
84.572488697055
89.443158910247
94.297029522946
99.134158469829
108.08991465745
116.98828186152
125.82962778292
134.61431778608
144.87392860368
155.056261627
165.16189889168
175.19141808972
188.8752464325
202.41738359115
215.81929674719
229.08243806545
245.16609974446
261.04569223998
276.72380508699
292.20299540633
303.12689480321
313.95172454936
324.67838335453
335.30776185812
345.84074263679
356.27820017617
366.62100108853
376.87000420232
388.99395363862
400.98664868647
412.8495109589
424.58394684736
437.402792209
450.06837990989
462.58254327986
474.94709398795
486.11018613289
497.15133047762
508.07186012513
518.87309376896
527.84460051627
536.73380665828
545.5414677941
554.26833265168
562.51118541575
570.68195681262
578.78127774113
586.80977362774
595.9434807621
604.98552266172
613.93682017805
622.79828500451
633.07691191307
643.23467859288
653.27300769597
663.1933053204
672.99422321369
682.67993650817
692.25180098337
701.71115664446
709.61476905868
717.43983939015
725.1871491719
732.8574722348
739.465341862
746.01607676951
752.51017166586
758.94811701152
765.73378583026
772.45707750018
779.11856627424
785.71882116435
793.58988959135
801.3738769068
809.07174803312
816.68445730986
825.0257752944
833.26485369991
841.4029477536
849.4412974447
856.57201189904
863.6242384641
870.59884258965
877.49668027788
883.07241952849
888.59800149971
894.07387823644
899.50049774229
904.59929145453
909.6546010001
914.66679795375
919.63625073881
925.42340853645
931.15260025358
936.82440767648
942.43940680303
949.13104580156
955.74200645148
962.27326350692
968.72578006852
975.12087918581
981.43863708124
987.67999117231
993.84586763362
998.83219790488
1003.7691689506
1008.6572705092
1013.496987501
1017.535200692
1021.5397296886
1025.5108561417
1029.4488593636
1033.6329254021
1037.7796011482
1041.8892215651
1045.9621186368
1050.9817160012
1055.9455369338
1060.8542027868
1065.7083280537
1071.1706724874
1076.5639566128
1081.8890558547
1087.1468346576
1090.7690825439
1094.359380292
1097.9180104967
1101.4452532709
1104.9413862472
1108.4066845697
1111.8414209598
1115.2458657432
1119.4189376153
1123.5464984865
1127.6290461314
1131.6670729271
1136.2725822266
1140.8201820507
1145.3106027166
1149.7445654248
1152.8690356832
1155.9654732628
1159.0341304527
1162.075257287
1165.0891015462
1168.0759087497
1171.0359222167
1173.9693830913
1177.4974121735
1180.9870367324
1184.4386761778
1187.8527453774
1191.6805638051
1195.4611576548
1199.1951114822
1202.8830026769
1206.1948235044
1209.4695001625
1212.7074506777
1215.9090884137
1218.4587230584
1220.9853305869
1223.4891197067
1225.9702972466
1228.2439284225
1230.4985738528
1232.7343926516
1234.951542607
1237.5218028985
1240.0669759906
1242.5873076529
1245.0830412634
1248.1044681469
1251.0898460862
1254.0396068026
1256.9541768929
1259.9071805629
1262.8240628086
1265.7052671773
1268.5512318204
1270.8613318402
1273.1482153954
1275.4121167411
1277.653267787
1279.4869510336
1281.3054056569
1283.1087586467
1284.8971359398
1286.7606943658
1288.6079926724
1290.4391733248
1292.2543775468
1294.4961898773
1296.7136358338
1298.9069813751
1301.076489579
1303.5603973046
1306.0130613967
1308.4348765453
1310.8262325008
1312.4998663491
1314.1585822582
1315.802513792
1317.4317933256
1319.0465520458
1320.646919947
1322.2330258635
1323.8049974829
1325.7022969244
1327.5790082534
1329.4353559082
1331.2715618979
1333.3312548931
1335.365607715
1337.3749335881
1339.3595418995
1341.1382359001
1342.8970777027
1344.6362899514
1346.3560928137
1347.7249562306
1349.0815245816
1350.4259088485
1351.7582190177
1352.9817110648
1354.1950217013
1355.3982360816
1356.5914386515
1357.9770732357
1359.3492075951
1360.7079739383
1362.0535031865
1363.6792890529
1365.2857515243
1366.8731214697
1368.4416270214
1370.0243908394
1371.5879482357
1373.1325335203
1374.6583781697
1375.8975781872
1377.1244189242
1378.3390243238
1379.5415170957
1380.5309687062
1381.512220245
1382.4853400517
1383.4503958993
1384.4601484252
1385.4610735923
1386.4532490105
1387.4367516106
1388.6481113804
1389.8463157002
1391.0315082658
1392.203831214
1393.5359838837
1394.8515208563
1396.1506505983
1397.4335789826
1398.3340554012
1399.2265512395
1400.1111376559
1400.9878851774
1401.8568637001
1402.7181424862
1403.571790182
1404.4178748247
1405.4395100911
1406.4501196312
1407.4498231833
1408.4387391935
1409.5485361447
1410.6447491473
1411.7275455309
1412.7970905808
1413.7565569887
1414.7053610259
1415.643621957
1416.5714577233
1417.3109255738
1418.0437724742
1418.7700581038
1419.4898416073
1420.1510914499
1420.80685434
1421.4571761185
1422.102102245
1422.8502156368
1423.5910695707
1424.3247349782
1425.0512821013
1425.9275028289
1426.7933719379
1427.6490125824
1428.4945464617
1429.1085743984
1429.7172731414
1430.3206892773
1430.9188689872
1432.1033368172
1431.356805575
1426.3674160125
1419.0393950056
1412.2471663427
1405.4875214294
1398.7603037234
1392.065357434
1381.4004944571
1370.8175206496
1360.3158063366
1349.8947266682
1336.6403029526
1323.5163181593
1310.5214868727
1297.6545362739
1280.9689870279
1264.4984788679
1248.2402368492
1232.1915215272
1220.0566692127
1208.0416053812
1196.1451460863
1184.3661190131
1172.7033634652
1161.1557304065
1149.7220821171
1138.4012920513
1126.0255418464
1113.7846606233
1101.6771769292
1089.7016352487
1077.4945122347
1065.4244800553
1053.4899974451
1041.6895403331
1030.9437071577
1020.3090112199
1009.7843018803
999.36844032849
990.06414541049
980.84670392216
971.71530426748
962.66914238722
953.68866032998
944.79218116007
935.97891832722
927.24809259946
917.62832135797
908.10862679189
898.68796676476
889.36530991255
879.30295087452
869.35476158336
859.51944542124
849.79572037329
840.53871400567
831.38284137721
822.32699656992
813.37008566177
805.54925767815
797.80385648239
790.13315396621
782.53642900086
775.47159773558
768.47074630943
761.5332947897
754.65866846629
747.29769342291
740.00874596016
732.79112065721
725.64411895223
717.62471292559
709.69422256188
701.85166114627
694.09605282106
686.21719141547
678.42806699531
670.72765661643
663.11494889259
656.36552626685
649.68504174268
643.07279058548
636.52807520847
630.77214658838
625.06845466967
619.41652497928
613.81588732439
608.16786465493
602.57200477332
597.02782551014
591.53484912172
585.32655812279
579.1836727986
573.10550349763
567.09136778035
560.57250899387
554.12888107133
547.75961507374
541.46385200603
535.59539107574
529.79079290498
524.04936191809
518.3704100496
513.5076736791
508.69074643831
503.9191964065
499.19259570527
494.76550169466
490.37784030657
486.02925999825
481.71941233923
476.98989677522
472.30702343312
467.67033191982
463.07936635104
457.87181411377
452.72309384951
447.63254031404
442.59949571629
437.56147804829
432.58108179423
427.65764732092
422.7905224757
418.57108101204
414.39395886879
410.25873120251
406.16497740007
402.57157487774
399.01012705585
395.48034950077
391.98196029266
388.37677193776
384.80491703361
381.26608707914
377.75997640728
373.72889512075
369.74106390998
365.79601828015
361.89329868111
357.68997963146
353.53575673922
349.4300559682
345.37230992868
341.67495074538
338.01740545504
334.39924488717
330.8200444562
327.79023655775
324.78834568201
321.81411432009
318.86728732053
316.06643969384
313.29034807234
310.53879340092
307.81155854894
304.75189055403
301.72283193455
298.72407612349
295.75531959903
292.37651784007
289.03657369963
285.73503978342
282.47147379873
279.26531752608
276.09580411483
272.96251427694
269.86503347604
267.23092510935
264.62271264188
262.04014117378
259.48295829379
257.22922131459
254.99520451659
252.78073512554
250.58564187007
248.27124095892
245.97837916434
243.70685576568
241.4564718985
238.83612872779
236.24444623031
233.68111049788
231.1458110289
228.44302418556
225.77209920351
223.13265995317
220.52433470086
218.20012904108
215.90062736576
213.62556671224
211.37468689194
209.48410165553
207.61057512329
205.7539531403
203.91408293428
202.135353553
200.37228064656
198.62472618904
196.89255336255
194.9100349902
192.94766503569
191.0052383994
189.08255205181
186.89302259406
184.72909208922
182.59046074906
180.47683226141
178.44029459521
176.42696823316
174.43658816759
172.46889238724
170.82444722076
169.19584482991
167.58293230673
165.98555820717
164.5691872093
163.16503231517
161.77298796353
160.39294949881
158.90501318438
157.43103300936
155.97087781844
154.52441767927
152.82212871024
151.13880677302
149.47424011486
147.82821932489
146.09274827761
144.3778925642
142.68340679299
141.00904846386
139.54865112844
138.10356511269
136.67362953988
135.25868520869
134.07768545297
132.90712903836
131.74692340821
130.59697682021
129.46594869774
128.34484442923
127.23357673821
126.13205911024
124.84807577399
123.57733961309
122.3197136259
121.07506221548
119.65789987818
118.25755703152
116.87383356052
115.50653170721
114.21357532969
112.93530241725
111.6715457858
110.42214013658
109.39472333045
108.37701036032
107.36890932672
106.37032919368
105.47921672559
104.59568575995
103.71967161334
102.85111015039
101.89467433169
100.9472750207
100.00882659335
99.079244230631
97.974774889104
96.882820679537
95.803239367074
94.735890318042
93.622427139512
92.522275064815
91.435274471955
90.361267633804
89.443070291592
88.534369395199
87.63506640991
86.745063814639
86.006326346047
85.273996116822
84.548017368489
83.828334824403
83.10882265776
82.395603332451
81.688621620394
80.987822774792
80.157328875034
79.335517500203
78.522297553306
77.717578884933
76.801506336729
75.896449674839
75.002275942024
74.118853769678
73.297761412346
72.485956141778
71.683332509137
70.889786251671
70.622211856558
70.355669457881
70.090155059271
69.825664679794
69.562194353942
69.299740131652
69.038298078133
68.777864273791
71.821845047526
78.056892511375
84.278977939993
89.90840383277
95.692426687229
101.45266776529
107.18922483197
112.90219525294
122.82383282415
132.67433108519
142.45420005051
152.16394611078
163.93661563868
175.60620039091
187.17360296721
198.63971814499
213.55600027122
228.30086938959
242.87629541665
257.28422591468
272.73317531412
287.98955127759
303.05575467069
317.93415682534
330.31240282003
342.56066142162
354.68029808948
366.67266410233
376.25427826414
385.75464819314
395.17446306903
404.51440628023
413.82444018435
423.05511382668
432.20710403787
441.28108192986
452.34072726174
463.28448277345
474.11356356307
484.82917212779
497.28674046775
509.59094758299
521.74368278627
533.7468124059
544.89495610015
555.91405057048
566.80559091656
577.57105511879
586.14349904165
594.63600223227
603.04931087742
611.38416426485
618.76293134
626.08021107278
633.33651637777
640.53235592706
648.65825776466
656.70705488278
664.67947973826
672.57625789513
682.20552600048
691.72231665274
701.12794527554
710.42371208161
720.16808862851
729.79174758285
739.29618642819
748.68288429098
756.5066335426
764.24858955079
771.90960866282
779.49053834918
785.60499394525
791.66735010562
797.67805144507
803.6375388145
809.60722495232
815.52552312101
821.39287639972
827.20972407765
834.30276790912
841.32071602643
848.26436484281
855.13450240666
863.18616424962
871.13685993018
878.9878578127
886.74041050868
892.40560142581
898.01822501941
903.57876999962
909.0877205706
914.54555643468
919.95275277634
925.30978038738
930.61710571823
936.78839567925
942.8924873154
948.93011386201
954.90200062954
961.40779726442
967.83557778535
974.1862797742
980.46082966254
986.14493055638
991.76654046911
997.32634799258
1002.8250342028
1007.3740898424
1011.8813146728
1016.3470942661
1020.771810668
1024.9161239388
1029.0244152198
1033.0969983831
1037.1341845855
1041.7225798959
1046.2652548751
1050.762666251
1055.2152662264
1060.4356060467
1065.5943525248
1070.6922342801
1075.729971397
1080.7612025228
1085.732448158
1090.6444254253
1095.4978429584
1099.5220489879
1103.5059984187
1107.4500950992
1111.3547388594
1114.6540211986
1117.9251371188
1121.1683277821
1124.3838322993
1127.747664446
1131.0811988722
1134.3847092821
1137.6584669242
1141.609461477
1145.5171228638
1149.3819277992
1153.2043477985
1157.4734504043
1161.6896871042
1165.8537146103
1169.9661815575
1173.6303094387
1177.2535093341
1180.8362398922
1184.3789546676
1187.1928806153
1189.9815627701
1192.7452283558
1195.4841025654
1198.0093280048
1200.5134802348
1202.9967357188
1205.4592694512
1208.3339161968
1211.1803269461
1213.9987800181
1216.7895510082
1220.1695848162
1223.5090156291
1226.8083329402
1230.0680203956
1233.3491674995
1236.5901648704
1239.7915056094
1242.953676819
1245.5034445116
1248.0277473211
1250.5268405372
1253.0009769098
1255.0280671403
1257.0384057311
1259.032131657
1261.0093827465
1263.0861269129
1265.1446977791
1267.1852550103
1269.2079568771
1271.7159775153
1274.196548796
1276.6499723583
1279.076546552
1281.8475519574
1284.5835484399
1287.2849801311
1289.9522855814
1291.7989058689
1293.6291708822
1295.4432260977
1297.2412157058
1299.0232826112
1300.7895684283
1302.5402135164
1304.2753569937
1306.3862990938
1308.4742997744
1310.5396094654
1312.5824758834
1314.8891611362
1317.1672351569
1319.4170544349
1321.6389710574
1323.2238201803
1324.7944747384
1326.3510624584
1327.8937099245
1329.422542579
1330.9376847174
1332.4392595211
1333.9273890688
1335.7082861706
1337.4699291719
1339.2125272458
1340.936287309
1342.8613773158
1344.7629745939
1346.6413672517
1348.4968398949
1350.1679684363
1351.8205072318
1353.4546641241
1355.0706446513
1356.3684335718
1357.6545006223
1358.9289522283
1360.1918938551
1361.3542488829
1362.5068552472
1363.6497951442
1364.7831500805
1366.0903342159
1367.3847689699
1368.666579362
1369.9358891928
1371.4592222774
1372.9645528965
1374.4520949665
1375.9220598818
1377.404349558
1378.8687685221
1380.3155334353
1381.7448583542
1382.9136991621
1384.0708788739
1385.2165144988
1386.3507218804
1387.2900436049
1388.2215278578
1389.1452404188
1390.0612465179
1391.0178700464
1391.9660893925
1392.9059788313
1393.8376119851
1394.9777176711
1396.1054601072
1397.2209741751
1398.3243932948
1399.5723305151
1400.8047993454
1402.0219927071
1403.2241011357
1404.0755115598
1404.9193558419
1405.7557016483
1406.5846160434
1407.4061654895
1408.2204158442
1409.0274323778
1409.8272797795
1410.7886503662
1411.7396653095
1412.6804368933
1413.6110761916
1414.6526019907
1415.6814390969
1416.6977431326
1417.7016678266
1418.6042843193
1419.496895483
1420.3796129886
1421.2525472708
1421.9516653329
1422.6445092019
1423.3311355824
1424.0116006697
1424.6377755732
1425.2587337624
1425.8745190106
1426.4851747254
1427.1911479941
1427.8902663196
1428.5825967483
1429.268205674
1432.221322797
1430.369311164
1418.0060528947
1399.9255685592
1385.3092240577
1370.845826078
1356.5337719157
1342.371475561
1326.4030317291
1310.6249733107
1295.0350273904
1279.630947985
1265.4177708643
1251.3628273048
1237.4643534663
1223.7206050348
1212.4379175102
1201.2595013373
1190.1843916802
1179.211632583
1169.1559722235
1159.1862666693
1149.3017803076
1139.5017837901
1128.4832858033
1117.5715919339
1106.7656657209
1096.0644807003
1083.4812953555
1071.0429286213
1058.7477119686
1046.5939959413
1034.2837243399
1022.1186185238
1010.0969648614
998.21706978367
988.17842362269
978.24099698075
968.40376821265
958.66572591564
950.39566765096
942.1971442527
934.06953632871
926.01222982004
917.70680498413
909.47607663932
901.3193723258
893.23602560128
883.64811279472
874.16340535625
864.7807913157
855.49917059126
845.19450136238
835.01431327194
824.95710120016
815.02137806179
806.01614567471
797.11071043022
788.30396536343
779.59481568822
772.50622869663
765.48229474873
758.52242362986
751.62603047881
745.24590393651
738.92010624647
732.64817436695
726.42964917908
719.32043556519
712.28102217146
705.31072307917
698.40885906123
690.21242966134
682.1125135228
674.10797322846
666.19768464361
658.23269754912
650.36326813823
642.5882490163
634.90650643697
628.5658869854
622.28881640883
616.0746572435
609.92277837183
604.78194838309
599.68460890216
594.63039168915
589.61893160273
584.39548846361
579.21849546633
574.08753919105
569.00220987287
562.8273030262
556.7196685304
550.67857286556
544.70329044135
537.96705085324
531.31445290764
524.74445717877
518.25603702845
513.62843852879
509.0423340253
504.49735113068
499.99312077664
495.52927721029
491.10545800487
486.72130397137
482.37645912187
477.1683769334
472.01677457038
466.92103899017
461.88056374641
456.23309646131
450.65499871637
445.14541767341
439.70351087379
434.80183226023
429.95505731292
425.16257049831
420.4237631214
416.63915661117
412.88878766792
409.17234626951
405.48952518117
402.11559251611
398.76987653193
395.45214102223
392.16215174501
388.35838986272
384.59171602485
380.86176825985
377.1681881013
372.70076985856
368.28655306546
363.92490354163
359.61519459185
355.23763565561
350.91366429168
346.64262385667
342.42386567165
338.99442912598
335.59954036726
332.23885100107
328.91201611782
326.19499050941
323.5005453414
320.82849275104
318.17864642825
315.4243469985
312.69403856187
309.98751191702
307.30455967409
303.98989201709
300.7112063428
297.4681116163
294.26022101414
290.57000203354
286.92636812659
283.32873053551
279.77650786427
277.29431365991
274.83429418119
272.39625109033
269.9799878107
267.58530952499
265.21202318089
262.85993744437
260.52886268029
257.71385854569
254.92949384572
252.17543466871
249.45135070904
246.3921244628
243.37070164253
240.38661449722
237.43940100307
234.80048388752
232.19112853246
229.61100332942
227.05978035505
225.03723786672
223.03285961668
221.04648224132
219.0779438356
217.27401595337
215.48506798054
213.71097534017
211.95161448435
209.90331064521
207.87497424353
205.86641033817
203.87742587581
201.46162694722
199.07471115478
196.71633264108
194.38614964826
192.02516434096
189.69312376195
187.38967249098
185.11445942686
183.27607535571
181.45612653106
179.65442777266
177.87079574495
176.41683665803
174.97488249372
173.54483395659
172.12659256697
170.6455449361
169.17737296014
167.72196450087
166.27920838973
164.48986070447
162.71997373681
160.96933544266
159.23773606726
157.2482984295
155.28399054879
153.3444943894
151.42949589733
150.09948551301
148.78129135772
147.47480824001
146.17993189809
144.89655899881
143.62458714073
142.36391482952
141.11444146779
139.59906245501
138.10015547693
136.61754110017
135.15104182814
133.5000559093
131.86949364675
130.25910182734
128.6686303443
127.53162968646
126.40480895247
125.288076785
124.1813426406
123.08451678883
121.99751031497
120.92023509826
119.85260380299
118.57482250318
117.31085466809
116.06055059613
114.82376219344
113.44131843394
112.0757602427
110.72688084363
109.39447596664
108.19417414782
107.0072411696
105.8335277296
104.67288617745
103.74214880563
102.81981708905
101.90581490082
101.0000667985
100.1673820019
99.341672993179
98.52288116269
97.710948389914
96.773863273832
95.845914212135
94.927011866671
94.017067765911
92.922956125601
91.841795015919
90.773430673457
89.717711142371
88.651204051112
87.59760050238
86.556743874829
85.528479428928
84.689017158247
83.857946803322
83.035184188823
82.220645976889
81.548387171173
80.881730150117
80.220628071647
79.56503448279
78.880888639856
78.202741171785
77.53053929692
76.864230694789
76.046851888083
75.238340977833
74.438601397352
73.647537622149
72.749267239146
71.862182518162
70.986143634236
70.121012492131
69.866813564868
69.613556288423
69.361237160415
69.10985269146
68.967586037282
68.825618728233
68.683950131871
68.542579617086
68.471547029379
68.40058969523
68.329707534585
68.258900467473
68.20220005465
68.112551579509
68.123690403869
68.521498265879
