3
3.150705547883
3.3013958207844
3.4520708202548
3.6027305478444
4.3558001618308
5.108488211253
5.8607948897227
6.6127203907534
10.36663700053
14.11105314527
17.845992904532
21.571480297302
25.470780697957
29.359726237222
33.238344455884
37.106662822035
41.770690606847
46.419745532325
51.053875744067
55.673129234079
61.602422570044
67.507204732732
73.387577224154
79.243641129574
86.88045880906
94.475936971022
102.03029980751
109.54377030617
119.78573839595
129.95172344631
140.04229028951
150.0579996048
164.88439817211
179.54676570438
194.0469209637
208.38666282445
223.52880383525
238.4920869276
253.27863004742
267.89052641387
282.3298445436
296.59862812901
310.69889691158
324.63264703776
336.8451835395
348.9298087425
360.8878665226
372.72068680561
382.83486954559
392.85755859417
402.78958439671
412.63176993887
422.40992791624
432.09941645328
441.7010424985
451.21560573039
461.94373537131
472.56118450655
483.06909935295
493.46861438559
504.61007245721
515.62712238796
526.52115896603
537.29356151777
547.41179228735
557.42272336167
567.32749750547
577.12724543871
585.85480131804
594.49906325204
603.06082979279
611.54089190575
619.70347885654
627.79037131333
635.80227455615
643.73988734949
652.22834736952
660.63185620966
668.95126826234
677.18742940326
685.99660918928
694.7105612484
703.33032031853
711.85690999864
720.19240701545
728.43887431832
736.59726794723
744.66853376656
752.05845597626
759.37534792698
766.61993539096
773.79293698406
780.57887442539
787.30075051645
793.95917353875
800.55474603927
807.35621995951
814.09086573244
820.75934392873
827.36230863677
834.38166711888
841.32699821432
848.19908747214
854.99871216901
861.83118076469
868.59049309344
875.27743747023
881.89279377888
888.09510347023
894.23449431731
900.31160881956
906.32708295936
911.96537530842
917.54952222529
923.08004722043
928.55746877281
934.04388951559
939.47703942253
944.85743934866
950.18560508607
955.79182839372
961.34023179757
966.83141590076
972.26597510612
977.83625031046
983.34704640586
988.79900318082
994.19275358491
999.36921276559
1004.4920694736
1009.5618829591
1014.5792066706
1019.2707106565
1023.9163279938
1028.5165109679
1033.0717074284
1037.5227480025
1041.9308424683
1046.2964084777
1050.6198596395
1055.1010400471
1059.5369839562
1063.9281517155
1068.2749990115
1072.7888548114
1077.2549273351
1081.6737265958
1086.0457571907
1090.3431487053
1094.5953629276
1098.8028788116
1102.9661702578
1106.8781482292
1110.7510867399
1114.5853787527
1118.3814132913
1122.0158740015
1125.6152708278
1129.1799450396
1132.710234597
1136.2973406641
1139.8489526943
1143.365425057
1146.8471085968
1150.4820054645
1154.0789914721
1157.6384656427
1161.1608228164
1164.7052995109
1168.2121990379
1171.6819235004
1175.1148707158
1178.3814025209
1181.6146429504
1184.8149345358
1187.9826162958
1190.9726865292
1193.9337069534
1196.8659625446
1199.769735491
1202.6514615101
1205.5051412021
1208.3310502291
1211.1294615507
1214.0405015141
1216.9217918454
1219.7736396343
1222.59634881
1225.4958533265
1228.364618784
1231.2029744013
1234.0112458822
1236.7367084551
1239.4338412204
1242.1029417264
1244.7443044047
1247.2236977222
1249.6786560156
1252.1094226587
1254.5162386064
1256.8466176929
1259.1545479816
1261.4402480632
1263.7039344036
1266.0275890962
1268.3280532947
1270.6055609879
1272.8603438082
1275.209700257
1277.5343912309
1279.8346785809
1282.1108213839
1284.3754025955
1286.6160896983
1288.8331376697
1291.0267987717
1293.0966799729
1295.1457441216
1297.1742029994
1299.1822662365
1301.0850157688
1302.9694571587
1304.8357686387
1306.6841267074
1308.5397359341
1310.3772548386
1312.1968618907
1313.9987338009
1315.884338755
1317.7505267351
1319.5975001128
1321.4254591531
1323.291970346
1325.138661876
1326.9657467943
1328.773435865
1330.5077934903
1332.2243017216
1333.9231465631
1335.6045120818
1337.1761629293
1338.7325451316
1340.2738089164
1341.8001030334
1343.289956823
1344.7655508128
1346.2270232555
1347.6745110632
1349.1768330205
1350.6640946531
1352.1364489209
1353.5940472305
1355.1149969486
1356.6198846224
1358.1088821394
1359.582159549
1361.0334720193
1362.4695340346
1363.8905080216
1365.2965546776
1366.6094425542
1367.909319321
1369.1963157014
1370.4705611041
1371.6795334898
1372.8770309249
1374.0631638503
1375.2380416426
1376.4316098623
1377.6135652038
1378.7840222618
1379.9430944988
1381.1665957946
1382.3774151162
1383.5756858122
1384.7615398285
1385.9670779292
1387.1597877098
1388.3398076786
1389.5072748472
1390.612841218
1391.7071541626
1392.7903299344
1393.8624835842
1394.8579874212
1395.8439916413
1396.8205882667
1397.7878684264
1398.739685649
1399.6824845506
1400.6163518903
1401.5413735909
1402.5144791467
1403.477798552
1404.4314317543
1405.3754776786
1406.363908858
1407.3418335267
1408.3093651276
1409.2666158767
1410.1992546765
1411.1221378309
1412.0353690245
1412.9390508374
1413.771771903
1414.5963871164
1415.4129766687
1416.2216199546
1416.9892370465
1417.7496960006
1418.5030646725
1419.2494102723
1420.0184247701
1420.7799854925
1421.5341658984
1422.2810387203
1423.0782925718
1423.867222588
1424.6479171526
1425.420463709
1426.6244752569
1425.8952376425
1420.9182989149
1413.6000799398
1406.8182822235
1400.0691182618
1393.352430587
1386.6680624929
1376.602602823
1366.6104252366
1356.6909947678
1346.8437803541
1334.160591869
1321.5972000077
1309.152470344
1296.8252791657
1279.7494450867
1262.8991339628
1246.2713600819
1229.8631770032
1215.1698473795
1200.6525966198
1186.3093098124
1172.1378973028
1158.1362946612
1144.3024627914
1130.6343870178
1117.1300767113
1105.3239401568
1093.6429653498
1082.0858226035
1070.6511962856
1061.1029599003
1051.6401472958
1042.2619926632
1032.9677370324
1023.8642734275
1014.8412967096
1005.8980938575
997.03395814239
986.65979249625
976.39392301172
966.23521702985
956.18255367329
944.44459205687
932.85120263919
921.40060153745
910.09102671667
899.24278747038
888.52429802061
877.93400377842
867.47036864389
859.1805846795
850.97029593996
842.83873879225
834.78515689921
827.96198551662
821.19478188006
814.48308613398
807.82644218534
800.50674267286
793.25360642983
786.066427153
778.94460403357
770.04827307123
761.25392123766
752.56037768395
743.96648490456
734.40975616873
724.97625343972
715.66438538441
706.47258103673
700.49165402168
694.56155846362
688.68186168655
682.85213467891
677.07195209005
671.34089224136
665.65853703304
660.02447190587
652.83141972026
645.71707715108
638.68058165438
631.72108006866
623.50136597946
615.38905033314
607.38272786078
599.48101150609
594.23412249088
589.03335502694
583.87830310807
578.76856428178
573.70373964587
568.68343385965
563.70725505053
558.77481477559
552.66376458897
546.61985107592
540.64233562932
534.73048770455
527.99438390104
521.34353256275
514.77685324084
508.29327904994
503.82438929811
499.39498023677
495.00470258133
490.65321011862
486.34015970393
482.06521127084
477.82802775008
473.62827503618
468.49740491527
463.4224013102
458.40265508528
453.43756369339
447.81797452237
442.26839675554
436.78795695884
431.37579249082
427.54033746917
423.73917045536
419.97198449121
416.238475349
412.53834152876
408.87128426726
405.23700746498
401.63521765605
397.30697775083
393.02564974527
388.7907244642
384.60169821375
379.91825235468
375.2921776739
370.72277039407
366.20933528856
362.15561122017
358.14703646497
354.18310743757
350.26332612103
347.12347713459
344.01195438649
340.92850195399
337.87286621104
335.05615938102
332.2630885572
329.49345510459
326.74706204727
323.56859508354
320.42125541807
317.30473775666
314.21873977712
310.5183517496
306.86184393087
303.24869518953
299.67839052518
296.0948204656
292.55441181569
289.05664392594
285.60100236687
282.77870972457
279.9845156933
277.21814007855
274.47930545815
272.19981428472
269.93940013642
267.6979030968
265.47516458144
263.14048188473
260.82649417015
258.53301768946
256.25987031487
253.48302613564
250.73651747513
248.02001237732
245.33318248731
242.32159324388
239.34728497122
236.40979537197
233.50866782382
231.45068812635
229.41100544244
227.38945680707
225.38588069672
223.40011702799
221.43200716233
219.48139386774
217.54812130297
215.22000598887
212.91703697385
210.63894214549
208.38545231055
205.8621663822
203.36972835824
200.90776039865
198.47588924522
196.28961032008
194.12765512488
191.98975251021
189.87563432206
188.18080424974
186.50125928304
184.83686128924
183.18747337507
181.66717893323
180.15963644759
178.66473873274
177.18237949841
175.46865226123
173.77168233491
172.09130551116
170.4273591783
168.43528986682
166.46676887875
164.52151723966
162.59925924822
160.67097161126
158.76582083378
156.88352867624
155.02382021224
153.50130728335
151.99393012428
150.50153791068
149.02398130913
147.79055322156
146.56746286757
145.35462339215
144.15194866526
142.88883737683
141.63693761182
140.39614960669
139.16637447945
137.668187864
136.18634527443
134.7206679545
133.27097908578
131.65067617282
130.05034529313
128.46973962042
126.90861534783
125.52408282429
124.15487257852
122.80081457662
121.46174065457
120.39796929841
119.34365361898
118.29870932615
117.26305287592
116.30183477563
115.34861695503
114.4033326313
113.46591557551
112.36761703957
111.28011729378
110.20330984118
109.13708922687
107.85558466111
106.58937274909
105.33827043254
104.10209682313
102.87283698101
101.65833817431
100.45842258061
99.272914498596
98.313689319745
97.363895818857
96.423440946156
95.49223256266
94.715150062121
93.944506137933
93.180247257146
92.422320329055
91.61692699397
90.818683103013
90.027524964122
89.24338944873
88.28076592156
87.328725136076
86.38715032274
85.455925989075
84.417946548661
83.392825612967
82.380403286375
81.380521641424
80.680074746905
79.985781571291
79.297587836794
78.615439741122
77.93928395702
77.269067633836
76.604738385
75.946244282874
75.145306399829
74.35300048331
73.56923311302
72.79391187105
71.918643273011
71.054137669143
70.200262134124
69.356885367905
68.600426264714
67.852412547267
67.11274950067
66.381343462769
65.801227198864
65.226304843817
64.656529676031
64.091855391303
63.57466816314
63.06175960108
62.553094135769
62.048636491709
61.462193734066
60.881437148029
60.306311324962
59.736761392128
59.048503899717
58.368387900536
57.69631659213
57.032194312178
56.362729927416
55.701341926785
55.047932355644
54.402404435952
53.877124940563
53.357063569421
52.842168196148
52.332387211095
51.911204838617
51.493513233189
51.079283295999
50.668486169324
50.237877018745
49.811039396552
49.387940073187
48.96854610997
48.453777904069
47.944591279046
47.44092534462
46.942719869219
46.380591344091
45.825413369698
45.277099460808
44.735564197821
44.352987143484
43.973792809812
43.597951089218
43.225432140356
42.856206387861
42.49024452324
42.127517497789
41.767996519685
41.334610452141
40.90588251285
40.481762284366
40.06219989051
39.59228293833
39.128082549602
38.66952867735
38.216552124826
37.809721847016
37.40738961554
37.009505322279
36.616019412652
36.301018550563
35.988836004313
35.67944636019
35.372824432183
35.090244548256
34.810015036618
34.532116189548
34.256528463628
33.937467316067
33.621503483611
33.308606648478
32.998746787591
32.627089566651
32.259800672678
31.896828320851
31.538121334839
31.178006422567
30.822189510298
30.470618842754
30.123243282315
29.839425967239
29.55840849594
29.280162990993
29.004661850612
28.77530840057
28.547856595347
28.32229051601
28.098594376161
27.863657785125
27.630783429843
27.399953029236
27.171148463336
26.891625618078
26.615125662225
26.341615572031
26.071062681768
25.767596813519
25.467850490111
25.171777640629
24.879332759697
24.671938134579
24.466367696952
24.262605225193
24.060634641117
23.860440009836
23.662005540242
23.465315581188
23.270354619922
23.035494820178
22.80314353992
22.573273673387
22.345858405588
22.090983582118
21.839191060069
21.590443113727
21.344702475195
21.123736315111
20.905200952136
20.689069309215
20.47531460867
20.304177350482
20.134563314256
19.966458765389
19.799850092454
19.646479036386
19.494375301266
19.343528274221
19.193927430838
19.020862371386
18.849464654975
18.67971799604
18.511606267152
18.309832146157
18.110412540488
17.913319583186
17.718525734569
17.522659018278
17.32911599123
17.137868677193
16.948889434125
16.794418157167
16.641461759676
16.490005156104
16.340033410262
16.215349283748
16.091691194106
15.969050563305
15.847418884728
15.719857105807
15.593404750717
15.468052012469
15.343789170369
15.191919435237
15.041677130043
14.893044521149
14.746004066933
14.580756680345
14.417519341606
14.256267173508
14.096975604391
13.983980816645
13.871972204528
13.760941004376
13.650878530076
13.541776172987
13.4336254022
13.326417762476
13.220144873393
13.092192100759
12.965593855882
12.840335522952
12.716402642965
12.577567960118
12.440395888305
12.304866119282
12.170958591141
12.050542113694
11.931436839329
11.813628193676
11.697101763426
11.603761243023
11.511243093125
11.419539912094
11.328644364662
11.244935346325
11.161911042337
11.079565727617
10.997893724815
10.903411753634
10.809830506623
10.717141201072
10.625335139562
10.515153266419
10.406242968604
10.298589225856
10.192177194303
10.085174462482
9.9794265486837
9.8749183778104
9.7716350548079
9.6872071816951
9.603597313859
9.5207973242444
9.4387991662343
9.3706224935126
9.3029998629647
9.2359266538798
9.1693982840016
9.0996154571189
9.0304318075425
8.9618420517362
8.8938409526417
8.8107096177167
8.7284575643602
8.6470752342213
8.5665531724245
8.4760257791902
8.3865850146688
8.2982174607141
8.2109098639878
8.1489980774365
8.0876189658684
8.0267678091262
7.9664399288002
7.9066306881882
7.8473354924348
7.7885497874204
7.7302690593042
7.6600701699841
7.5906034633704
7.5218610607558
7.4538351679367
7.3775962238556
7.3022565901752
7.2278053107312
7.1542315622528
7.0880659250529
7.0226094523214
6.9578542839254
6.893792646581
6.8424945457696
6.7916408449199
6.7412275580583
6.6912507349304
6.6452325246826
6.5995841475599
6.5543025231976
6.5093845968853
6.4573995025869
6.4059012368723
6.3548850703291
6.3043463194374
6.2436479834747
6.1836377504896
6.1243075190915
6.0656492830029
6.0066334969723
5.9482972991982
5.8906325506362
5.8336312094522
5.7870457060695
5.7409029243718
5.6951984819401
5.6499280397147
5.6123092570796
5.574989937645
5.5379675951799
5.5012397641207
5.4627147839698
5.4245136078513
5.3866333941694
5.3490713262922
5.3031172857612
5.2576390229115
5.2126313884496
5.1680892887818
5.1179624351593
5.068424560027
5.0194684181113
4.9710868531216
4.9367951193568
4.902791747979
4.86907419573
4.8356399418273
4.8024864879422
4.769611358275
4.7370120989569
4.7046862778034
4.6657307624744
4.6271719633927
4.5890056317979
4.5512275644717
4.5088704507077
4.4670008603893
4.4256128823088
4.3847006769221
4.3479044799625
4.3114926696979
4.2754610076499
4.2398053021376
4.2112574061177
4.1829502538522
4.1548816983882
4.1270496119899
4.1014195701703
4.0759898662122
4.0507588415273
4.0257248513222
3.9967367899386
3.9680126489673
3.9395498796105
3.9113459577763
3.8774498277784
3.8439270994815
3.8107734018334
3.777984415061
3.7449803623585
3.7123452862035
3.6800747934115
3.6481645432337
3.6220863976944
3.5962485162347
3.5706485358639
3.5452841169456
3.5242107405399
3.503299773143
3.4825498759803
3.4619597213889
3.4403561636517
3.4189282605591
3.3976744818719
3.3765933107732
3.3507836564997
3.3252323797354
3.2999367039538
3.2748938826244
3.2466880290927
3.2188024155792
3.1912331299796
3.163976308194
3.1446620041534
3.1255043531365
3.1065019843014
3.087653538902
3.0689576702771
3.05041304389
3.0320183370074
3.0137722385665
2.9917704016197
2.9699843250222
2.9484117165037
2.9270503083313
2.9030855027426
2.8793860347064
2.8559487131399
2.8327703855998
2.8119180456093
2.791274930138
2.770838751998
2.7506072492181
2.7344083374042
2.7183404193919
2.7024023377977
2.686592945578
2.672031440224
2.657578948297
2.6432345759999
2.6289974369545
2.6125015522569
2.5961493973354
2.5799395975716
2.5638707916468
2.5445441248756
2.5254210233367
2.5064991271725
2.4877761041651
2.468918582259
2.4502623540818
2.4318050468095
2.413544315894
2.398618239577
2.3838232233369
2.3691579919034
2.3546212825854
2.3425434915183
2.330554260815
2.3186528687285
2.3068385994878
2.2944380288744
2.282133277503
2.269923520348
2.2578079396022
2.2429631978926
2.2282595533488
2.2136955074159
2.1992695776928
2.1830068478378
2.1669192127037
2.1510045584044
2.1352607969411
2.124103878562
2.1130325822385
2.1020461681679
2.0911439030593
2.080325060127
2.0695889191122
2.0589347661102
2.0483618934987
2.0356037435003
2.0229636796107
2.0104404637833
1.9980328711916
1.9841030346197
1.9703185387049
1.9566776591371
1.9431786924338
1.9310281205203
1.9189922015929
1.9070697000381
1.8952593938284
1.8858002341704
1.8764128655799
1.8670966631934
1.8578510077131
1.8493317136809
1.840872185385
1.8324719403448
1.8241305000716
1.8144589508811
1.8048662700468
1.7953517150616
1.7859145505799
1.7745544129677
1.7633060970989
1.7521683272875
1.741139842744
1.7300234430109
1.7190177159425
1.7081213783987
1.6973331624832
1.6885108507034
1.6797606222906
1.671081787943
1.6624736651347
1.6553192916543
1.6482136345352
1.6411563039012
1.6341469130919
1.6267855509961
1.6194769314317
1.6122206086595
1.6050161408253
1.5961812062903
1.5874240240846
1.5787437839284
1.5701396842433
1.5604304216496
1.5508177700682
1.5413005855456
1.5318777380855
1.5251974072864
1.5185643326163
1.511978114021
1.505438354953
1.4989446623681
1.4924966467366
1.4860939219509
1.4797361052863
1.4720578374999
1.4644448582536
1.4568964975682
1.4494120925882
1.4410018206698
1.4326719954818
1.4244216834735
1.4162499623209
1.4088888110651
1.4015911769957
1.3943563911572
1.3871837919157
1.3814357737361
1.3757275518478
1.3700587880596
1.3644291471778
1.3592387100446
1.3540814263622
1.3489570350024
1.3438652769862
1.3379568081309
1.3320921362659
1.3262708593134
1.3204925790533
1.3135300324508
1.3066296631803
1.2997907799822
1.2930126996263
1.2861738390246
1.2793965959679
1.2726802748868
1.2660241884304
1.2605769493707
1.2551698802587
1.2498026074938
1.2444747611264
1.2400441182059
1.2356406423776
1.2312641223872
1.2269143487125
1.2223428845095
1.2178008606295
1.2132880354922
1.2088041696099
1.2033002222318
1.1978397339051
1.1924222651798
1.1870473812951
1.1809752506145
1.1749572063259
1.1689926275605
1.1630809009761
1.1588867897513
1.1547191600565
1.1505777948341
1.1464624789158
1.1423729990209
1.1383091437629
1.1342707035992
1.1302574708102
1.1254060971445
1.120591400274
1.1158130163973
1.1110705855531
1.105735734974
1.1004461469928
1.095201314435
1.0900007361805
1.0853113226994
1.0806577001259
1.0760395049588
1.0714563776447
1.0677805646926
1.0641272041475
1.060496112242
1.0568871068238
1.053557140013
1.0502458998185
1.0469532443231
1.0436790327678
1.0398761643515
1.0360980695905
1.0323445298482
1.0286153285678
1.0241168712186
1.0196536445864
1.0152252725445
1.010831383297
1.0063929794257
1.0019895543583
0.99762072943191
0.99328613041718
0.98973535606911
0.98620742259853
0.98270212658851
0.97921926659132
0.97632067941792
0.97343756025372
0.97056979407016
0.96771726677236
0.96471685960191
0.96173323843722
0.95876627168991
0.95581582889976
0.95219036668243
0.94858972724852
0.94501367107007
0.94146196114868
0.94134239820717
0.94122286277404
0.94110335484031
0.940983874397
1.2405535614005
1.8293680386622
2.4191761031454
2.9576586487029
3.408282436842
3.8587699272666
4.3091211612285
4.7593361799671
7.0083694876392
9.2540035928727
11.496243636193
13.735094750397
20.228180018574
26.692760832382
33.128962403171
39.536909396721
46.215373255577
52.863146789629
59.480371133971
66.06718677994
74.828882052098
83.536772716549
92.19118944909
100.79246091215
112.05853491833
123.23343326208
134.31789451496
145.31265133045
160.27339866463
175.06805717837
189.6984727598
204.16647105471
221.34535242246
238.29525693517
255.01924063077
271.52031937353
282.48129338403
293.34391645854
304.10907247378
314.77763744845
325.3504795504
335.82845906911
346.21242862507
356.50323325594
369.2130092808
381.7806790974
394.20783461217
406.49605011713
420.80800975956
434.9315065434
448.86902742557
462.62302699806
472.04254913794
481.37599893463
490.6241647422
499.78782776485
508.86776206374
517.86473453164
526.77950508734
535.61282675554
546.34585005814
556.95863095763
567.45252013759
577.82885327955
589.80677101299
601.62805345499
613.29475478496
624.80890258486
632.73460517421
640.58803004369
648.36983836352
656.08068530898
663.72122006609
671.29208581074
678.79391987155
686.22735379692
695.25754659116
704.1868043139
713.01625899209
721.74703008639
731.81787634617
741.75743189023
751.5674144118
761.24951939467
767.90305041787
774.49619733541
781.02951023785
787.50353424383
793.91880950481
800.27587118795
806.57524961085
812.81747029693
820.41466557379
827.9272029425
835.35602960258
842.70208225459
851.16074812543
859.50967901056
867.75030451785
875.88403583214
881.47371243536
887.01291067941
892.50208843894
897.9416994644
903.33219338598
908.67401569946
913.96760787784
919.21340741696
925.60455790327
931.92477440053
938.17484788638
944.35556059335
951.45410215125
958.46116413518
965.37793116404
972.20557267
976.9146312456
981.58129815819
986.20595695434
990.78898773217
995.33076714448
999.83166838707
1004.2920612919
1008.7123123655
1014.0910377938
1019.4103318894
1024.6708548134
1029.8732594507
1035.8236177239
1041.6979549645
1047.4972477016
1053.2224600366
1057.2012007973
1061.1441683816
1065.0516862493
1068.924074952
1072.7616521356
1076.5647325305
1080.3336280302
1084.0686477238
1088.5976161702
1093.0767821624
1097.5066965812
1101.8879042575
1106.8728367942
1111.7947233796
1116.654366194
1121.452557298
1124.8232126173
1128.1635466013
1131.473833716
1134.7543459554
1138.0053528442
1141.2271214284
1144.4199163434
1147.5839998412
1151.3999274369
1155.1741006312
1158.9069792725
1162.599018178
1166.7747259342
1170.8982010224
1174.9701011396
1178.9910757669
1181.8526888625
1184.688513234
1187.4987828783
1190.2837296786
1193.0435834068
1195.7785717152
1198.4889201952
1201.1748524007
1204.3922845403
1207.5746861865
1210.7224414443
1213.835930232
1217.3350105907
1220.7908187786
1224.2038938001
1227.5747679949
1230.6103896449
1233.6117933369
1236.5793676428
1239.5134967505
1241.8390157559
1244.1435285645
1246.4272263665
1248.6902986196
1250.7478046383
1252.7882642766
1254.8118198572
1256.8186125186
1259.1439131938
1261.4467108382
1263.727224936
1265.9856728399
1268.7456284279
1271.4726355168
1274.1670905886
1276.8293853847
1279.5593340654
1282.2554739954
1284.918227293
1287.5480108427
1289.6729121873
1291.7762921381
1293.8583704932
1295.9193648174
1297.5746315216
1299.2163004673
1300.8444843132
1302.4592947872
1304.1247121413
1305.7759068521
1307.4130014349
1309.0361173527
1311.0603389452
1313.0628231001
1315.0438053017
1317.003518495
1319.2958919813
1321.5591689678
1323.7937220735
1325.9999191767
1327.5316186598
1329.0496529314
1330.5541450279
1332.0452168814
1333.5229893199
1334.9875820636
1336.4391137554
1337.877701973
1339.6121298073
1341.3277468022
1343.0247589046
1344.7033698165
1346.5816896887
1348.4369746266
1350.269509845
1352.0795770477
1353.6971443515
1355.2967726318
1356.8786627973
1358.4430135185
1359.6863822314
1360.9186730034
1362.1399855299
1363.350418612
1364.4638029038
1365.5679840083
1366.6630387785
1367.7490434265
1369.0138696814
1370.2664223627
1371.506821807
1372.7351871745
1374.2226905884
1375.6925509484
1377.1449797217
1378.5801858525
1380.0280294556
1381.4583503517
1382.8713628919
1384.2672788201
1385.3959509956
1386.513448857
1387.6198842518
1388.7153679131
1389.6132326947
1390.5037421138
1391.3869571019
1392.2629380864
1393.1808498198
1394.0908199653
1394.9929180133
1395.8872128467
1396.9938978747
1398.0886358191
1399.1715571387
1400.2427908724
1401.4655793176
1402.6731433946
1403.865674875
1405.0433631269
1405.8630578937
1406.6755637966
1407.4809446402
1408.2792636639
1409.0705835414
1409.8549663786
1410.6324737298
1411.4031666035
1412.3379155201
1413.2626424405
1414.1774561437
1415.082464231
1416.1015191656
1417.1081450297
1418.1024953201
1419.0847216462
1419.9640828743
1420.8337294987
1421.6937702167
1422.5443125152
1423.2181786632
1423.8860841757
1424.5480824675
1425.2042264762
1427.2966378217
1426.0319116127
1417.4072753035
1404.752481393
1391.7844987008
1378.9365406724
1366.2074940632
1353.596255918
1342.8593911578
1332.207915058
1321.6411471426
1311.1584123453
1299.1234648714
1287.1992752509
1275.3848221722
1263.6790937063
1248.5289133591
1233.5608492489
1218.7727081375
1204.1623230265
1187.5575515706
1171.1823664533
1155.0335877583
1139.1080792338
1129.9916329032
1120.9483473741
1111.9776345156
1103.0789109083
1094.2515978395
1085.4951213167
1076.8089119541
1068.1924049263
1056.41166371
1044.7612140945
1033.2396128107
1021.8454324729
1007.4228862057
993.20448613546
979.18733834487
965.36858954352
957.10512204358
948.91259787818
940.7904070878
932.73794493267
924.75461188754
916.83981365759
908.99296104427
901.21346989025
891.12109128068
881.1420789376
871.27515767968
861.51906656425
850.06279703852
838.75934669927
827.60667436033
816.602765841
809.6579696785
802.77242640442
795.94562981003
789.17707798878
782.46627333211
775.81272254265
769.21593652437
762.67543033749
754.29472808321
746.00642752036
737.80950860296
729.70296245988
720.20440961001
710.82992700004
701.5778920792
692.44670331103
686.44281817586
680.49117640945
674.59132286109
668.74280632258
662.94517952439
657.19799914807
651.5008257237
645.85322358763
638.79693107338
631.81802143652
624.91564506876
618.08896161595
610.26468046611
602.53982816227
594.91313975452
587.38336623028
582.23018295231
577.12239036123
572.05958818121
567.04137964444
562.06737148772
557.13717396379
552.25040074885
547.40666890462
541.47282146343
535.60356750297
529.79820308975
524.05603189918
517.5595480012
511.1439482149
504.80822437451
498.55138075855
494.12428821517
489.73668537719
485.38821959371
481.07854134259
476.80730422732
472.57416498732
468.37878341448
464.22082231882
459.21933616973
454.27199230844
449.37820396598
444.53739067963
439.12791086779
433.78458169499
428.50659331236
423.29314568951
418.61245608837
413.98378904597
409.40656570194
404.88021358058
401.2489193556
397.65036582336
394.08425743696
390.55030129898
387.2864411252
384.05000571729
380.84076436148
377.65848827267
373.97700800776
370.33161586441
366.72195765994
363.14768266132
358.87493394214
354.65274723329
350.48052348377
346.35767067252
342.23201831092
338.15580247543
334.12843005572
330.14931498809
326.89215811372
323.66733495033
320.4745241151
317.31340739442
314.66743366955
312.04366532005
309.44191575286
306.8619999327
304.14627638068
301.45474518953
298.78719056286
296.14339861584
292.92657693011
289.74493421406
286.59808523958
283.48564895985
280.02074969037
276.59849707282
273.21836549177
269.87983574434
266.92464914582
264.00205801817
261.11170233018
258.25322599152
255.97473590955
253.71650033811
251.47833896313
249.26007306445
247.19104183232
245.13931872032
243.10475872388
241.08721804526
238.72322528982
236.38259817086
234.06510539201
231.77051792832
229.02609609354
226.31443953409
223.63515646441
220.98785973743
218.36968396263
215.78279346663
213.22681381503
210.7013750103
208.65446479544
206.6276172627
204.62063544027
202.6333242747
200.96222377287
199.305031715
197.66163214225
196.03191005615
194.29283606484
192.5693361367
190.86127055369
189.16850084226
187.09910436147
185.05256650065
183.02863430754
181.02705760359
178.81571348493
176.63165494709
174.47454469079
172.34404954339
170.48060122303
168.6375131017
166.81456229073
165.01152831944
163.5767166751
162.15451705993
160.74481839005
159.34751055303
158.02948723424
156.72248811086
155.42642078283
154.14119361933
152.62118639139
151.11634094701
149.62650572867
148.15153068155
146.39111509613
144.6518667268
142.93353050355
141.23585439917
139.57576242379
137.93542483475
136.31460602918
134.71307318623
133.42485742405
132.14911906992
130.88573698285
129.63459118864
128.57652677824
127.52721298994
126.48657727444
125.45454767996
124.33981320009
123.23511902586
122.14037449679
121.05548976507
119.72500504699
118.40934884455
117.10835546275
115.82186104106
114.41099104387
113.01755786902
111.64134543827
110.28214032337
109.10584612328
107.94228898271
106.79133059609
105.6528341462
104.74787114428
103.85078148045
102.96149645506
102.07994796374
101.23990509529
100.40688703546
99.580834862804
98.761690146812
97.785077450073
96.818282611447
95.861206627331
94.913751484346
93.784949055321
92.669801908138
91.568144326773
90.479812586093
89.42606544499
88.384809671375
87.355896697801
86.339179706466
85.527070646943
84.722742182552
83.926119510717
83.137128542458
82.46680472973
81.801989232722
81.142636624771
80.48870185143
79.774808458672
79.067371545572
78.366332503886
77.671633253569
76.816947210526
75.971856518485
75.136253043792
74.310029860246
73.409285945796
72.519689686398
71.641102574704
70.773387806701
70.029443844996
69.293491009856
68.565443110407
67.84521487732
67.273690976924
66.707090651529
66.145371303702
65.588490702074
65.053339639031
64.522656736866
63.996404524715
63.474545843931
62.847835316201
62.227460645256
61.613357487091
61.005462145915
60.281771976699
59.566878937757
58.860675591126
58.16305579798
57.493085275916
56.831030461225
56.176797373071
55.530293135736
55.017267096801
54.509107410889
54.005767682499
53.507201955183
53.082289374546
52.660844132981
52.242837787457
51.828242126831
51.371541733412
50.918979565918
50.47051792424
50.026119449352
49.477549098038
48.935169373924
48.398910026195
47.868701594108
47.29313510148
46.724698106721
46.163301786174
45.608858411785
45.231445948605
44.857254789265
44.486257272649
44.118425973656
43.753733702974
43.392153507843
43.033658665998
42.678222683183
42.234606981848
41.795755552944
41.361616901955
40.932140086328
40.436241508283
39.946557280043
39.46300900958
38.985519283921
38.652377128855
38.322183701564
37.994912720803
37.67053813805
37.349034137275
37.030375135719
36.7145357777
36.40149093206
36.023523471739
35.649629238871
35.279764014265
34.913884054858
34.505031330978
34.101154113188
33.702191390141
33.308082891573
32.955470365755
32.606742948337
32.261857492087
31.920771324967
31.647880588632
31.377421383464
31.109371864595
30.843710382168
30.598003379308
30.354338842466
30.112699648622
29.873068817486
29.594776250881
29.319191948411
29.04628932297
28.776042046647
28.452142060528
28.132055681046
27.815737600344
27.503143044109
27.190530591467
26.881641254946
26.57643027586
26.274853428824
26.029054805623
25.785669812047
25.544674514803
25.306045216285
25.106957900619
24.90951713217
24.713709155029
24.519520327592
24.314713090286
24.111706595347
23.910484844814
23.711031982029
23.467156465866
23.225924966467
22.987308510511
22.751278439749
22.487311989883
22.226579568411
21.969041112152
21.714657049816
21.534908365101
21.35673424773
21.180120744621
21.005054025649
20.831520383531
20.659506234232
20.488998113708
20.319982676567
20.115709383424
19.913615976883
19.713678908171
19.515874881087
19.293570347605
19.073959202365
18.857008396907
18.642685284846
18.45009672618
18.259629279742
18.071259273953
17.884963299465
17.736326880779
17.589010356854
17.44300184539
17.298289570494
17.165358592446
17.033521117705
16.902768023232
16.773090261752
16.62281381268
16.473981075043
16.326577976596
16.180590581467
16.004859440174
15.831178985036
15.659524925128
15.489873255067
15.31903213465
15.150220828263
14.983414841293
14.818589972431
14.684100765432
14.550930075084
14.419064764015
14.288491825007
14.18026251765
14.072920854255
13.966459432119
13.860870910023
13.750197612953
13.640483031052
13.531718715558
13.423896291841
13.291844164598
13.161204325425
13.031961400834
12.904100183655
12.760044168377
12.617741295131
12.477169834508
12.338308324412
12.240004650922
12.142557589554
12.045959532251
11.950202938254
11.855280334035
11.761184313521
11.667907536303
11.575442726904
11.464044770693
11.353824878907
11.244770339265
11.136868575895
11.01598227904
10.896542203111
10.778530681053
10.661930260171
10.557134557184
10.453478122876
10.350948299769
10.249532570225
10.168337496447
10.087856220517
10.008082324365
9.9290094474274
9.8561750288197
9.783935141855
9.7122848196506
9.6412191367046
9.5589555613622
9.4774750507031
9.396769971086
9.3168327629975
9.2208662598506
9.1260058754805
9.0322385435076
8.9395513510328
8.8463749671301
8.75428949657
8.6632818367309
8.5733390414731
8.4998549341376
8.4270812188709
8.3550108435077
8.283636825644
8.224300234413
8.1654446844197
8.1070661676158
8.0491607092852
7.9883939481045
7.9281479029489
7.8684179845117
7.8091996438473
7.7367758336586
7.6651167698476
7.594214140281
7.5240597228225
7.4451891343383
7.3672635772708
7.2902713841072
7.2142010306562
7.160296816474
7.1068551820933
7.0538720323308
7.0013433082011
6.9492649868811
6.8976330818313
6.8464436418329
6.7956927505917
6.7345313047887
6.6740063747756
6.6141111144268
6.554838751036
6.4883839830403
6.422711615126
6.357812116443
6.293676071774
6.2360057892618
6.1789522859023
6.1225087274651
6.0666683552393
6.021975969847
5.9776696911103
5.9337460587547
5.8902016435008
5.8501157719802
5.810351064521
5.770904849054
5.7317744757479
5.6864725389079
5.6415936380463
5.5971336667857
5.5530885585799
5.5001654348688
5.4478407693562
5.3961075189152
5.3449587231082
5.2934884299318
5.2426093891939
5.1923145216598
5.1425968326617
5.1019754645059
5.0617390389297
5.0218837477106
4.9824058202992
4.9496134518738
4.9170812510684
4.8848070601179
4.8527887391841
4.8192033951491
4.7858993649625
4.7528741825335
4.7201254034239
4.6800456078404
4.64037944397
4.6011224384986
4.5622701664879
4.5185304237626
4.4753030849446
4.4325818495497
4.3903604944783
4.3604452452047
4.3307806851209
4.3013646051012
4.2721948155368
4.2432691463167
4.2145854468933
4.186141585763
4.1579354502524
4.1239381992232
4.0902859620398
4.0569750463734
4.0240017994671
3.9870281417776
3.9504785375315
3.9143478486752
3.87863099944
3.84650931072
3.8147219120831
3.7832651204812
3.7521352935235
3.7272137866673
3.7025015939942
3.6779968507
3.6536977086665
3.6313206975129
3.6091178702625
3.5870877863479
3.5652290171792
3.5399136247387
3.5148277637177
3.4899692194987
3.465335798926
3.4357265350504
3.4064420963315
3.3774786836332
3.3488325423824
3.3199975178604
3.2914834738131
3.2632865919926
3.2354030997172
3.2126174237566
3.1900407179203
3.167670929177
3.14550602478
3.1270916682895
3.1088185498263
3.0906855065009
3.0726913850717
3.053809843069
3.0350810812736
3.0165037702449
2.9980765921995
2.9755129181882
2.9531740299273
2.9310575144641
2.9091609849077
2.884496291724
2.8601102448156
2.8359994438169
2.8121605300792
2.7952699776855
2.7785156957312
2.7618964932433
2.745411189754
2.7290586152907
2.7128376104112
2.696747025924
2.6807857227735
2.6615362878587
2.6424745914434
2.6235986414362
2.6049064670641
2.5839337300361
2.5631919100573
2.5426782333984
2.522389959908
2.5041372073419
2.4860665354353
2.4681759563314
2.4504635040839
2.4362820999282
2.422214680031
2.4082602387499
2.3944177794236
2.3816678200996
2.3690127164223
2.3564516918563
2.343983976309
2.3295366194234
2.3152143475212
2.3010159660935
2.2869402921842
2.2700085522448
2.2532540077332
2.2366746075091
2.2202683244492
2.2037426773551
2.187392268073
2.1712150340333
2.1552089372382
2.1421256950295
2.1291565422811
2.1163003706554
2.1035560827435
2.0929676826666
2.0824563691603
2.0720215150814
2.0616624984768
2.0507887502748
2.0399984127721
2.0292907690627
2.0186651085105
2.0056442731575
1.9927462861429
1.9799698450357
1.9673136614387
1.9530441203125
1.9389270570816
1.9249606341751
1.911143036518
1.9013511576573
1.8916338357549
1.881990427849
1.8724202966348
1.8629228104585
1.8534973433365
1.8441432748052
1.8348599898585
1.8236568000293
1.8125564574511
1.8015578859902
1.7906600209991
1.7784239046814
1.7663143886847
1.7543299740961
1.7424691801003
1.7317924374765
1.7212155702083
1.7107375042384
1.7003571773142
1.6920429888064
1.6837913393831
1.6756016859291
1.6674734901642
1.6599834314984
1.652545439505
1.6451590948273
1.6378239815769
1.6293183958652
1.6208815277815
1.6125127318983
1.6042113690099
1.5942173532046
1.5843207815309
1.5745205449814
1.5648155474917
1.5550322212096
1.545345348961
1.5357538152237
1.5262565177207
1.5184893882386
1.5107850849387
1.503143008597
1.4955625658768
1.4892619865434
1.483003869301
1.4767878752399
1.470613668244
1.464128901439
1.4576901108313
1.4512969089337
1.4449489116337
1.4371634211162
1.4294457182479
1.4217950985718
1.4142108651911
1.4056514417238
1.397176261008
1.3887843284107
1.3804746614274
1.3745831691432
1.3687328856155
1.3629234630369
1.3571545566468
1.3514258247281
1.3457369286173
1.3400875326242
1.3344773039978
1.3277011506608
1.3209819453106
1.3143191054048
1.3077120545908
1.3002867871376
1.29293170064
1.2856459833289
1.2784288331906
1.2719269015695
1.265480389168
1.2590887142914
1.2527513016064
1.2476721970263
1.2426278184578
1.2376178718327
1.232642065687
1.2280540976972
1.2234950622539
1.2189647322962
1.2144628826306
1.2092384064162
1.2040521568345
1.1989037842395
1.1937929423374
1.1876338680307
1.1815290725422
1.1754779547056
1.169479920332
1.1634273467916
1.1574285730944
1.1514829942955
1.1455900125914
1.1407668089726
1.1359786838587
1.1312253123253
1.1265063726209
1.1225817856631
1.1186809252091
1.1148036075312
1.1109496504064
1.1068989023786
1.1028738697326
1.0988743423586
1.0949001119646
1.090021169344
1.0851801938974
1.0803768033912
1.0756106196666
1.0702254198602
1.0648874815884
1.0595962647758
1.0543512358878
1.0506297585603
1.0469314249373
1.0432560462084
1.0396034352052
1.0359734063994
1.0323657759087
1.0287803614531
1.0252169823367
1.0209089131343
1.0166329088043
1.0123886528567
1.0081758321384
1.0034361277179
0.998736002874
0.99407501636017
0.98945273219131
0.98528425126372
0.98114707428706
0.97704088499914
0.97296537056825
0.96969634160528
0.96644695399946
0.96321704786122
0.96000646470481
0.95704383518008
0.95409759050322
0.95116760719275
0.94825376277378
0.94486907986579
0.94150607680154
0.93816456333417
0.93484435102428
0.93083873162801
0.92686395028294
0.92291967967728
0.91900559626303
0.9150513175303
0.91112766423879
0.90723430684747
0.90337091966842
0.9024876499748
0.90160594087676
0.9007257885125
0.89984718903069
0.89935368194609
0.89886066425775
0.89836813528471
0.89787609434703
0.89773576031822
0.89759546596751
0.89745521127916
0.8973149962374
0.89727205573854
0.89722911895749
0.89718618589378
0.89714325654697
1.0080449084513
1.2260528939014
1.4444814407597
1.643962731155
1.8249937506284
2.0060027918557
2.1869898574997
2.3679549502227
3.2724509135548
4.1763979542781
5.0797964057013
5.9826466009295
10.488685379358
14.981067604536
19.459834689695
23.925027923365
30.196293384873
36.440783754811
42.658613423253
48.849896295432
56.250209063562
63.612594868333
70.937248230968
78.224362683567
87.734372948054
97.180449746259
106.56302325188
115.88252077249
128.39605285568
140.79586611821
153.08299501989
165.25846472002
181.41924143889
197.38330331827
213.15304763736
228.73084287513
245.40169432969
261.85272203075
278.08682866323
294.10687915068
304.08456429168
313.97921763966
323.791531311
333.52219171098
343.1718795388
352.7412697693
362.23103179384
371.64182947841
384.07613706099
396.37259522544
408.53273521004
420.55807144975
435.66618919663
450.56153970828
465.24712586058
479.72590876713
488.94646384129
498.08315344965
507.1367422433
516.10798796913
524.99764147628
533.80644669197
542.53514080828
551.18445435897
561.91781438156
572.52893873704
583.0192233124
593.39004823433
605.44894010721
617.34632998756
629.08438717297
640.66525219898
648.25991742555
655.786984394
663.24705668865
670.64073255033
677.96860488136
685.23126122747
692.4292839195
699.56325013163
708.49404717978
717.32446332619
726.05563073953
734.68866894938
744.93129450759
755.03580076465
765.00405698058
774.83790742276
781.2733768181
787.65128983206
793.97216321535
800.2365091147
806.44483507721
812.59764403478
818.69543442706
824.73870025197
832.26368284265
839.70413298783
847.06100421221
854.33523938514
862.84942593153
871.25041542602
879.53971929257
887.71882899757
893.11487992968
898.46297354465
903.7635379873
909.01699760616
914.22377295695
919.38428078989
924.49893415075
929.56814242224
935.8797825032
942.12097772302
948.29251807399
954.39518476447
961.52229829163
968.55548520027
975.49598941733
982.34503856404
986.90247519136
991.41942264374
995.89624248384
1000.3332930653
1004.7309295358
1009.0895038258
1013.4093647349
1017.6908579665
1022.9974067446
1028.2450233867
1033.4343658899
1038.5660849616
1044.512642559
1050.3818348801
1056.1746740185
1061.8921589528
1065.7477325987
1069.569043639
1073.356398298
1077.1101000776
1080.8304497605
1084.5177454007
1088.1722823964
1091.7943535198
1096.2566389323
1100.669655139
1105.0339493887
1109.3500628948
1114.315629505
1119.2174342341
1124.0563008518
1128.8330425773
1132.1048900985
1135.3475950499
1138.5614186519
1141.7466197953
1144.9034550428
1148.0321786212
1151.1330424845
1154.2062963391
1157.9626697659
1161.677800233
1165.3521435456
1168.9861505039
1173.1335772202
1177.2284732946
1181.2715085446
1185.2633443152
1188.0450165528
1190.8018307746
1193.5340106615
1196.2417778906
1198.9253521371
1201.5849510668
1204.2207903913
1206.8330838894
1209.9979247904
1213.1282106644
1216.2243215067
1219.2866331587
1222.7541220919
1226.1782836594
1229.5596632168
1232.8987993059
1235.2671887903
1237.6143298568
1239.940414577
1242.2456332937
1244.5301746214
1246.7942254408
1249.0379709463
1251.2615946646
1253.9305141285
1256.5704503424
1259.1817205047
1261.7646383614
1264.6669211441
1267.5334136019
1270.3645606004
1273.160801513
1275.6763852361
1278.1637237221
1280.6231366945
1283.0549402796
1284.9842723305
1286.8962287826
1288.790967426
1290.6686446232
1292.3797600923
1294.0767088715
1295.7596092452
1297.4285785131
1299.3633999757
1301.2795015614
1303.1770659487
1305.0562740399
1307.3462980106
1309.609067839
1311.8449107186
1314.0541499375
1316.3102411866
1318.5385944944
1320.739553935
1322.9134593419
1324.6724933304
1326.413817694
1328.1376123617
1329.8440554433
1331.2234145921
1332.5914383759
1333.948220817
1335.2938551595
1336.6869850086
1338.0681678208
1339.4375070208
1340.7951051401
1342.4826665621
1344.152089399
1345.8035704834
1347.4373045209
1349.3336513667
1351.2060926687
1353.0549327256
1354.8804719864
1356.1513260111
1357.4108902621
1358.659266039
1359.8965537348
1361.1228528365
1362.3382619209
1363.5428786808
1364.7367999345
1366.1771877416
1367.6020116049
1369.0114414355
1370.4056452969
1371.9672399564
1373.5097377278
1375.0333746028
1376.5383836726
1377.8846869747
1379.2160877728
1380.5327527984
1381.8348469272
1382.8703476429
1383.8966352494
1384.9137926182
1385.9219018776
1386.8488041906
1387.7680588752
1388.6797297339
1389.5838800381
1390.6359124645
1391.6777651196
1392.7095376195
1393.731328608
1394.9674892034
1396.1890443921
1397.396168719
1398.5890346521
1399.7922176666
1400.9808986818
1402.1552545368
1403.3154599254
1404.255219688
1405.1856979236
1406.1069873987
1407.0191799566
1407.768305442
1408.511297068
1409.2482056713
1409.9790816683
1410.7447924704
1411.5038833032
1412.2564121079
1413.0024363187
1413.9238309803
1414.8353059306
1415.7369693031
1416.6289280556
1417.6447734968
1418.6480350574
1419.6388706075
1420.6174360453
1421.3009048085
1421.9783896613
1422.6499436781
1423.3156194633
1423.9754691505
1424.6295444012
1425.2778964179
1425.9205759493
1427.1429404572
1426.4027039522
1421.3504799529
1413.9218486058
1407.0383030477
1400.1883563639
1393.3718441986
1386.5886030001
1376.3526136459
1366.1923841243
1356.1073525275
1346.0969611081
1333.1821504402
1320.3915711152
1307.7240257013
1295.1783282626
1278.1682139028
1261.3820868769
1244.8169921605
1228.4700134207
1215.3280651954
1202.3270822886
1189.4655499064
1176.7419694429
1164.15485846
1151.7027507508
1139.3841958168
1127.197758654
1114.9644503807
1102.8642731325
1090.8957756755
1079.0575224983
1067.9298803976
1056.9173115339
1046.0186240021
1035.2326381705
1025.2011025692
1015.2670505773
1005.4295334066
995.68761145318
986.02643494552
976.45927270676
966.98520849742
957.6033349575
947.66860204335
937.83724211506
928.10817799703
918.48034366674
908.39975442482
898.43013616208
888.57026556062
878.81893269273
869.40691152245
860.09600294612
850.88511924588
841.77318432324
833.48330790132
825.27532942985
817.14843874398
809.10183364257
801.4853948011
793.94088510019
786.46762436431
779.06493881103
771.35182085686
763.71531940744
756.15467244628
748.66912548608
740.56947777606
732.55775530824
724.63300243855
716.79427383156
708.86018770889
701.01422911061
693.25541798323
685.58278508651
678.5541713479
671.59787398206
664.71314804988
657.89925623053
651.73175644322
645.6222876315
639.57030312776
633.57526138067
627.59620188811
621.67378066325
615.80746055816
609.99670948542
603.65414363544
597.37778236016
591.16693381262
585.02091332112
578.46858993954
571.98994739974
565.58415622156
559.25039618457
553.2263104239
547.26738272946
541.37290753816
535.54218686527
530.38738786518
525.28241756964
520.22679376433
515.2200388684
510.51169482353
505.84656700406
501.2242582925
496.64437519607
491.75836702899
486.92064451557
482.13072993532
477.38815025931
472.13475701297
466.93944308216
461.80156564237
456.72048892337
451.5973973178
446.53204817104
441.5237899303
436.5719783302
432.1526049495
427.77819094729
423.44827841543
419.16241407296
415.34384415219
411.56023997196
407.81128098618
404.09664956693
400.33717527756
396.61286157874
392.92337924362
389.26840210609
385.17493694118
381.12475174403
377.11738837807
373.15239351617
368.89862813539
364.69362607104
360.53682765615
356.42767958837
352.59838573943
348.81047163759
345.06348958507
341.35699668619
338.15218657235
334.97764599614
331.83308870407
328.71823112967
325.77756288809
322.86336487221
319.97539850904
317.11342736079
313.98290919394
310.88349275931
307.81486866273
304.77673056364
301.36052492963
297.98286367867
294.6433113541
291.34143737395
288.05127505484
284.79852310762
281.58275559334
278.40355137774
275.63613387829
272.89642052917
270.18413360539
267.49899814362
265.12435691707
262.77095033362
260.43858823763
258.12708216424
255.74073165779
253.37660903977
251.03450696573
248.71422001103
246.05929716612
243.43293476174
240.83482510356
238.26466378321
235.5101215853
232.78768042363
230.09696563056
227.43760686941
225.01529166947
222.6189908228
220.24842451049
217.90331589699
215.91060443235
213.93627391058
211.98015450823
210.04207795924
208.19406065739
206.36244782324
204.54709359404
202.74785339478
200.73101918482
198.73443157223
196.75788695771
194.80118377266
192.57962963941
190.38365077409
188.21295222948
186.06724242747
183.96235899919
181.88152142305
179.8244545041
177.79088616703
176.06156425298
174.34923487338
172.65373074157
170.97488620457
169.49384152601
168.02576158934
166.570532682
165.1280420818
163.60581338851
162.09776970497
160.6037785816
159.12370879624
157.39930006202
155.69378771055
154.00696424548
152.33862442837
150.55913643034
148.80067592384
147.0629939069
145.3458442971
143.81758066517
142.30557994442
140.80966869027
139.32967529165
138.0896773509
136.8608528553
135.64310089034
134.43632144624
133.27071049203
132.11533575183
130.97010711915
129.83493527508
128.53295636259
127.24420635087
125.96855049831
124.70585542429
123.26281854841
121.83670808089
120.42732498071
119.03447252458
117.69103712364
116.36297925028
115.05012242621
113.75229217924
112.67207067112
111.60225854015
110.5427552042
109.49346104542
108.56755726193
107.64960234967
106.73952787488
105.83726598894
104.86400328515
103.89983064973
102.94466293674
101.99841579178
100.87890674862
99.771883372092
98.677205995867
97.594736501599
96.447490939559
95.313957048048
94.193970439822
93.08736867889
92.124009020874
91.170792581399
90.227612216776
89.294361905331
88.521468965641
87.7553863153
86.996053744083
86.243411570345
85.506413529963
84.775830258012
84.051605727321
83.333684396698
82.493137119524
81.661229610742
80.837872747916
80.022978320309
79.087323526051
78.162824209242
77.249346877435
76.346759619934
75.49034276785
74.64372947101
73.806807075599
72.979464210177
72.303881105153
71.634684959858
70.971815150285
70.315211623523
69.734892238496
69.159467320776
68.588895419109
68.023135430988
67.400297564394
66.783291064012
66.172061100863
65.566553357693
64.84093044045
64.123524413236
63.414241820731
62.7129902608
61.974643390565
61.245198733703
60.524548467858
59.812586063755
59.204921989881
58.603586101819
58.008512184713
57.419634710794
56.936537411127
56.457609965059
55.982816202831
55.512120266342
55.04517896982
54.582270029426
54.123358445979
53.668409522076
53.126334605003
52.58988487159
52.059001643354
51.533626848918
50.928285058144
50.330255296161
49.73944876206
49.155777722899
48.609936755985
48.070335466374
47.53690212409
47.009565816243
46.585884399801
46.166138203491
45.750290461622
45.338304749557
44.973453756667
44.611631321541
44.252812152167
43.896971166452
43.498300604153
43.103367874048
42.712137712597
42.324575186594
41.855301571219
41.391404415481
40.932821725323
40.479492215112
40.004941073566
39.536145543668
39.073035351823
38.615541074241
38.231462643559
37.851341710946
37.475137214462
37.102808514878
36.799655655909
36.499071844577
36.201035152288
35.905523836484
35.609089166653
35.315195356238
35.023820464513
34.734942739052
34.385880147631
34.040463101596
33.698653236258
33.360412587515
32.969621818775
32.583594610064
32.202272436049
31.82559748368
31.477439538955
31.133251018321
30.792986291883
30.456600249758
30.189819709457
29.925478326715
29.663553608893
29.404023269424
29.173786878983
28.945434560766
28.71895076038
28.494320051131
28.239116190451
27.986303790942
27.735860238652
27.487763132064
27.184939923672
26.885611816385
26.589738091943
26.297278502412
25.992479089141
25.691387133527
25.393957099427
25.100144004916
24.85661366286
24.61556763113
24.376980308761
24.140826356717
23.94967372573
23.760115112664
23.572137084948
23.385726322596
23.197120638563
23.010119051452
22.824707770515
22.640873122917
22.416380631936
22.194238787929
21.974422703096
21.756907751242
21.50502252915
21.256222302235
21.010468850758
20.767724424311
20.591019657103
20.415908977686
20.242377832436
20.070411799841
19.89999659037
19.731118046929
19.563762141253
19.397914972419
19.203489439617
19.011136883148
18.820834918399
18.632561400763
18.426643534879
18.22315140578
18.022056059717
17.823328885749
17.643688497755
17.465982621011
17.290190136181
17.116290152874
16.972739392556
16.830477846816
16.689493771946
16.549775530645
16.418626838148
16.288593174776
16.159664920964
16.03183253974
15.88611280684
15.741816695264
15.598930086212
15.457439000094
15.292161621247
15.128787775724
14.967295197273
14.807661878181
14.649333751634
14.492833917019
14.33814091902
14.185233552268
14.0580713781
13.932143713052
13.807438369809
13.683943280717
13.578270167388
13.473482921334
13.369573986615
13.266535871474
13.157909721551
13.050251105052
12.943551249466
12.837801461467
12.711192010085
12.585943907325
12.4620422449
12.33947227679
12.205060433012
12.072249334259
11.94101955164
11.811351890411
11.696429191736
11.582732990892
11.470249937264
11.358966824721
11.268849072361
11.179517908275
11.090966324907
11.003187376891
10.920359408795
10.838219126557
10.756760699159
10.675978344864
10.581852391226
10.48864394061
10.396343854004
10.304943083016
10.196862449929
10.090038708196
9.9844569110971
9.8801022885606
9.7775607101418
9.6762033881034
9.5760163243636
9.4769856853161
9.3963524008828
9.3164853886682
9.2373771889822
9.159020414476
9.0924634349026
9.0264483643192
8.960970679375
8.896025894385
8.8264661226601
8.7575174093227
8.6891742475519
8.6214311800123
8.5389611321626
8.4573799889241
8.376677914
8.2968451794389
8.2091333884673
8.1224703430604
8.0368431574471
7.9522391033031
7.8784322651929
7.8054035720836
7.7331445842682
7.6616469532103
7.6046100835168
7.5480574637585
7.4919848602422
7.4363880762203
7.383689275904
7.3314177659904
7.2795699758853
7.2281423647927
7.167192194963
7.1068318836954
7.0470555429793
6.9878573434247
6.917203389814
6.8473724137342
6.7783545178097
6.7101399231798
6.6435751300291
6.5777746523283
6.5127294176879
6.4484304609838
6.3969008490793
6.3458501858588
6.2952738635084
6.2451673184739
6.2028391687262
6.1608460543129
6.119185227421
6.0778539627729
6.0330558897513
5.9886447455096
5.9446170639312
5.900969409933
5.8471905239357
5.793988131552
5.7413558166634
5.689287234395
5.6319817268495
5.5753584380443
5.5194089243739
5.4641248464008
5.4260843200558
5.3883585950891
5.3509449589841
5.3138407226114
5.2770432202057
5.240549809442
5.204357870829
5.1684648074598
5.1240930748515
5.0801777254562
5.036713860647
4.9936966343318
4.9444048291785
4.8956988722138
4.8475714864625
4.8000154851448
4.7665032428361
4.733274471792
4.700326661709
4.6676573245486
4.6352639945151
4.6031442281306
4.5712956036403
4.539715720768
4.5017157060323
4.4641044477536
4.426877771332
4.3900315470134
4.3488742536813
4.3081911157234
4.2679763899374
4.2282244026463
4.1925473186966
4.1572425286278
4.1223059400629
4.0877335056499
4.0599900305169
4.0324808123858
4.0052037638971
3.9781568163507
3.9531479663219
3.9283356629891
3.9037182738191
3.8792941798946
3.8509905293046
3.8229461989333
3.7951586741115
3.7676254646322
3.7346279630756
3.7019952914857
3.6697231732332
3.637807381903
3.6058053078326
3.5741609907054
3.5428701810647
3.5119286800271
3.486650965715
3.4616060744016
3.4367917224642
3.4122056487769
3.3917014840091
3.3713559095631
3.3511676167077
3.3311353075793
3.3100470396251
3.2891314440828
3.2683870099551
3.2478122395491
3.2226482825457
3.1977377888824
3.1730780252084
3.1486662877878
3.1212806183827
3.0942065966916
3.0674404169551
3.0409783200674
3.02224656899
3.0036669621515
2.9852381699554
2.9669588745144
2.9488277696388
2.9308435608757
2.913004965198
2.8953107108766
2.8739360790529
2.8527717750632
2.8318155632115
2.8110652317295
2.7877425942628
2.7646795912541
2.7418730925828
2.7193200060945
2.6990318775779
2.6789484422503
2.6590674569749
2.6393867033877
2.6236619518841
2.6080648180178
2.5925941737561
2.5772489011408
2.5631387131271
2.549134375656
2.5352350219088
2.5214397922475
2.5054444848089
2.4895889473892
2.4738718438337
2.4582918508992
2.4395190743717
2.420944988998
2.4025672881204
2.3843836921139
2.3660465968569
2.3479064739548
2.3299609950774
2.3122078596932
2.2977097952534
2.2833397455795
2.2690964625746
2.2549787104662
2.2432738983699
2.2316552237877
2.2201219847681
2.2086734851657
2.1966666436517
2.1847528533644
2.1729313137736
2.1612012313409
2.1468122699687
2.1325606568127
2.1184449325684
2.1044636536527
2.088673883029
2.0730551794691
2.0576054730193
2.0423227191074
2.0315026426607
2.0207660633744
2.0101122587669
1.9995405127178
1.9890501154627
1.9786403636138
1.9683105599909
1.9580600135518
1.9456908001056
1.9334367415458
1.9212966286686
1.9092692651882
1.895770295957
1.8824129828819
1.8691956430538
1.8561166138959
1.8443480358194
1.8326911341167
1.8211447038715
1.8097075534157
1.8005474830184
1.7914573400463
1.7824365151127
1.7734844042591
1.7652333137663
1.7570404723
1.7489054088789
1.7408276564195
1.731460379717
1.7221699972104
1.7129557836524
1.703817020795
1.692818033261
1.6819280352071
1.6711457810629
1.6604700398091
1.6497134741809
1.6390646980783
1.6285224599181
1.6180855229878
1.6095523538969
1.6010893632524
1.5926958790294
1.5843712358091
1.577451265692
1.5705787432821
1.5637532882198
1.5569745232835
1.5498532938135
1.542783465532
1.5357646031391
1.5287962751313
1.5202511762699
1.5117818513204
1.5033875089249
1.495067366229
1.4856817902871
1.4763903066959
1.4671917991648
1.4580851650278
1.4516310852728
1.4452230021908
1.4388605257068
1.4325432691652
1.4262708493269
1.4200428863803
1.4138590038505
1.4077188285622
1.4003020106508
1.392948764743
1.3856584370925
1.3784303809066
1.3703069735739
1.3622619253986
1.3542943248611
1.3464032714107
1.3392958071468
1.3322501996874
1.3252657959668
1.318341950071
1.312795164248
1.3072871095259
1.3018174560234
1.2963858767839
1.2913792279367
1.2864048312396
1.2814624321196
1.2765517780995
1.2708530856551
1.2651970072257
1.259583150682
1.254011127658
1.2472960597763
1.2406415120341
1.2340468098207
1.2275112863664
1.2209168726886
1.2143824423809
1.2079073163864
1.2014908236776
1.1962407885201
1.1910298425586
1.1858576212205
1.1807237634983
1.1764557738431
1.1722142046825
1.1679988500238
1.1638095055639
1.1594071712918
1.1550334625307
1.1506881437617
1.1463709815065
1.1410711849746
1.1358136542866
1.1305979608176
1.1254236805194
1.1195774703039
1.1137838766768
1.1080422937047
1.1023521228052
1.0983161334413
1.0943058945778
1.0903211944819
1.0863618232651
1.0824275728815
1.078518237134
1.0746336116254
1.070773493738
1.0661073726487
1.0614769109514
1.0568817537442
1.0523215498744
1.047192153065
1.0421067569454
1.0370648667671
1.0320659936922
1.0275590637523
1.0230869184686
1.0186492033049
1.0142455675781
1.0107141062312
1.0072044615548
1.003716454337
1.0002499069423
0.99705154016405
0.99387136829111
0.99070925292008
0.98756505677807
0.98391329529258
0.98028560328978
0.97668176752434
0.97310157678125
0.968783173531
0.96449899559326
0.960248676113
0.95603185246314
0.95177283168617
0.94754778369102
0.94335633919531
0.93919813324435
0.93579228761632
0.93240862037526
0.92904693317463
0.92570702958977
0.92292762685385
0.92016324122757
0.91741376055413
0.91467907358795
0.91180270505866
0.90894263230043
0.90609872699959
0.9032708619436
0.9023008103733
0.90133264059252
0.90036634749791
0.89940192600129
0.89909148203508
0.89878123179992
0.89847117512644
0.89816131184546
0.89785164178793
0.89754216478499
0.89723288066794
0.89692378926823
0.89672510889246
0.89652650811023
0.89632798687682
0.89612954514752
0.89607035270447
0.89601116733379
0.89595198903429
0.8958928178048
0.89585313071478
0.89581344680502
0.89577376607516
0.89573408852483
0.99819355548841
1.1996072662454
1.4014117045865
1.5857134168031
1.7544152549974
1.9230980073454
2.0917616760144
2.2604062631483
3.1033430515426
3.9458031256773
4.787786755316
5.6292942100508
9.829698285556
14.018238340888
18.194947905312
22.359860414005
28.631069590121
34.875532539271
41.093363405589
47.284675849952
54.554422697699
61.787608554649
68.984417428372
76.14503240818
85.504767787999
94.802664843657
104.03913247555
113.21457690641
125.49085656503
137.65789967519
149.71667919569
161.66815951895
177.63264869412
193.40568891416
208.98957872264
224.38658945409
241.18850103845
257.76788164444
274.1276826467
290.27081685906
300.39831420629
310.44053967822
320.39821243222
330.27204562224
340.06274640407
349.77101591588
359.39754942808
368.94303640515
381.44176435318
393.8015439293
406.02392285138
418.1104318068
433.13070676374
447.94115819958
462.54472353073
476.94429964778
486.17410947313
495.32011441632
504.38307725121
513.36375387631
522.26289332128
531.08123772288
539.81952251064
548.47847648324
559.22130258698
569.84202636801
580.34203942896
590.72271769161
602.81627939703
614.74788673449
626.51971489651
638.13391023833
645.76987572232
653.33770691768
660.83801369685
668.27140051998
675.63846643993
682.93980508401
690.17600479773
697.34764870407
706.30419574658
715.16006148728
723.91638159755
732.5742790695
742.81953298655
752.92697823169
762.89847517507
772.73585937508
779.19428904087
785.59491880864
791.93826795415
798.22485112374
804.45517833874
810.62975497975
816.7490819104
822.81365552814
830.35602790684
837.81371860519
845.18768230428
852.4788630229
861.00801799146
869.42390387974
877.72803136909
885.92189121548
891.33980062762
896.70950517472
902.03143568465
907.30601916108
912.53367878696
917.71483391179
922.84990015344
927.93928943996
934.2678283524
940.52574674163
946.71383641943
952.83288039514
959.97197120562
967.01708905906
973.96947701318
980.83036185066
985.40449595013
989.93796288198
994.43112606086
998.88434567372
1003.2979786827
1007.6723788142
1012.0078966455
1016.3048796393
1021.6255579611
1026.8871599967
1032.0903452062
1037.2357657455
1043.1946805089
1049.0761318925
1054.8811324483
1060.6106816176
1064.4800426376
1068.3149964166
1072.1158506672
1075.8829103653
1079.6164777521
1083.3168523254
1086.9843309126
1090.6192077008
1095.0937682537
1099.5189306503
1103.8952434953
1108.223249344
1113.1999797572
1118.1128458366
1122.9626721426
1127.7502726823
1131.0332989098
1134.2870686073
1137.5118441442
1140.7078855489
1143.8754505104
1147.0147943705
1150.1261701869
1153.2098287591
1156.9766567056
1160.7021312053
1164.3867092343
1168.0308427517
1172.1883044577
1176.2931332079
1180.3459998049
1184.3475665703
1187.1384428336
1189.9043690502
1192.6455698159
1195.3622677139
1198.0546833161
1200.7230351767
1203.3675398862
1205.9884120944
1209.1621607274
1212.3012595738
1215.4060896412
1218.4770277728
1221.9533026296
1225.3861557566
1228.7761334999
1232.1237753824
1234.4997831126
1236.8544675051
1239.188021367
1241.5006357693
1243.792500048
1246.0638017981
1248.3147269208
1250.5454596436
1253.2219414444
1255.8693593588
1258.48803145
1261.0782723191
1263.9881588335
1266.8621708035
1269.7007540203
1272.5043487733
1275.0269655899
1277.5212611358
1279.9875559601
1282.4261670057
1284.3615782758
1286.2795549089
1288.1802552691
1290.0638362876
1291.780515736
1293.4829773757
1295.1713399596
1296.8457212514
1298.7863364428
1300.7081736162
1302.6114160367
1304.4962451876
1306.7925666506
1309.0615625256
1311.30356082
1313.5188856267
1315.7811309688
1318.0155670493
1320.222538771
1322.4023867869
1324.1666105479
1325.9130713974
1327.6419498152
1329.3534244563
1330.7371192723
1332.1094402133
1333.4704816441
1334.8203371489
1336.217742911
1337.6031627136
1338.9767003372
1340.338458666
1342.0308802604
1343.7051109213
1345.3613480493
1346.9997869122
1348.9013930037
1350.7790296445
1352.6330019148
1354.4636110351
1355.738272154
1357.0016083518
1358.2537212548
1359.4947115796
1360.7246791336
1361.9437228113
1363.1519406202
1364.3494296902
1365.7939554666
1367.2228725331
1368.6363512893
1370.0345602815
1371.600548638
1373.1473874319
1374.6753132913
1376.1845599362
1377.5347270433
1378.8699488976
1380.1903927076
1381.4962238208
1382.5347963598
1383.5641275798
1384.5843006131
1385.5953978469
1386.5250649314
1387.4470606938
1388.3614491413
1389.2682937481
1390.3233830153
1391.3682625022
1392.4030321224
1393.4277908137
1394.6674698387
1395.8925021087
1397.1030626588
1398.2993244416
1399.5059433379
1400.6980189121
1401.8757285048
1403.0392473051
1403.9817449258
1404.9149335007
1405.8389060754
1406.7537547695
1407.5050855418
1408.2502638804
1408.9893407801
1409.7223668137
1410.4903042258
1411.2516020782
1412.0063184859
1412.7545110556
1413.678545425
1414.5926315602
1415.4968779059
1416.3913917278
1417.4101428844
1418.4162740804
1419.4099436385
1420.3913079038
1421.0767683859
1421.7562271535
1422.4297374416
1423.0973520139
1423.759123162
1424.4151027037
1425.0653419964
1425.7098919426
1428.4397708788
1426.7735486546
1415.4850793772
1398.9529513693
1384.5006720595
1370.1980825078
1356.0436290462
1342.0357740607
1328.7548525708
1315.6057034136
1302.5870165302
1289.6974948304
1276.8919182571
1264.2138248735
1251.6619431113
1239.2350140276
1226.3038031573
1213.5078865542
1200.8458460901
1188.3162784236
1175.4056186692
1162.6356072085
1150.0047091398
1137.5114062129
1125.4114923624
1113.4406400177
1101.5974702557
1089.8806187985
1079.0293216194
1068.2863653975
1057.6506666883
1047.1211528227
1037.0565076634
1027.0888752955
1017.2173191517
1007.4409116583
997.35787133184
987.37603873021
977.49439645406
967.71193727186
957.30364240776
947.00762357469
936.82266787035
926.74757540772
916.58964044558
906.54337929657
896.60756252193
886.78097412268
877.66290091457
868.63886994587
859.70790995533
850.86905964687
842.76229796903
834.73301754102
826.78047683816
818.90394138985
811.07215143285
803.31550369412
795.63327628039
788.02475419111
779.84142405336
771.74335423799
763.72965530938
755.79944704571
747.41555707088
739.12498132301
730.92667991515
722.81962445883
715.05209135017
707.3683191875
699.76740364246
692.24845007648
685.5102976779
678.83796685051
672.23081384616
665.68820117031
659.51891727316
653.40701702452
647.35196603705
641.35323486822
635.02607022009
628.76155984341
622.5590825846
616.41802340522
609.68825146377
603.03223590393
596.44916744939
589.93824563218
583.35878276773
576.85299160464
570.42004628826
564.05913014448
558.31226335865
552.62418887381
546.99430454299
541.42201433982
536.42262029542
531.469585416
526.5624793259
521.700875618
516.81587415099
511.9768131062
507.18325995189
502.43478620063
497.17882725984
491.97809691058
486.83201416723
481.74000410743
476.2905689209
470.90306235161
465.57677983792
460.31102476353
455.35647029418
450.45549906473
445.60753091848
440.81199192768
436.62406346818
432.47611899694
428.36777633017
424.29865691069
420.46563521559
416.66741643658
412.90368420426
409.17412500542
405.14121911676
401.1482704102
397.19488253624
393.28066304692
388.90785062651
384.58392099635
380.30832706524
376.08052781088
371.8437014201
367.65487270694
363.51349727467
359.41903684545
355.81442934508
352.24618175433
348.71392686195
345.21730113582
342.11564346475
339.04201976208
335.99617633082
332.97786175374
329.89045993802
326.83186095484
323.801795759
320.79999780016
317.39772563977
314.03176523341
310.70172853846
307.40723162373
303.87379690703
300.38124284467
296.92909584722
293.51688776006
290.37639853331
287.26973966381
284.19654623293
281.15645722403
278.5533288161
275.97447167144
273.41965917551
270.88866681396
268.48663675678
266.10606068941
263.74674672264
261.40850467143
258.8160655104
256.24952816675
253.70863347588
251.19312484551
248.34904846969
245.53742191617
242.75787440247
240.01003934321
237.2952589218
234.61143149832
231.95820362433
229.3352258495
227.08128159871
224.84967354417
222.64017999105
220.45258142722
218.52076104631
216.60601444438
214.70819047615
212.82713932492
210.86156603091
208.91430618312
206.98518887071
205.07404476592
202.86515098971
200.68026617271
198.51912891454
196.38148063546
194.09661434058
191.83858268979
189.60706997418
187.40176416294
185.41870162156
183.45682918076
181.51592000239
179.59574965522
177.9767296785
176.37245293878
174.78278492742
173.20759235394
171.69472637091
170.19521250389
168.70893268267
167.23576987367
165.56321320575
163.90756400757
162.26865102634
160.64630472956
158.79792492493
156.9710487308
155.16542546887
153.38080735487
151.64683164151
149.932684876
148.23813982296
146.56297182633
145.15522660628
143.76116493374
142.38065350803
141.01356031677
139.80704629532
138.61098297666
137.42527963081
136.24984631002
134.99401161113
133.7498994586
132.5174001716
131.29640508778
129.86182095866
128.44311714597
127.04011743621
125.65264755333
124.17855937938
122.72199956231
121.28275915187
119.86063166398
118.61058826279
117.37376608441
116.15002492828
114.93922606758
113.93097494923
112.93169773947
111.94131434964
110.95974540074
110.00399509255
109.05660120891
108.11749048273
107.18659028484
106.10652461123
105.03751094943
103.9794358825
102.93218714771
101.73279784516
100.5476080514
99.376449161004
98.219154550936
97.113606115152
96.020708931705
94.940317779979
93.87228909053
92.992639832865
92.121376069966
91.258417607304
90.403685011374
89.64830514344
88.899349574012
88.156763484108
87.420492519365
86.616906545569
85.820842766503
85.032230527234
84.250999831516
83.320363404424
82.400201080726
81.490394560864
80.590826869104
79.641639736612
78.703851136185
77.777323684669
76.861921638329
76.074002838545
75.29432575072
74.52280383591
73.75935145613
73.13004731487
72.50622559668
71.887838349566
71.274838038067
70.669728577385
70.069867882968
69.475210240236
68.885710330067
68.188680962585
67.498861981164
66.816178484373
66.140556342418
65.363886388606
64.596547059638
63.838425773081
63.089411291576
62.385015344884
61.688672677824
61.000290800302
60.319778274604
59.769009672754
59.223395281302
58.682886637872
58.147435732407
57.673187562142
57.202906650972
56.736559649093
56.274113485257
55.759684467161
55.250082118568
54.745260925276
54.245175799151
53.642670858302
53.047039832334
52.45820389129
51.87608510099
51.265835488668
50.662966984629
50.067389832221
49.479015355625
48.981696335032
48.489522503132
48.002440329461
47.520396835967
47.126293445841
46.735557626094
46.348160433483
45.964073171929
45.580226457107
45.199685187198
44.822420727006
44.448404687808
43.999200262187
43.554681041932
43.114797858748
42.679502056184
42.177685809817
41.681965244868
41.19226584285
40.708513987481
40.25957491745
39.815757367323
39.377002521443
38.943252233577
38.597225399922
38.254383082119
37.914695769584
37.578134223334
37.279393380764
36.98311495923
36.689278516558
36.397863779278
36.068538592388
35.742305776862
35.419136081677
35.099000530595
34.70982734016
34.325137317643
33.944878426539
33.568999229008
33.177054665368
32.78987128563
32.407390796968
32.029555613562
31.71483220263
31.403331249591
31.095019488316
30.789863993494
30.541981848331
30.296182047567
30.052446949344
29.8107590604
29.566785266281
29.324897279073
29.085077110284
28.847306925651
28.558249017228
28.272220327513
27.989188825288
27.709122815463
27.385515871063
27.065867322019
26.750128297072
26.43825052279
26.209660697581
25.983144747003
25.758683672686
25.536258649223
25.315851024002
25.097442317802
24.881014220055
24.666548586894
24.416158837226
24.168443512529
23.923373751663
23.680921002594
23.416472750336
23.155137130674
22.89687711437
22.641656108951
22.410528766191
22.181893103932
21.95572196084
21.731988469431
21.546470720658
21.362628611644
21.18044683247
20.999910212287
20.830152911269
20.661849872481
20.494988489054
20.329556262826
20.141554116867
19.955397271275
19.771067391546
19.588546324184
19.376183129587
19.166267915801
18.958772106407
18.75366745593
18.550426525921
18.349532779867
18.150958753481
17.954677301306
17.79087138232
17.62866169846
17.468032481782
17.308968119156
17.172334089698
17.036854399825
16.902519159112
16.76931856147
16.628976353241
16.489893398043
16.352058232373
16.215459496543
16.052534379416
15.891367683615
15.731940146096
15.574232713402
15.401834440689
15.231490934004
15.063177322371
14.896869033514
14.749318388262
14.603345641774
14.458933646963
14.316065441868
14.199876410282
14.08470809449
13.970551377093
13.857397221754
13.750375320695
13.644249994237
13.539013601565
13.434658566708
13.313352703957
13.193237392834
13.074300741148
12.956530974859
12.817806834383
12.680701119735
12.545194603073
12.411268283394
12.279897367519
12.150046244874
12.02169699796
11.894831919077
11.791258020006
11.68867294044
11.587067052886
11.486430823143
11.400605750474
11.315485662616
11.231064650105
11.147336852843
11.057626955156
10.968712580874
10.880586527063
10.793241655757
10.687242983078
10.58239429587
10.478682847526
10.376096031931
10.263788688293
10.152828507759
10.043198967667
9.9348837466696
9.8404001581701
9.7469161196279
9.6544208094575
9.5629035226409
9.4896221539541
9.4169675841709
9.3449343222146
9.2735169249695
9.2056127815946
9.1382651675835
9.0714694080542
9.0052208672961
8.9268109811936
8.849167308192
8.7722821691905
8.6961479617545
8.6056121182118
8.5161375643993
8.4277115304504
8.3403213993005
8.2552751246771
8.1712093013061
8.0881123152022
8.0059726892433
7.9400405701155
7.8747249096389
7.8100197792283
7.7459193071494
7.6915464969009
7.637608525586
7.5841018130979
7.5310228087629
7.4734052386964
7.416291390901
7.3596767282224
7.3035567542937
7.2345775372693
7.1663452294444
7.0988514911278
7.0320880753952
6.9589036669975
6.8865961653456
6.8151547236258
6.7445686285647
6.6959076788225
6.6476529545426
6.5998009504582
6.5523481915197
6.5052912328665
6.4586266599247
6.4123510876239
6.3664611600746
6.3097459550559
6.2536194063143
6.1980751868416
6.1431070374641
6.0801030780911
6.0178553065871
5.9563543129387
5.8955908037805
5.8527434735293
5.8102625570126
5.7681448007604
5.7263869801845
5.6849858995503
5.6439383920736
5.6032413191489
5.5628915700318
5.5143741508529
5.4663585132141
5.4188392570625
5.3718110403727
5.3193153461686
5.2674309380061
5.2161503989247
5.1654664017311
5.1199766345152
5.0749669372387
5.0304320224164
4.9863666607336
4.9509833045017
4.9159024389981
4.881121361334
4.846637392799
4.8147410051347
4.7830986154032
4.751708106879
4.7205673805109
4.6844978222788
4.6487630959594
4.6133599448331
4.5782851438866
4.5362826116408
4.4947504693057
4.4536831893185
4.4130753090289
4.3723776931393
4.3321409763148
4.2923596718114
4.2530283581739
4.2208869721491
4.1890457633555
4.157501779378
4.1262520968958
4.100174619999
4.0743018922734
4.0486322179828
4.0231639154871
3.996352756296
3.9697645605779
3.9433973697881
3.9172492426474
3.8852901942832
3.8536580417031
3.8223492476732
3.7913603133116
3.7566248807353
3.7222907979157
3.6883531496234
3.6548070808887
3.6310505086957
3.6074900769552
3.5841240654373
3.5609507690719
3.5379684979336
3.5151755772925
3.492570347212
3.4701511623827
3.4430785413707
3.4162768873839
3.3897433097961
3.3634749489352
3.3339578269524
3.3047750924458
3.2759226993133
3.2473966505533
3.2217363188957
3.1963396518103
3.1712037484316
3.1463257399528
3.1264474111927
3.1067335120592
3.0871825828211
3.0677931767963
3.0499667605619
3.0322767122793
3.0147219102149
2.9973012419363
2.9771096581602
2.9570980410906
2.9372646627315
2.9176078117984
2.8939314654283
2.8705108184862
2.8473428894934
2.8244247319359
2.8013181329917
2.7784649722023
2.7558622401073
2.7335069632026
2.7152506483259
2.6971590800252
2.6792306441269
2.6614637424123
2.6467336629339
2.6321144535837
2.6176052060915
2.6032050197085
2.5881063927136
2.5731274944981
2.5582672895262
2.5435247513162
2.5254477228289
2.5075473164853
2.4898216457622
2.4722688444801
2.4524530961442
2.4328572201305
2.4134785416725
2.3943144188302
2.3807453306171
2.3672836007315
2.3539282947671
2.3406784865555
2.3275332581579
2.314491699893
2.3015529101177
2.2887159951367
2.2732319309849
2.2578958162804
2.2427060880569
2.2276612000641
2.2107819603147
2.1940846280851
2.1775670289747
2.161227014881
2.146527201926
2.1319707770016
2.1175561830344
2.1032818800918
2.0918501264464
2.0805081670883
2.0692552141106
2.0580904866347
2.0478014346556
2.0375871750295
2.0274470986804
2.0173806015816
2.0057112471786
1.9941405770752
1.9826676537779
1.9712915488535
1.9576058734595
1.9440599862341
1.9306522779724
1.917381158294
1.9040145574619
1.8907861425494
1.877694296966
1.8647374233552
1.8541456789685
1.8436438969378
1.8332312089506
1.8229067552432
1.8143250703594
1.805804212512
1.7973436900128
1.7889430152372
1.7801200720425
1.7713630060203
1.7626712544952
1.7540442597079
1.7434697246653
1.7329922446606
1.722610797295
1.7123243711747
1.7007264170365
1.6892488985875
1.6778903743994
1.6666494206668
1.6586837041709
1.6507768610867
1.6429283874744
1.6351377838203
1.6274045550327
1.6197282104567
1.6121082637562
1.6045442328658
1.5954110434394
1.5863591547741
1.5773877226262
1.5684959117493
1.5585067089179
1.5486176661311
1.5388276065235
1.52913536742
1.5204084037328
1.5117604770301
1.503190744095
1.4946983709647
1.4878965963349
1.4811442979999
1.4744410499451
1.4677864299421
1.4616540097293
1.4555627762689
1.449512400801
1.4435025572785
1.4365308792264
1.4296135921175
1.422750189699
1.4159401705889
1.4077367687717
1.3996105656694
1.3915606906244
1.3835862831229
1.3755434430118
1.3675770732891
1.3596862977004
1.3518702503782
1.3454770576231
1.3391336787223
1.3328396431782
1.3265944851067
1.3214038860132
1.3162469460718
1.3111233994021
1.3060329823102
1.3006854783142
1.2953744262148
1.2900995220627
1.2848604645498
1.278431720734
1.2720567646204
1.2657350432345
1.259466009523
1.2523863732935
1.245373648763
1.238427054469
1.2315458184582
1.2266664133862
1.2218197416257
1.2170055300558
1.212223507942
1.2074734069343
1.2027549610751
1.1980679067355
1.1934119825894
1.1877862823367
1.1822058599551
1.1766702578273
1.1711790231866
1.1650053084592
1.1588874227576
1.1528247283035
1.146816594963
1.1414020268978
1.1360315650011
1.1307047522787
1.1254211367208
1.1211853876349
1.1169772868073
1.1127966032273
1.108643107924
1.104812158629
1.1010042557806
1.0972192209835
1.0934568773051
1.0890889291908
1.0847514486767
1.0804441609719
1.0761667939122
1.071009941689
1.065896378465
1.060825631656
1.0557972341462
1.0507210283593
1.0456877559682
1.0406969413744
1.0357481145759
1.0316963174871
1.0276725283338
1.0236764916789
1.019707954571
1.0164064647235
1.0131239281558
1.009860200429
1.0066151382827
1.003203161439
0.99981173864645
0.99644070468611
0.99308989576346
0.98897455633847
0.98488958437918
0.98083467922633
0.9768095434143
0.97225954789336
0.96774738214332
0.96327262124885
0.95883484542144
0.95568517675825
0.95255404321746
0.94944129626732
0.94634678866262
0.94327037444339
0.94021190893927
0.93717124873533
0.93414825165802
0.93049190547933
0.9268612735619
0.92325610681316
0.91967615875614
0.91564652338009
0.91164865590399
0.90768220893585
0.90374683920816
0.90342620128464
0.90310576896509
0.90278554206514
0.9024655204006
0.90214570378745
0.90182609204186
0.9015066849802
0.90118748241898
0.90106448214368
0.90094151222263
0.90081857264533
0.90069566340131
0.90057278448007
0.90044993587114
0.90032711756406
0.90020432954834
0.9001609106772
0.90011749559315
0.90007408429572
0.90003067678447
0.89998727305892
0.8999438731186
0.89990047696307
0.89985708459186
0.89984622097093
0.8998353575872
0.89982449444064
0.89981363153126
0.89980789324988
0.89980215503468
0.89979641688566
0.89979067880282
0.89978813188347
0.89978558497717
0.8997830380839
0.89978049120367
0.8996741532035
0.89941621237802
0.89962085844073
0.90160198647
