0
0.020135365484601
0.040270730969203
0.060406096453804
0.080541461938406
0.18121828936141
0.28189511678442
0.38257194420743
0.48324877163043
0.98663290874547
1.4900170458605
1.9934011829755
2.4967853200906
3.0250247051056
3.5532640901207
4.0815034751357
4.6097428601508
5.2485139867254
5.8872851132999
6.5260562398745
7.1648273664491
7.9877784904469
8.8107296144447
9.6336807384426
10.45663186244
11.534979037036
12.613326211631
13.691673386226
14.770020560821
16.24945790682
17.72889525282
19.208332598819
20.687769944819
22.898226736416
25.108683528013
27.31914031961
29.529597111208
31.890746829496
34.251896547785
36.613046266074
38.974195984362
41.335345702651
43.69649542094
46.057645139229
48.418794857517
50.511595912103
52.604396966689
54.697198021275
56.789999075861
58.596467723662
60.402936371462
62.209405019263
64.015873667063
65.826993411531
67.638113155998
69.449232900465
71.260352644932
73.32246234607
75.384572047209
77.446681748347
79.508791449486
81.742006084682
83.975220719878
86.208435355075
88.441649990271
90.562333538334
92.683017086397
94.80370063446
96.924384182523
98.832264695558
100.74014520859
102.64802572163
104.55590623466
106.40980193773
108.26369764079
110.11759334385
111.97148904692
113.97333686827
115.97518468962
117.97703251098
119.97888033233
122.14252258607
124.30616483981
126.46980709355
128.63344934729
130.7715753565
132.9097013657
135.04782737491
137.18595338412
139.16392435144
141.14189531876
143.11986628608
145.0978372534
146.98732911243
148.87682097146
150.76631283049
152.65580468952
154.62323343914
156.59066218876
158.55809093838
160.52551968801
162.63853825996
164.75155683191
166.86457540386
168.97759397581
171.12362226027
173.26965054473
175.41567882919
177.56170711365
179.59494019293
181.62817327221
183.66140635149
185.69463943077
187.61938899867
189.54413856657
191.46888813446
193.39363770236
195.34034628399
197.28705486562
199.23376344724
201.18047202887
203.24948396299
205.31849589711
207.38750783122
209.45651976534
211.59969253493
213.74286530452
215.8860380741
218.02921084369
220.1079036637
222.18659648371
224.26528930372
226.34398212373
228.30745423702
230.2709263503
232.23439846358
234.19787057687
236.13526723673
238.07266389658
240.01006055644
241.9474572163
243.9755529679
246.0036487195
248.0317444711
250.0598402227
252.18785849042
254.31587675813
256.44389502585
258.57191329356
260.68590138671
262.79988947987
264.91387757303
267.02786566618
269.03480701476
271.04174836334
273.04868971192
275.0556310605
276.99619184665
278.9367526328
280.87731341895
282.81787420509
284.80912134158
286.80036847807
288.79161561456
290.78286275105
292.88307604825
294.98328934544
297.08350264264
299.18371593984
301.31957552796
303.45543511608
305.5912947042
307.72715429232
309.78082581465
311.83449733697
313.88816885929
315.94184038162
317.8998507166
319.85786105159
321.81587138657
323.77388172156
325.73610453105
327.69832734054
329.66055015003
331.62277295951
333.68453555826
335.74629815701
337.80806075576
339.86982335451
342.00995579521
344.15008823592
346.29022067663
348.43035311733
350.52941218398
352.62847125062
354.72753031726
356.8265893839
358.81708546947
360.80758155505
362.79807764063
364.78857372621
366.73481746439
368.68106120257
370.62730494075
372.57354867893
374.59113443469
376.60872019045
378.6263059462
380.64389170196
382.76784727245
384.89180284294
387.01575841343
389.13971398392
391.27535589071
393.41099779751
395.5466397043
397.6822816111
399.71839611003
401.75451060896
403.79062510789
405.82673960682
407.77523992008
409.72374023333
411.67224054659
413.62074085984
415.59601425844
417.57128765703
419.54656105563
421.52183445422
423.60982406734
425.69781368046
427.78580329357
429.87379290669
432.02834780805
434.1829027094
436.33745761076
438.49201251212
440.5810030726
442.66999363308
444.75898419356
446.84797475404
448.82038066605
450.79278657807
452.76519249008
454.73759840209
456.68165773558
458.62571706907
460.56977640256
462.51383573605
464.55150242131
466.58916910656
468.62683579182
470.66450247707
472.81284031771
474.96117815834
477.10951599898
479.25785383961
481.39669029008
483.53552674054
485.67436319101
487.81319964147
489.83092292014
491.8486461988
493.86636947746
495.88409275612
497.81720939603
499.75032603593
501.68344267584
503.61655931574
505.59948279938
507.58240628301
509.56532976665
511.54825325028
513.6626413759
515.77702950151
517.89141762713
520.00580575274
522.17810303726
524.35040032178
526.52269760629
528.69499489081
530.77375098887
532.85250708693
534.93126318498
537.01001928304
538.95938211792
540.90874495279
542.85810778767
544.80747062255
546.74408295753
548.68069529252
550.6173076275
552.55391996248
554.61128802123
556.66865607999
558.72602413874
560.78339219749
562.95999784383
565.13660349018
567.31320913653
569.48981478287
571.63305411205
573.77629344122
575.9195327704
578.06277209957
580.05785805603
582.05294401249
584.04802996895
586.04311592541
587.95520108183
589.86728623824
591.77937139465
593.69145655107
595.68052831139
597.66960007172
599.65867183204
601.64774359237
603.79257690401
605.93741021566
608.0822435273
610.22707683894
612.42044521124
614.61381358354
616.80718195584
619.00055032814
621.06611785425
623.13168538037
625.19725290649
627.2628204326
629.18306072619
631.10330101978
633.02354131338
634.94378160697
636.86982187802
638.79586214908
640.72190242013
642.64794269118
644.72814607113
646.80834945109
648.88855283104
650.96875621099
653.179030557
655.38930490301
657.59957924902
659.80985359502
661.95696637228
664.10407914953
666.25119192679
668.39830470404
670.36479687253
672.33128904102
674.29778120951
676.264273378
678.1504103691
680.0365473602
681.9226843513
683.8088213424
685.80515372605
687.80148610969
689.79781849333
691.79415087698
693.97573327466
696.15731567233
698.33889807001
700.52048046769
702.73787614126
704.95527181484
707.17266748841
709.39006316199
711.43779528865
713.48552741531
715.53325954197
717.58099166863
719.465767478
721.35054328737
723.23531909674
725.12009490611
727.0339225059
728.9477501057
730.86157770549
732.77540530529
734.88363358189
736.9918618585
739.10009013511
741.20831841171
743.4584689183
745.70861942488
747.95876993146
750.20892043805
752.35819597901
754.50747151998
756.65674706094
758.80602260191
760.73713545141
762.6682483009
764.5993611504
766.53047399989
768.38644995865
770.24242591741
772.09840187617
773.95437783493
775.96065835391
777.96693887289
779.97321939188
781.97949991086
784.20519105753
786.4308822042
788.65657335087
790.88226449754
793.12573785739
795.36921121725
797.6126845771
799.85615793695
801.88023202107
803.90430610518
805.92838018929
807.95245427341
809.79599006652
811.63952585962
813.48306165273
815.32659744584
817.2282375316
819.12987761735
821.0315177031
822.93315778886
825.07563678911
827.21811578936
829.36059478961
831.50307378986
833.79844128519
836.09380878053
838.38917627586
840.68454377119
842.83259995049
844.98065612978
847.12871230908
849.27676848837
851.16620836082
853.05564823327
854.94508810572
856.83452797817
858.65809311455
860.48165825093
862.30522338731
864.12878852369
866.14893616656
868.16908380942
870.18923145229
872.20937909516
874.48583945012
876.76229980507
879.03876016003
881.31522051499
883.58483820678
885.85445589858
888.12407359038
890.39369128218
892.38831260878
894.38293393538
896.37755526198
898.37217658858
900.17083027482
901.96948396107
903.76813764731
905.56679133356
907.4578721691
909.34895300464
911.24003384019
913.13111467573
915.31330914698
917.49550361823
919.67769808948
921.85989256072
924.20345711544
926.54702167015
928.89058622487
931.23415077958
933.37687670209
935.51960262459
937.6623285471
939.8050544696
941.64882302211
943.49259157462
945.33636012713
947.18012867964
948.97136312838
950.76259757712
952.55383202586
954.3450664746
956.38261146983
958.42015646506
960.45770146029
962.49524645552
964.82624379926
967.15724114299
969.48823848672
971.81923583046
974.11299823978
976.40676064909
978.70052305841
980.99428546773
982.95559926968
984.91691307162
986.87822687357
988.83954067552
990.59298668499
992.34643269446
994.09987870393
995.8533247134
997.73635826452
999.61939181564
1001.5024253668
1003.3854589179
1005.6097974937
1007.8341360695
1010.0584746452
1012.282813221
1014.6737455211
1017.0646778212
1019.4556101213
1021.8465424214
1023.9804588905
1026.1143753596
1028.2482918287
1030.3822082978
1032.1803639484
1033.9785195991
1035.7766752498
1037.5748309004
1039.3363783077
1041.0979257151
1042.8594731224
1044.6210205297
1046.6774608881
1048.7339012466
1050.790341605
1052.8467819634
1055.2310839766
1057.6153859897
1059.9996880028
1062.383990016
1064.6982175975
1067.012445179
1069.3266727605
1071.640900342
1073.5688278073
1075.4967552726
1077.424682738
1079.3526102033
1081.0645661659
1082.7765221284
1084.488478091
1086.2004340535
1088.0779085248
1089.955382996
1091.8328574672
1093.7103319385
1095.9744389747
1098.2385460108
1100.502653047
1102.7667600832
1105.1998893854
1107.6330186876
1110.0661479898
1112.4992772919
1114.6229919583
1116.7467066247
1118.870421291
1120.9941359574
1122.7515645758
1124.5089931943
1126.2664218127
1128.0238504311
1129.7604628584
1131.4970752857
1133.233687713
1134.9703001403
1137.0440607655
1139.1178213907
1141.191582016
1143.2653426412
1145.6960672646
1148.126791888
1150.5575165113
1152.9882411347
1155.318591816
1157.6489424973
1159.9792931787
1162.30964386
1164.2085002607
1166.1073566615
1168.0062130622
1169.905069463
1171.5827396323
1173.2604098016
1174.9380799708
1176.6157501401
1178.4893284424
1180.3629067447
1182.2364850469
1184.1100633492
1186.4068450182
1188.7036266872
1191.0004083562
1193.2971900252
1195.7641407754
1198.2310915256
1200.6980422758
1203.164993026
1205.2797719559
1207.3945508859
1209.5093298158
1211.6241087458
1213.3494236359
1215.0747385261
1216.8000534162
1218.5253683064
1220.2427508279
1221.9601333494
1223.677515871
1225.3948983925
1227.4817793483
1229.5686603042
1231.65554126
1233.7424222159
1236.2088072848
1238.6751923537
1241.1415774226
1243.6079624915
1245.95051787
1248.2930732486
1250.6356286272
1252.9781840057
1254.8553317053
1256.732479405
1258.6096271046
1260.4867748042
1262.138987406
1263.7912000079
1265.4434126097
1267.0956252115
1268.965943883
1270.8362625544
1272.7065812258
1274.5768998973
1276.8968067207
1279.2167135442
1281.5366203676
1283.8565271911
1286.3480687206
1288.8396102501
1291.3311517797
1293.8226933092
1295.9316543427
1298.0406153761
1300.1495764096
1302.258537443
1303.9615367896
1305.6645361361
1307.3675354827
1309.0705348292
1310.7740415807
1312.4775483322
1314.1810550837
1315.8845618352
1317.9793945719
1320.0742273086
1322.1690600453
1324.2638927821
1326.7545298643
1329.2451669466
1331.7358040289
1334.2264411112
1336.0898247651
1337.953208419
1339.8165920729
1341.6799757268
1343.5433593807
1345.4067430346
1347.2701266886
1349.1335103425
1351.3040749261
1353.4746395096
1355.6452040932
1357.8157686768
1360.1834522981
1362.5511359194
1364.9188195408
1367.2865031621
1369.4600199411
1371.6335367201
1373.807053499
1375.980570278
1377.8257583408
1379.6709464037
1381.5161344665
1383.3613225293
1385.126731548
1386.8921405667
1388.6575495854
1390.4229586042
1392.4344107911
1394.4458629781
1396.457315165
1398.468767352
1400.8055174231
1403.1422674941
1405.4790175652
1407.8157676362
1410.1456580519
1412.4755484677
1414.8054388834
1417.1353292991
1419.1168083556
1421.098287412
1423.0797664685
1425.0612455249
1426.8002139609
1428.5391823968
1430.2781508328
1432.0171192687
1433.8677103182
1435.7183013676
1437.5688924171
1439.4194834666
1441.6275701917
1443.8356569168
1446.043743642
1448.2518303671
1450.6691172361
1453.0864041051
1455.5036909742
1457.9209778432
1460.0913592198
1462.2617405964
1464.432121973
1466.6025033496
1468.4046050602
1470.2067067708
1472.0088084813
1473.8109101919
1475.5442346842
1477.2775591765
1479.0108836688
1480.7442081611
1482.7688722568
1484.7935363526
1486.8182004483
1488.8428645441
1491.2298305326
1493.6167965211
1496.0037625096
1498.3907284982
1500.7453980344
1503.1000675706
1505.4547371068
1507.809406643
1509.7626570397
1511.7159074365
1513.6691578333
1515.6224082301
1517.3211451926
1519.0198821551
1520.7186191176
1522.4173560801
1524.2583210366
1526.0992859932
1527.9402509497
1529.7812159062
1532.0225384159
1534.2638609256
1536.5051834352
1538.7465059449
1541.2058566172
1543.6652072895
1546.1245579618
1548.5839086341
1550.7499249493
1552.9159412646
1555.0819575798
1557.247973895
1559.0137980705
1560.779622246
1562.5454464214
1564.3112705969
1566.0187820662
1567.7262935355
1569.4338050048
1571.1413164741
1573.1772650728
1575.2132136715
1577.2491622702
1579.2851108689
1581.7131102495
1584.1411096301
1586.5691090108
1588.9971083914
1591.3709501074
1593.7447918235
1596.1186335396
1598.4924752556
1600.4227639869
1602.3530527182
1604.2833414495
1606.2136301808
1607.880980638
1609.5483310952
1611.2156815524
1612.8830320096
1614.7167969786
1616.5505619476
1618.3843269166
1620.2180918856
1622.4846519223
1624.751211959
1627.0177719957
1629.2843320324
1631.7756237314
1634.2669154305
1636.7582071295
1639.2494988285
1641.4121138199
1643.5747288114
1645.7373438028
1647.8999587943
1649.6390391379
1651.3781194816
1653.1171998253
1654.856280169
1656.5447452585
1658.2332103481
1659.9216754376
1661.6101405271
1663.6536362099
1665.6971318926
1667.7406275754
1669.7841232581
1672.2415216836
1674.698920109
1677.1563185344
1679.6137169598
1682.0016956084
1684.389674257
1686.7776529056
1689.1656315542
1691.0801970476
1692.9947625411
1694.9093280345
1696.823893528
1698.4692825546
1700.1146715813
1701.760060608
1703.4054496346
1705.2335259605
1707.0616022864
1708.8896786122
1710.7177549381
1713.0005951926
1715.2834354471
1717.5662757016
1719.8491159561
1722.3624294668
1724.8757429774
1727.3890564881
1729.9023699987
1731.6241730777
1733.3459761566
1735.0677792355
1736.7895823145
1738.5113853934
1740.2331884724
1741.9549915513
1743.6767946302
1745.8513309168
1748.0258672034
1750.2004034899
1752.3749397765
1754.9215246875
1757.4681095986
1760.0146945097
1762.5612794207
1764.3487243866
1766.1361693525
1767.9236143184
1769.7110592843
1771.4985042502
1773.2859492161
1775.073394182
1776.8608391478
1779.0456045553
1781.2303699627
1783.4151353702
1785.5999007776
1788.0748422899
1790.5497838022
1793.0247253145
1795.4996668268
1797.7374864992
1799.9753061715
1802.2131258438
1804.4509455161
1806.3186325252
1808.1863195342
1810.0540065433
1811.9216935524
1813.5110487445
1815.1004039367
1816.6897591288
1818.2791143209
1820.0943880687
1821.9096618165
1823.7249355642
1825.540209312
1827.8596952184
1830.1791811249
1832.4986670314
1834.8181529379
1837.3740437101
1839.9299344824
1842.4858252547
1845.0417160269
1846.7167905136
1848.3918650003
1850.0669394869
1851.7420139736
1853.4170884603
1855.0921629469
1856.7672374336
1858.4423119202
1860.6123908008
1862.7824696814
1864.9525485619
1867.1226274425
1869.6995350594
1872.2764426763
1874.8533502932
1877.4302579101
1879.193325376
1880.956392842
1882.7194603079
1884.4825277738
1886.2455952398
1888.0086627057
1889.7717301716
1891.5347976375
1893.7161929392
1895.8975882408
1898.0789835424
1900.2603788441
1902.7367953834
1905.2132119227
1907.6896284619
1910.1660450012
1912.389743911
1914.6134428208
1916.8371417306
1919.0608406404
1920.8443276464
1922.6278146523
1924.4113016583
1926.1947886643
1927.8636874273
1929.5325861903
1931.2014849534
1932.8703837164
1934.8416150339
1936.8128463513
1938.7840776688
1940.7553089863
1943.1395554239
1945.5238018615
1947.9080482991
1950.2922947367
1952.681635877
1955.0709770172
1957.4603181574
1959.8496592977
1961.8168919822
1963.7841246666
1965.7513573511
1967.7185900356
1969.3948536797
1971.0711173237
1972.7473809678
1974.4236446119
1976.224691401
1978.0257381901
1979.8267849792
1981.6278317683
1983.8368761878
1986.0459206072
1988.2549650267
1990.4640094461
1992.9135602187
1995.3631109913
1997.8126617638
2000.2622125364
2002.4359568013
2004.6097010662
2006.7834453311
2008.957189596
2010.7285235344
2012.4998574727
2014.2711914111
2016.0425253495
2017.742695366
2019.4428653824
2021.1430353988
2022.8432054152
2024.8572170878
2026.8712287604
2028.8852404331
2030.8992521057
2033.29025244
2035.6812527744
2038.0722531088
2040.4632534431
2042.807825092
2045.1523967408
2047.4969683897
2049.8415400385
2051.7739333862
2053.7063267339
2055.6387200816
2057.5711134292
2059.2570674407
2060.9430214522
2062.6289754637
2064.3149294752
2066.1578653298
2068.0008011845
2069.8437370391
2071.6866728938
2073.9287830503
2076.1708932068
2078.4130033634
2080.6551135199
2083.0852399923
2085.5153664648
2087.9454929373
2090.3756194097
2092.5043184228
2094.6330174358
2096.7617164488
2098.8904154619
2100.6473481014
2102.4042807409
2104.1612133805
2105.91814602
2107.6451174484
2109.3720888767
2111.0990603051
2112.8260317335
2114.8819759004
2116.9379200673
2118.9938642342
2121.0498084012
2123.4534168549
2125.8570253086
2128.2606337623
2130.664242216
2132.9737559419
2135.2832696678
2137.5927833937
2139.9022971196
2141.8020045301
2143.7017119406
2145.6014193511
2147.5011267615
2149.1910601882
2150.8809936149
2152.5709270416
2154.2608604683
2156.1395828645
2158.0183052606
2159.8970276567
2161.7757500528
2164.0515441013
2166.3273381499
2168.6031321984
2170.8789262469
2173.2986890869
2175.7184519268
2178.1382147667
2180.5579776066
2182.6487555924
2184.7395335782
2186.830311564
2188.9210895499
2190.6610323124
2192.400975075
2194.1409178375
2195.8808606001
2197.6271386306
2199.3734166611
2201.1196946916
2202.8659727221
2204.9597052727
2207.0534378232
2209.1471703738
2211.2409029243
2213.6614875111
2216.0820720978
2218.5026566846
2220.9232412714
2223.2064888344
2225.4897363974
2227.7729839605
2230.0562315235
2231.9254734014
2233.7947152794
2235.6639571573
2237.5331990352
2239.2216674769
2240.9101359187
2242.5986043605
2244.2870728022
2246.1949494468
2248.1028260915
2250.0107027361
2251.9185793807
2254.2273957268
2256.5362120729
2258.845028419
2261.153844765
2263.570096525
2265.986348285
2268.402600045
2270.818851805
2272.8774942997
2274.9361367945
2276.9947792893
2279.053421784
2280.7746066348
2282.4957914855
2284.2169763363
2285.938161187
2287.697425179
2289.4566891711
2291.2159531631
2292.9752171551
2295.1024613796
2297.229705604
2299.3569498284
2301.4841940528
2303.9243765431
2306.3645590334
2308.8047415237
2311.244924014
2313.508428983
2315.7719339521
2318.0354389211
2320.2989438902
2322.1399064039
2323.9808689177
2325.8218314315
2327.6627939452
2329.3459326293
2331.0290713134
2332.7122099975
2334.3953486815
2336.326742554
2338.2581364264
2340.1895302989
2342.1209241713
2344.4612127518
2346.8015013323
2349.1417899127
2351.4820784932
2353.8993226741
2356.316566855
2358.7338110359
2361.1510552168
2363.182291545
2365.2135278733
2367.2447642015
2369.2760005298
2370.9779132138
2372.6798258977
2374.3817385817
2376.0836512656
2377.8512081501
2379.6187650346
2381.3863219191
2383.1538788036
2385.3103537428
2387.466828682
2389.6233036212
2391.7797785604
2394.240339453
2396.7009003455
2399.1614612381
2401.6220221307
2403.8706362186
2406.1192503065
2408.3678643944
2410.6164784822
2411.4485680679
2412.2806576535
2413.1127472392
2413.9448368248
2414.7769264105
2415.6090159961
2416.4411055818
2417.2731951674
2418.6009937075
2419.9287922475
2421.2565907876
2422.5843893277
2424.2305764725
2425.8767636173
2427.5229507622
2429.169137907
2431.3827555892
2433.5963732713
2435.8099909535
2438.0236086356
2440.5370568773
2443.050505119
2445.5639533607
2448.0774016025
2449.8076289371
2451.5378562718
2453.2680836065
2454.9983109412
2456.7285382759
2458.4587656106
2460.1889929453
2461.91922028
2464.072891944
2466.2265636081
2468.3802352721
2470.5339069362
2472.9888424047
2475.4437778731
2477.8987133416
2480.3536488101
2482.5827605582
2484.8118723063
2487.0409840544
2489.2700958024
2491.0820737137
2492.8940516249
2494.7060295362
2496.5180074474
2498.2127488895
2499.9074903315
2501.6022317735
2503.2969732155
2505.2727069479
2507.2484406803
2509.2241744126
2511.199908145
2513.5706947337
2515.9414813224
2518.3122679111
2520.6830544999
2523.0730715572
2525.4630886146
2527.853105672
2530.2431227293
2532.2376594894
2534.2321962495
2536.2267330096
2538.2212697697
2539.9267064109
2541.6321430521
2543.3375796934
2545.0430163346
2546.8546959447
2548.6663755548
2550.4780551648
2552.2897347749
2554.497259817
2556.7047848592
2558.9123099013
2561.1198349434
2563.58948136
2566.0591277765
2568.528774193
2570.9984206096
2573.2146624007
2575.4309041919
2577.647145983
2579.8633877741
2581.6605945633
2583.4578013524
2585.2550081416
2587.0522149307
2588.7474763565
2590.4427377823
2592.1379992081
2593.8332606339
2595.8299788138
2597.8266969936
2599.8234151734
2601.8201333533
2604.2328406626
2606.6455479719
2609.0582552812
2611.4709625906
2613.8940611918
2616.3171597931
2618.7402583943
2621.1633569956
2623.1476840371
2625.1320110786
2627.1163381201
2629.1006651616
2630.7738576837
2632.4470502058
2634.1202427279
2635.7934352499
2637.5857287991
2639.3780223483
2641.1703158975
2642.9626094467
2645.1875820168
2647.4125545869
2649.6375271569
2651.862499727
2654.3847915385
2656.9070833499
2659.4293751614
2661.9516669728
2663.723524239
2665.4953815053
2667.2672387715
2669.0390960377
2670.8109533039
2672.5828105701
2674.3546678363
2676.1265251025
2678.3101470905
2680.4937690785
2682.6773910664
2684.8610130544
2687.3695702174
2689.8781273804
2692.3866845435
2694.8952417065
2696.7004159462
2698.5055901858
2700.3107644254
2702.1159386651
2703.9211129047
2705.7262871444
2707.531461384
2709.3366356236
2711.5174541983
2713.6982727729
2715.8790913475
2718.0599099221
2720.5222475138
2722.9845851054
2725.4469226971
2727.9092602887
2730.1523675739
2732.3954748591
2734.6385821442
2736.8816894294
2738.7013861945
2740.5210829596
2742.3407797247
2744.1604764898
2745.8501913416
2747.5399061933
2749.229621045
2750.9193358968
2752.8865938826
2754.8538518684
2756.8211098542
2758.78836784
2761.176706101
2763.5650443621
2765.9533826231
2768.3417208842
2770.7805325598
2773.2193442354
2775.658155911
2778.0969675866
2780.1116293664
2782.1262911461
2784.1409529259
2786.1556147057
2787.8365946789
2789.5175746521
2791.1985546253
2792.8795345985
2794.6493888043
2796.4192430101
2798.1890972159
2799.9589514217
2802.1496263303
2804.3403012389
2806.5309761476
2808.7216510562
2811.2346126718
2813.7475742873
2816.2605359028
2818.7734975184
2820.5677534848
2822.3620094513
2824.1562654178
2825.9505213842
2827.7447773507
2829.5390333172
2831.3332892836
2833.1275452501
2835.3076583925
2837.4877715349
2839.6678846773
2841.8479978197
2844.3184809636
2846.7889641076
2849.2594472515
2851.7299303954
2853.9760184158
2856.2221064362
2858.4681944567
2860.7142824771
2862.5277913148
2864.3413001525
2866.1548089902
2867.9683178279
2869.6496967543
2871.3310756807
2873.0124546071
2874.6938335335
2876.6575082787
2878.621183024
2880.5848577692
2882.5485325145
2884.9387404097
2887.3289483048
2889.7191562
2892.1093640952
2894.5492147789
2896.9890654627
2899.4289161464
2901.8687668302
2903.880138115
2905.8915093998
2907.9028806845
2909.9142519693
2911.5911577688
2913.2680635683
2914.9449693678
2916.6218751673
2918.3901281104
2920.1583810534
2921.9266339965
2923.6948869395
2925.8859466905
2928.0770064415
2930.2680661925
2932.4591259435
2934.9697580266
2937.4803901097
2939.9910221927
2942.5016542758
2944.2929609517
2946.0842676276
2947.8755743035
2949.6668809794
2951.4581876553
2953.2494943312
2955.0408010071
2956.832107683
2959.0104441083
2961.1887805336
2963.3671169589
2965.5454533842
2968.0141310422
2970.4828087002
2972.9514863583
2975.4201640163
2977.6641019451
2979.9080398738
2982.1519778026
2984.3959157314
2986.2083911025
2988.0208664737
2989.8333418448
2991.645817216
2993.3274846345
2995.0091520531
2996.6908194716
2998.3724868902
3000.3365528978
3002.3006189053
3004.2646849129
3006.2287509205
3008.6166155417
3011.004480163
3013.3923447842
3015.7802094055
3018.2143273717
3020.648445338
3023.0825633042
3025.5166812705
3027.5249568813
3029.5332324921
3031.541508103
3033.5497837138
3035.2282285307
3036.9066733476
3038.5851181645
3040.2635629814
3042.0354778606
3043.8073927398
3045.5793076189
3047.3512224981
3049.5433740989
3051.7355256997
3053.9276773005
3056.1198289012
3058.624117959
3061.1284070168
3063.6326960746
3066.1369851324
3067.9274670475
3069.7179489626
3071.5084308777
3073.2989127928
3075.0893947079
3076.879876623
3078.6703585381
3080.4608404532
3082.6371454693
3084.8134504853
3086.9897555014
3089.1660605174
3091.6317086757
3094.097356834
3096.5630049924
3099.0286531507
3101.2710439057
3103.5134346607
3105.7558254157
3107.9982161707
3109.8114932779
3111.624770385
3113.4380474922
3115.2513245994
3116.9345129751
3118.6177013508
3120.3008897265
3121.9840781022
3123.9483374963
3125.9125968905
3127.8768562847
3129.8411156789
3132.2261908617
3134.6112660445
3136.9963412273
3139.3814164101
3141.8112224371
3144.2410284641
3146.6708344911
3149.1006405181
3151.1078134907
3153.1149864632
3155.1221594358
3157.1293324083
3158.8099102265
3160.4904880447
3162.1710658628
3163.851643681
3165.6262023507
3167.4007610205
3169.1753196902
3170.9498783599
3173.1419768615
3175.3340753631
3177.5261738646
3179.7182723662
3182.2177601808
3184.7172479954
3187.21673581
3189.7162236246
3191.5071609534
3193.2980982822
3195.089035611
3196.8799729399
3198.6709102687
3200.4618475975
3202.2527849263
3204.0437222551
3206.2186694152
3208.3936165752
3210.5685637353
3212.7435108954
3215.2062169417
3217.6689229879
3220.1316290341
3222.5943350804
3224.8352437936
3227.0761525067
3229.3170612199
3231.557969933
3233.3722898912
3235.1866098493
3237.0009298075
3238.8152497656
3240.5003223358
3242.1853949059
3243.870467476
3245.5555400461
3247.5202889283
3249.4850378105
3251.4497866927
3253.4145355749
3255.7973422095
3258.1801488441
3260.5629554787
3262.9457621133
3265.37218861
3267.7986151067
3270.2250416035
3272.6514681002
3274.6580421387
3276.6646161773
3278.6711902158
3280.6777642544
3282.3602791151
3284.0427939758
3285.7253088365
3287.4078236972
3289.1846119263
3290.9614001554
3292.7381883845
3294.5149766137
3296.7069812282
3298.8989858428
3301.0909904573
3303.2829950719
3305.7788893115
3308.2747835511
3310.7706777907
3313.2665720303
3315.0581236943
3316.8496753583
3318.6412270223
3320.4327786863
3322.2243303504
3324.0158820144
3325.8074336784
3327.5989853424
3329.7730148
3331.9470442576
3334.1210737151
3336.2951031727
3338.7556333896
3341.2161636065
3343.6766938234
3346.1372240404
3348.3771266845
3350.6170293287
3352.8569319729
3355.0968346171
3356.9120495671
3358.7272645172
3360.5424794672
3362.3576944173
3364.0442528151
3365.7308112128
3367.4173696106
3369.1039280084
3371.0690976018
3373.0342671952
3374.9994367886
3376.964606382
3379.3457632621
3381.7269201421
3384.1080770221
3386.4892339021
3388.9133279003
3391.3374218986
3393.7615158969
3396.1856098952
3398.1919112613
3400.1982126274
3402.2045139936
3404.2108153597
3405.8948191747
3407.5788229896
3409.2628268045
3410.9468306195
3412.7251508741
3414.5034711288
3416.2817913835
3418.0601116382
3420.2520174973
3422.4439233565
3424.6358292157
3426.8277350749
3429.3212003331
3431.8146655912
3434.3081308493
3436.8015961075
3438.593672066
3440.3857480245
3442.177823983
3443.9698999415
3445.7619759
3447.5540518585
3449.346127817
3451.1382037755
3453.3117142904
3455.4852248053
3457.6587353201
3459.832245835
3462.2912893362
3464.7503328374
3467.2093763387
3469.6684198399
3471.9075880587
3474.1467562775
3476.3859244963
3478.625092715
3480.4409129359
3482.2567331568
3484.0725533777
3485.8883735986
3487.5759876429
3489.2636016872
3490.9512157316
3492.6388297759
3494.6043551753
3496.5698805748
3498.5354059742
3500.5009313736
3502.8811049421
3505.2612785106
3507.6414520791
3510.0216256476
3512.444193651
3514.8667616545
3517.2893296579
3519.7118976613
3521.7179597036
3523.7240217458
3525.7300837881
3527.7361458303
3529.4211197858
3531.1060937412
3532.7910676967
3534.4760416521
3536.2553933377
3538.0347450234
3539.814096709
3541.5934483947
3543.7853594341
3545.9772704735
3548.1691815129
3550.3610925523
3552.8530724802
3555.345052408
3557.8370323359
3560.3290122638
3562.1213735258
3563.9137347877
3565.7060960496
3567.4984573116
3569.2908185735
3571.0831798354
3572.8755410974
3574.6679023593
3576.8411039454
3579.0143055315
3581.1875071176
3583.3607087038
3585.8189694012
3588.2772300987
3590.7354907961
3593.1937514936
3595.4325424957
3597.6713334978
3599.9101244999
3602.1489155021
3603.9650604948
3605.7812054875
3607.5973504803
3609.413495473
3611.1016637194
3612.7898319658
3614.4780002122
3616.1661684586
3618.1318732283
3620.0975779981
3622.0632827679
3624.0289875377
3626.4086529107
3628.7883182836
3631.1679836566
3633.5476490295
3635.9694273635
3638.3912056975
3640.8129840315
3643.2347623654
3645.2407005431
3647.2466387208
3649.2525768985
3651.2585150761
3652.9439923422
3654.6294696082
3656.3149468742
3658.0004241402
3659.7803100322
3661.5601959241
3663.340081816
3665.119967708
3667.3118814439
3669.5037951799
3671.6957089158
3673.8876226517
3676.3788605313
3678.8700984108
3681.3613362903
3683.8525741698
3685.6450650886
3687.4375560073
3689.230046926
3691.0225378448
3692.8150287635
3694.6075196822
3696.400010601
3698.1925015197
3700.3655510126
3702.5386005055
3704.7116499984
3706.8846994913
3709.342598375
3711.8004972587
3714.2583961424
3716.7162950261
3718.9549102176
3721.1935254091
3723.4321406006
3725.6707557921
3727.4870482765
3729.3033407608
3731.1196332452
3732.9359257295
3734.624349444
3736.3127731584
3738.0011968729
3739.6896205873
3741.6554088944
3743.6211972015
3745.5869855087
3747.5527738158
3749.9322051318
3752.3116364478
3754.6910677638
3757.0704990798
3759.4919205575
3761.9133420352
3764.3347635129
3766.7561849906
3768.7620621833
3770.7679393759
3772.7738165686
3774.7796937613
3776.4653951422
3778.1510965232
3779.8367979041
3781.522499285
3783.3026275524
3785.0827558198
3786.8628840872
3788.6430123545
3790.8349312481
3793.0268501416
3795.2187690351
3797.4106879286
3799.9015932689
3802.3924986092
3804.8834039496
3807.3743092899
3809.1668557972
3810.9594023046
3812.751948812
3814.5444953193
3816.3370418267
3818.1295883341
3819.9221348414
3821.7146813488
3823.8876626677
3826.0606439867
3828.2336253056
3830.4066066245
3832.864347332
3835.3220880395
3837.7798287469
3840.2375694544
3842.4761108647
3844.714652275
3846.9531936852
3849.1917350955
3851.0080949389
3852.8244547823
3854.6408146256
3856.457174469
3858.1457096387
3859.8342448084
3861.5227799782
3863.2113151479
3865.1771377303
3867.1429603127
3869.1087828952
3871.0746054776
3873.4539336159
3875.8332617541
3878.2125898924
3880.5919180306
3883.0131928379
3885.4344676453
3887.8557424526
3890.2770172599
3892.2828740272
3894.2887307944
3896.2945875617
3898.3004443289
3899.9862410338
3901.6720377387
3903.3578344435
3905.0436311484
3906.8238589435
3908.6040867385
3910.3843145336
3912.1645423287
3914.3564612961
3916.5483802635
3918.7402992309
3920.9322181983
3923.4229865773
3925.9137549563
3928.4045233354
3930.8952917144
3932.6878682235
3934.4804447326
3936.2730212416
3938.0655977507
3939.8581742598
3941.6507507689
3943.443327278
3945.2359037871
3947.4088557191
3949.5818076512
3951.7547595832
3953.9277115153
3956.3853793882
3958.8430472611
3961.300715134
3963.7583830069
3965.9968964376
3968.2354098682
3970.4739232989
3972.7124367295
3974.5288349395
3976.3452331495
3978.1616313595
3979.9780295695
3981.6666169891
3983.3552044088
3985.0437918284
3986.732379248
3988.6982142022
3990.6640491565
3992.6298841107
3994.5957190649
3996.9749988756
3999.3542786863
4001.733558497
4004.1128383077
4006.534053644
4008.9552689803
4011.3764843166
4013.7976996529
4015.8035620351
4017.8094244173
4019.8152867995
4021.8211491817
4023.5069942377
4025.1928392937
4026.8786843496
4028.5645294056
4030.3447966821
4032.1250639587
4033.9053312352
4035.6855985118
4037.8775100236
4040.0694215355
4042.2613330474
4044.4532445593
4046.9439553779
4049.4346661965
4051.925377015
4054.4160878336
4056.20869306
4058.0012982863
4059.7939035126
4061.586508739
4063.3791139653
4065.1717191916
4066.964324418
4068.7569296443
4070.9298671408
4073.1028046373
4075.2757421338
4077.4486796303
4079.9062993977
4082.3639191651
4084.8215389325
4087.2791586999
4089.517660597
4091.7561624942
4093.9946643913
4096.2331662884
4098.0495991536
4099.8660320189
4101.6824648841
4103.4988977493
4105.187521455
4106.8761451607
4108.5647688663
4110.253392572
4112.2192322425
4114.1850719131
4116.1509115836
4118.1167512541
4120.4959988648
4122.8752464755
4125.2544940862
4127.6337416969
4130.0549280815
4132.476114466
4134.8973008506
4137.3184872351
4139.324371143
4141.3302550508
4143.3361389587
4145.3420228665
4147.0279046325
4148.7137863985
4150.3996681645
4152.0855499306
4153.8658351355
4155.6461203404
4157.4264055453
4159.2066907503
4161.3985882297
4163.5904857092
4165.7823831886
4167.9742806681
4170.4649606424
4172.9556406167
4175.4463205911
4177.9370005654
4179.7296408228
4181.5222810801
4183.3149213374
4185.1075615948
4186.9002018521
4188.6928421095
4190.4854823668
4192.2781226241
4194.4510502129
4196.6239778016
4198.7969053903
4200.969832979
4203.4274058016
4205.8849786241
4208.3425514466
4210.8001242691
4211.852064126
4212.9040039828
4213.9559438396
4215.0078836965
4216.0598235533
4217.1117634101
4218.1637032669
4219.2156431238
4220.9762657801
4222.7368884364
4224.4975110928
4226.2581337491
4228.5363143215
4230.8144948939
4233.0926754662
4235.3708560386
4237.9598308842
4240.5488057297
4243.1377805753
4245.7267554209
4247.4188590814
4249.110962742
4250.8030664026
4252.4951700631
4254.1872737237
4255.8793773843
4257.5714810449
4259.2635847054
4261.4425838727
4263.62158304
4265.8005822074
4267.9795813747
4270.5434423196
4273.1073032646
4275.6711642096
4278.2350251546
4279.9947548377
4281.7544845209
4283.5142142041
4285.2739438873
4287.0336735705
4288.7934032537
4290.5531329368
4292.31286262
4294.490765034
4296.668667448
4298.846569862
4301.0244722761
4303.4994674448
4305.9744626135
4308.4494577822
4310.9244529509
4313.1492860991
4315.3741192473
4317.5989523956
4319.8237855438
4321.608657897
4323.3935302502
4325.1784026034
4326.9632749566
4328.6320816317
4330.3008883069
4331.9696949821
4333.6385016572
4335.6077126818
4337.5769237064
4339.546134731
4341.5153457556
4343.8957779417
4346.2762101279
4348.6566423141
4351.0370745002
4353.4232875685
4355.8095006368
4358.1957137051
4360.5819267734
4362.549569316
4364.5172118586
4366.4848544012
4368.4524969438
4370.1311041561
4371.8097113685
4373.4883185808
4375.1669257931
4376.9693323969
4378.7717390007
4380.5741456045
4382.3765522083
4384.5834216217
4386.7902910351
4388.9971604485
4391.204029862
4393.6473426978
4396.0906555335
4398.5339683693
4400.9772812051
4403.1473389791
4405.317396753
4407.487454527
4409.657512301
4411.4308014617
4413.2040906225
4414.9773797832
4416.7506689439
4418.4551947069
4420.1597204698
4421.8642462327
4423.5687719957
4425.5844569347
4427.6001418736
4429.6158268126
4431.6315117516
4434.0172497882
4436.4029878249
4438.7887258616
4441.1744638982
4443.5108711727
4445.8472784472
4448.1836857217
4450.5200929962
4452.4509002943
4454.3817075923
4456.3125148904
4458.2433221884
4459.934180338
4461.6250384876
4463.3158966371
4465.0067547867
4466.8553113541
4468.7038679215
4470.5524244889
4472.4009810563
4474.6424192484
4476.8838574405
4479.1252956326
4481.3667338247
4483.7871896243
4486.2076454239
4488.6281012235
4491.0485570231
4493.1700568073
4495.2915565914
4497.4130563756
4499.5345561597
4501.2938049652
4503.0530537707
4504.8123025762
4506.5715513817
4508.3063703315
4510.0411892812
4511.776008231
4513.5108271808
4515.5715477916
4517.6322684025
4519.6929890133
4521.7537096241
4524.1510407551
4526.5483718861
4528.9457030171
4531.3430341481
4533.6407419138
4535.9384496795
4538.2361574452
4540.5338652109
4542.4305261217
4544.3271870326
4546.2238479434
4548.1205088542
4549.8172909283
4551.5140730024
4553.2108550766
4554.9076371507
4556.7953684844
4558.6830998182
4560.5708311519
4562.4585624857
4564.7349904795
4567.0114184733
4569.2878464671
4571.5642744609
4573.9718223618
4576.3793702626
4578.7869181635
4581.1944660644
4583.2754117826
4585.3563575008
4587.437303219
4589.5182489373
4591.2606902654
4593.0031315935
4594.7455729216
4596.4880142498
4598.2448647022
4600.0017151546
4601.758565607
4603.5154160594
4605.6165843737
4607.7177526879
4609.8189210022
4611.9200893165
4614.3337313733
4616.7473734301
4619.1610154869
4621.5746575436
4623.8432348533
4626.1118121631
4628.3803894728
4630.6489667825
4632.513864047
4634.3787613115
4636.243658576
4638.1085558405
4639.8053043651
4641.5020528897
4643.1988014143
4644.8955499389
4646.8152995476
4648.7350491562
4650.6547987649
4652.5745483736
4654.8853812107
4657.1962140479
4659.507046885
4661.8178797222
4664.2199449833
4666.6220102445
4669.0240755056
4671.4261407668
4673.4726411424
4675.5191415181
4677.5656418937
4679.6121422694
4681.3356957481
4683.0592492268
4684.7828027054
4686.5063561841
4688.2784068371
4690.05045749
4691.8225081429
4693.5945587959
4695.7318109857
4697.8690631756
4700.0063153654
4702.1435675552
4704.5765565196
4707.0095454839
4709.4425344483
4711.8755234126
4714.1218520045
4716.3681805965
4718.6145091884
4720.8608377803
4722.6960160993
4724.5311944183
4726.3663727372
4728.2015510562
4729.8939493086
4731.586347561
4733.2787458134
4734.9711440659
4736.9170319308
4738.8629197957
4740.8088076606
4742.7546955256
4745.0986830297
4747.4426705339
4749.7866580381
4752.1306455423
4754.5321366741
4756.933627806
4759.3351189378
4761.7366100697
4763.7534025807
4765.7701950917
4767.7869876027
4769.8037801137
4771.5075515972
4773.2113230808
4774.9150945644
4776.618866048
4778.4010751865
4780.1832843251
4781.9654934636
4783.7477026022
4785.9168596867
4788.0860167712
4790.2551738558
4792.4243309403
4794.877873108
4797.3314152758
4799.7849574435
4802.2384996112
4804.4675874978
4806.6966753844
4808.925763271
4811.1548511576
4812.9627430665
4814.7706349754
4816.5785268842
4818.3864187931
4819.105780555
4819.825142317
4820.5445040789
4821.2638658408
4821.682474519
4822.1010831972
4822.5196918754
4822.9383005536
4823.3569092318
4823.77551791
4824.1941265882
4824.6127352664
4824.9995983452
4825.386461424
4825.7733245028
4826.1601875815
4827.4385201689
4828.7168527562
4829.9951853435
4831.2735179308
4832.5924833254
4833.9114487199
4835.2304141145
4836.549379509
4838.4043574239
4840.2593353388
4842.1143132536
4843.9692911685
4846.3722732865
4848.7752554046
4851.1782375226
4853.5812196406
4856.0209136977
4858.4606077548
4860.9003018119
4863.3399958691
4865.3141281677
4867.2882604664
4869.2623927651
4871.2365250638
4872.8867271892
4874.5369293146
4876.18713144
4877.8373335655
4879.6129603771
4881.3885871887
4883.1642140003
4884.9398408119
4887.14401717
4889.3481935282
4891.5523698863
4893.7565462444
4896.2162434333
4898.6759406221
4901.135637811
4903.5953349998
4905.7846257913
4907.9739165828
4910.1632073743
4912.3524981658
4914.1364419062
4915.9203856466
4917.7043293871
4919.4882731275
4921.1943091342
4922.9003451408
4924.6063811475
4926.3124171541
4928.3291428997
4930.3458686452
4932.3625943908
4934.3793201364
4936.7831147516
4939.1869093668
4941.590703982
4943.9944985972
4946.3686550052
4948.7428114132
4951.1169678212
4953.4911242292
4955.4478725195
4957.4046208099
4959.3613691002
4961.3181173906
4963.0092293603
4964.70034133
4966.3914532997
4968.0825652693
4969.9173911014
4971.7522169335
4973.5870427656
4975.4218685977
4977.6702920346
4979.9187154715
4982.1671389084
4984.4155623454
4986.8980282545
4989.3804941636
4991.8629600727
4994.3454259818
4996.5299543523
4998.7144827228
5000.8990110933
5003.0835394638
5004.850004331
5006.6164691981
5008.3829340652
5010.1493989324
5011.8463171594
5013.5432353865
5015.2401536135
5016.9370718405
5018.9673034703
5020.9975351002
5023.02776673
5025.0579983598
5027.5051718285
5029.9523452973
5032.3995187661
5034.8466922349
5037.2584501643
5039.6702080937
5042.0819660231
5044.4937239525
5046.4406959082
5048.3876678639
5050.3346398196
5052.2816117753
5053.9368488307
5055.5920858862
5057.2473229417
5058.9025599972
5060.7133001068
5062.5240402163
5064.3347803259
5066.1455204355
5068.4090878257
5070.672655216
5072.9362226063
5075.1997899965
5077.7363463106
5080.2729026247
5082.8094589388
5085.3460152529
5087.0871911835
5088.828367114
5090.5695430446
5092.3107189752
5094.0518949058
5095.7930708364
5097.5342467669
5099.2754226975
5101.4606340388
5103.6458453801
5105.8310567214
5108.0162680627
5110.5665936895
5113.1169193163
5115.6672449431
5118.2175705699
5120.0100584916
5121.8025464133
5123.595034335
5125.3875222567
5127.1800101784
5128.9724981001
5130.7649860218
5132.5574739436
5134.7470473855
5136.9366208274
5139.1261942693
5141.3157677112
5143.8032022093
5146.2906367073
5148.7780712053
5151.2655057034
5153.5179877072
5155.7704697111
5158.0229517149
5160.2754337188
5162.0814407616
5163.8874478044
5165.6934548472
5167.49946189
5169.1708751848
5170.8422884795
5172.5137017743
5174.1851150691
5176.1478524071
5178.1105897451
5180.0733270831
5182.0360644211
5184.440288164
5186.8445119068
5189.2487356497
5191.6529593925
5194.1113636442
5196.5697678959
5199.0281721476
5201.4865763993
5203.4999657655
5205.5133551318
5207.526744498
5209.5401338643
5211.2056968941
5212.8712599239
5214.5368229537
5216.2023859836
5217.95950906
5219.7166321365
5221.473755213
5223.2308782894
5225.4235464758
5227.6162146622
5229.8088828486
5232.001551035
5234.5327258417
5237.0639006483
5239.5950754549
5242.1262502616
5243.9137927754
5245.7013352893
5247.4888778031
5249.276420317
5251.0639628308
5252.8515053447
5254.6390478586
5256.4265903724
5258.610390864
5260.7941913557
5262.9779918473
5265.161792339
5267.6442835741
5270.1267748091
5272.6092660442
5275.0917572793
5277.3426936237
5279.5936299681
5281.8445663126
5284.095502657
5285.9026942785
5287.7098859001
5289.5170775217
5291.3242691433
5292.9967927896
5294.669316436
5296.3418400823
5298.0143637287
5299.9755035125
5301.9366432963
5303.8977830802
5305.858922864
5308.256263925
5310.653604986
5313.050946047
5315.448287108
5317.8973559514
5320.3464247949
5322.7954936383
5325.2445624818
5327.2556051193
5329.2666477569
5331.2776903944
5333.288733032
5334.9585588821
5336.6283847323
5338.2982105824
5339.9680364326
5341.730206396
5343.4923763594
5345.2545463228
5347.0167162862
5349.2084236251
5351.4001309639
5353.5918383028
5355.7835456416
5358.3024185314
5360.8212914212
5363.340164311
5365.8590372009
5367.6474197261
5369.4358022513
5371.2241847766
5373.0125673018
5374.800949827
5376.5893323523
5378.3777148775
5380.1660974028
5382.3460829221
5384.5260684415
5386.7060539609
5388.8860394802
5391.3598902253
5393.8337409703
5396.3075917153
5398.7814424603
5401.0273579283
5403.2732733962
5405.5191888641
5407.765104332
5409.5747724045
5411.384440477
5413.1941085494
5415.0037766219
5416.681643992
5418.3595113621
5420.0373787323
5421.7152461024
5423.678324726
5425.6414033497
5427.6044819734
5429.567560597
5431.9585661119
5434.3495716268
5436.7405771418
5439.1315826567
5441.5695295537
5444.0074764508
5446.4454233479
5448.883370245
5450.8913406759
5452.8993111069
5454.9072815379
5456.9152519688
5458.5906216657
5460.2659913626
5461.9413610594
5463.6167307563
5465.3861502054
5467.1555696545
5468.9249891036
5470.6944085527
5472.8870132391
5475.0796179254
5477.2722226117
5479.464827298
5481.9726355142
5484.4804437303
5486.9882519464
5489.4960601625
5491.285146484
5493.0742328056
5494.8633191272
5496.6524054487
5498.4414917703
5500.2305780918
5502.0196644134
5503.8087507349
5505.9857553611
5508.1627599873
5510.3397646135
5512.5167692397
5514.9847801924
5517.4527911451
5519.9208020978
5522.3888130505
5524.6321564374
5526.8754998242
5529.1188432111
5531.3621865979
5533.1742091171
5534.9862316364
5536.7982541557
5538.6102766749
5540.2917088601
5541.9731410453
5543.6545732305
5545.3360054158
5547.299768321
5549.2635312262
5551.2272941314
5553.1910570366
5555.5775392182
5557.9640213998
5560.3505035814
5562.736985763
5565.168559763
5567.6001337631
5570.0317077631
5572.4632817631
5574.4703513221
5576.4774208811
5578.4844904402
5580.4915599992
5582.1707382456
5583.849916492
5585.5290947384
5587.2082729848
5588.9816662243
5590.7550594638
5592.5284527032
5594.3018459427
5596.4941223716
5598.6863988006
5600.8786752295
5603.0709516584
5605.5720420982
5608.0731325379
5610.5742229776
5613.0753134173
5614.8656299128
5616.6559464082
5618.4462629037
5620.2365793991
5622.0268958946
5623.81721239
5625.6075288855
5627.3978453809
5629.5731110909
5631.7483768009
5633.9236425109
5636.0989082209
5638.5626654918
5641.0264227627
5643.4901800336
5645.9539373045
5648.1952588738
5650.436580443
5652.6779020122
5654.9192235814
5656.7329755541
5658.5467275267
5660.3604794993
5662.1742314719
5663.8585243936
5665.5428173153
5667.227110237
5668.9114031587
5670.8759425019
5672.8404818451
5674.8050211883
5676.7695605315
5679.1529999441
5681.5364393567
5683.9198787694
5686.303318182
5688.7305178941
5691.1577176061
5693.5849173182
5696.0121170303
5698.0186284936
5700.025139957
5702.0316514204
5704.0381628837
5705.7200508802
5707.4019388766
5709.0838268731
5710.7657148695
5712.5419960649
5714.3182772604
5716.0945584558
5717.8708396512
5720.0629402134
5722.2550407755
5724.4471413376
5726.6392418998
5729.1358472954
5731.632452691
5734.1290580866
5736.6256634822
5738.4169242483
5740.2081850145
5741.9994457806
5743.7907065468
5745.5819673129
5747.3732280791
5749.1644888452
5750.9557496114
5753.1299219628
5755.3040943143
5757.4782666658
5759.6524390173
5762.1134514988
5764.5744639804
5767.0354764619
5769.4964889435
5771.7365829142
5773.9766768849
5776.2167708557
5778.4568648264
5780.2718188312
5782.086772836
5783.9017268409
5785.7166808457
5787.402879449
5789.0890780524
5790.7752766557
5792.4614752591
5794.4265464402
5796.3916176213
5798.3566888025
5800.3217599836
5802.7032050851
5805.0846501867
5807.4660952882
5809.8475403898
5812.2719880411
5814.6964356924
5817.1208833436
5819.5453309949
5821.5516033666
5823.5578757382
5825.5641481098
5827.5704204815
5829.2541375213
5830.9378545611
5832.6215716009
5834.3052886407
5836.0833754464
5837.8614622521
5839.6395490579
5841.4176358636
5843.6095846188
5845.8015333739
5847.9934821291
5850.1854308843
5852.679218088
5855.1730052917
5857.6667924954
5860.1605796991
5861.9525216174
5863.7444635356
5865.5364054538
5867.328347372
5869.1202892903
5870.9122312085
5872.7041731267
5874.496115045
5876.6696911122
5878.8432671795
5881.0168432468
5883.1904193141
5885.6496814407
5888.1089435673
5890.5682056939
5893.0274678205
5895.2667201076
5897.5059723946
5899.7452246817
5901.9844769688
5903.8001755763
5905.6158741839
5907.4315727915
5909.247271399
5910.93472182
5912.622172241
5914.309622662
5915.997073083
5917.9625555933
5919.9280381036
5921.8935206139
5923.8590031242
5926.2393095829
5928.6196160416
5930.9999225003
5933.3802289591
5935.8029521291
5938.2256752991
5940.6483984691
5943.0711216392
5945.0771633405
5947.0832050419
5949.0892467433
5951.0952884447
5952.7801311005
5954.4649737563
5956.1498164122
5957.834659068
5959.6139090729
5961.3931590778
5963.1724090827
5964.9516590875
5967.1435941569
5969.3355292262
5971.5274642956
5973.7193993649
5976.2115241478
5978.7036489306
5981.1957737135
5983.6878984963
5985.4801912317
5987.2724839671
5989.0647767024
5990.8570694378
5992.6493621732
5994.4416549086
5996.2339476439
5998.0262403793
6000.1994722882
6002.3727041971
6004.545936106
6006.7191680149
6009.1775378217
6011.6359076284
6014.0942774351
6016.5526472419
6018.7914780587
6021.0303088756
6023.2691396924
6025.5079705092
6027.3240519722
6029.1401334352
6030.9562148982
6032.7722963612
6034.460382462
6036.1484685629
6037.8365546637
6039.5246407645
6041.4903253294
6043.4560098943
6045.4216944592
6047.3873790241
6049.7671112793
6052.1468435346
6054.5265757898
6056.9063080451
6059.3281593013
6061.7500105575
6064.1718618138
6066.59371307
6068.5996359224
6070.6055587749
6072.6114816273
6074.6174044797
6076.3028159824
6077.9882274851
6079.6736389877
6081.3590504904
6083.1388889348
6084.9187273793
6086.6985658237
6088.4784042681
6090.6703325143
6092.8622607604
6095.0541890065
6097.2461172526
6099.7374242925
6102.2287313323
6104.7200383722
6107.211345412
6109.0037975508
6110.7962496895
6112.5887018282
6114.381153967
6116.1736061057
6117.9660582445
6119.7585103832
6121.5509625219
6123.7240272736
6125.8970920252
6128.0701567769
6130.2432215285
6132.701179276
6135.1591370235
6137.6170947711
6140.0750525186
6142.3136872088
6144.5523218989
6146.7909565891
6149.0295912793
6150.8458468941
6152.662102509
6154.4783581238
6156.2946137387
6157.9829927196
6159.6713717004
6161.3597506813
6163.0481296622
6165.0139081639
6166.9796866656
6168.9454651674
6170.9112436691
6173.2907114875
6175.6701793058
6178.0496471242
6180.4291149425
6182.850575383
6185.2720358236
6187.6934962641
6190.1149567046
6192.1208203609
6194.1266840172
6196.1325476735
6198.1384113297
6199.8240738351
6201.5097363404
6203.1953988458
6204.8810613511
6206.6611646907
6208.4412680303
6210.2213713699
6212.0014747096
6214.1934044851
6216.3853342606
6218.5772640362
6220.7691938117
6223.2601372351
6225.7510806585
6228.2420240818
6230.7329675052
6232.5254873809
6234.3180072566
6236.1105271323
6237.903047008
6239.6955668838
6241.4880867595
6243.2806066352
6245.0731265109
6247.2461168739
6249.4191072368
6251.5920975998
6253.7650879627
6256.2228670247
6258.6806460866
6261.1384251486
6263.5962042105
6265.8347570597
6268.073309909
6270.3118627582
6272.5504156074
6274.3667496929
6276.1830837783
6277.9994178638
6279.8157519492
6281.50425765
6283.1927633508
6284.8812690517
6286.5697747525
6288.5355915986
6290.5014084447
6292.4672252908
6294.4330421369
6296.8123942759
6299.1917464149
6301.5710985539
6303.9504506929
6306.3717493209
6308.7930479489
6311.2143465768
6313.6356452048
6315.6414898509
6317.6473344971
6319.6531791432
6321.6590237893
6323.3447940426
6325.0305642958
6326.7163345491
6328.4021048023
6330.1823176164
6331.9625304305
6333.7427432446
6335.5229560587
6337.7148838225
6339.9068115864
6342.0987393502
6344.290667114
6346.7814594855
6349.2722518571
6351.7630442287
6354.2538366002
6356.0463925734
6357.8389485465
6359.6315045196
6361.4240604928
6363.2166164659
6365.0091724391
6366.8017284122
6368.5942843854
6370.7672424807
6372.9402005761
6375.1131586715
6377.2861167669
6379.7438130065
6382.2015092461
6384.6592054857
6387.1169017253
6389.3554227782
6391.5939438311
6393.8324648841
6396.070985937
6397.8873639854
6399.7037420338
6401.5201200822
6403.3364981306
6405.0250635703
6406.7136290101
6408.4021944498
6410.0907598895
6412.0565910563
6414.022422223
6415.9882533897
6417.9540845564
6420.333382284
6422.7126800115
6425.0919777391
6427.4712754667
6429.8925074113
6432.313739356
6434.7349713006
6437.1562032453
6439.1620545879
6441.1679059306
6443.1737572732
6445.1796086158
6446.8654334218
6448.5512582278
6450.2370830338
6451.9229078398
6453.7031648658
6455.4834218917
6457.2636789176
6459.0439359436
6461.2358550713
6463.4277741991
6465.6196933268
6467.8116124546
6470.3023405113
6472.793068568
6475.2837966247
6477.7745246815
6479.5671127707
6481.3597008598
6483.152288949
6484.9448770382
6486.7374651274
6488.5300532166
6490.3226413058
6492.115229395
6494.2881716013
6496.4611138077
6498.634056014
6500.8069982203
6503.2646410386
6505.7222838569
6508.1799266751
6510.6375694934
6512.8760772119
6515.1145849304
6517.3530926489
6519.5916003674
6521.4080163313
6523.2244322952
6525.0408482591
6526.857264223
6528.5458699669
6530.2344757108
6531.9230814547
6533.6116871986
6535.5775239806
6537.5433607626
6539.5091975446
6541.4750343266
6543.8542965589
6546.2335587911
6548.6128210233
6550.9920832555
6553.413282674
6555.8344820924
6558.2556815109
6560.6768809293
6562.6827549139
6564.6886288985
6566.6945028832
6568.7003768678
6570.3862418626
6572.0721068574
6573.7579718521
6575.4438368469
6577.2241141002
6579.0043913534
6580.7846686066
6582.5649458599
6584.7568500353
6586.9487542107
6589.1406583861
6591.3325625615
6593.8232563125
6596.3139500635
6598.8046438145
6601.2953375655
6603.0879630185
6604.8805884714
6606.6732139244
6608.4658393773
6610.2584648303
6612.0510902832
6613.8437157362
6615.6363411892
6617.8092726707
6619.9822041523
6622.1551356339
6624.3280671155
6626.1738284202
6628.0195897249
6629.8653510296
6631.7111123343
6633.2102579852
6634.7094036361
6636.2085492869
6637.7076949378
6639.4534865022
6641.1992780667
6642.9450696311
6644.6908611955
6647.0032894547
6649.3157177139
6651.628145973
6653.9405742322
6656.5759763747
6659.2113785173
6661.8467806599
6664.4821828024
6666.1383751814
6667.7945675604
6669.4507599395
6671.1069523185
6672.7631446975
6674.4193370765
6676.0755294555
6677.7317218345
6679.9121588745
6682.0925959145
6684.2730329545
6686.4534699945
6689.0572409166
6691.6610118388
6694.264782761
6696.8685536832
6698.6142007145
6700.3598477459
6702.1054947773
6703.8511418087
6705.5967888401
6707.3424358714
6709.0880829028
6710.8337299342
6713.0185276576
6715.203325381
6717.3881231044
6719.5729208278
6722.0695124892
6724.5661041506
6727.062695812
6729.5592874734
6731.332125994
6733.1049645145
6734.8778030351
6736.6506415556
6738.4234800761
6740.1963185967
6741.9691571172
6743.7419956378
6745.9051535067
6748.0683113756
6750.2314692444
6752.3946271133
6754.8368531333
6757.2790791534
6759.7213051734
6762.1635311934
6764.3787254794
6766.5939197654
6768.8091140513
6771.0243083373
6772.8282366093
6774.6321648812
6776.4360931532
6778.2400214252
6779.9315104412
6781.6229994572
6783.3144884733
6785.0059774893
6786.9783684039
6788.9507593184
6790.9231502329
6792.8955411474
6795.2542679966
6797.6129948458
6799.971721695
6802.3304485442
6804.6956000043
6807.0607514643
6809.4259029244
6811.7910543844
6813.7639708705
6815.7368873567
6817.7098038428
6819.6827203289
6821.3812773067
6823.0798342844
6824.7783912621
6826.4769482399
6828.2925128019
6830.1080773639
6831.9236419259
6833.739206488
6835.939453765
6838.1397010421
6840.3399483191
6842.5401955962
6844.9631966949
6847.3861977936
6849.8091988922
6852.2321999909
6854.3956022961
6856.5590046013
6858.7224069065
6860.8858092117
6862.6708636497
6864.4559180876
6866.2409725255
6868.0260269635
6869.7458171371
6871.4656073107
6873.1853974843
6874.905187658
6876.9244914245
6878.9437951909
6880.9630989574
6882.9824027239
6885.3561607121
6887.7299187003
6890.1036766885
6892.4774346767
6894.8022751281
6897.1271155796
6899.451956031
6901.7767964825
6903.7108934887
6905.644990495
6907.5790875013
6909.5131845076
6911.2157510252
6912.9183175428
6914.6208840604
6916.323450578
6918.1799399402
6920.0364293025
6921.8929186648
6923.749408027
6925.9877040025
6928.225999978
6930.4642959535
6932.702591929
6935.1131432542
6937.5236945794
6939.9342459047
6942.3447972299
6944.4637509793
6946.5827047287
6948.7016584781
6950.8206122275
6952.5862716137
6954.3519309999
6956.117590386
6957.8832497722
6959.6258562836
6961.368462795
6963.1110693064
6964.8536758178
6966.9162647374
6968.978853657
6971.0414425766
6973.1040314962
6975.4962336735
6977.8884358508
6980.280638028
6982.6728402053
6984.9664965536
6987.2601529018
6989.5538092501
6991.8474655984
6993.7463880216
6995.6453104449
6997.5442328681
6999.4431552913
7001.1451152452
7002.847075199
7004.5490351529
7006.2509951067
7008.1417710974
7010.0325470881
7011.9233230788
7013.8140990695
7016.0893853157
7018.364671562
7020.6399578083
7022.9152440545
7025.3204432507
7027.7256424468
7030.130841643
7032.5360408391
7034.6175256467
7036.6990104543
7038.7804952619
7040.8619800695
7042.6069506664
7044.3519212632
7046.09689186
7047.8418624568
7049.6006520622
7051.3594416676
7053.1182312731
7054.8770208785
7056.9782643757
7059.079507873
7061.1807513702
7063.2819948674
7065.6954090399
7068.1088232123
7070.5222373847
7072.9356515572
7075.205595496
7077.4755394349
7079.7454833737
7082.0154273125
7083.8819068751
7085.7483864377
7087.6148660002
7089.4813455628
7091.1784224177
7092.8754992725
7094.5725761274
7096.2696529823
7098.1885427828
7100.1074325832
7102.0263223837
7103.9452121841
7106.2561066034
7108.5670010226
7110.8778954419
7113.1887898611
7115.5939072475
7117.9990246339
7120.4041420202
7122.8092594066
7124.8585830704
7126.9079067342
7128.957230398
7131.0065540618
7132.7299518682
7134.4533496746
7136.176747481
7137.9001452873
7139.669746663
7141.4393480387
7143.2089494144
7144.9785507901
7147.1141605566
7149.249770323
7151.3853800895
7153.520989856
7155.9571137255
7158.393237595
7160.8293614645
7163.265485334
7165.5171748069
7167.7688642798
7170.0205537527
7172.2722432256
7174.1087847263
7175.945326227
7177.7818677277
7179.6184092283
7181.3076979849
7182.9969867415
7184.686275498
7186.3755642546
7188.3174108654
7190.2592574761
7192.2011040869
7194.1429506977
7196.4873907949
7198.8318308921
7201.1762709893
7203.5207110864
7205.9290814353
7208.3374517842
7210.7458221331
7213.154192482
7215.1757881267
7217.1973837714
7219.2189794161
7221.2405750608
7222.9426097941
7224.6446445273
7226.3466792605
7228.0487139937
7229.8251866164
7231.601659239
7233.3781318616
7235.1546044843
7235.57634607
7235.9980876557
7236.4198292415
7236.8415708272
7237.2633124129
7237.6850539986
7238.1067955844
7238.5285371701
7239.8030627368
7241.0775883035
7242.3521138702
7243.6266394369
7244.9624012511
7246.2981630654
7247.6339248796
7248.9696866939
7250.843830988
7252.7179752822
7254.5921195763
7256.4662638705
7258.8845163556
7261.3027688408
7263.721021326
7266.1392738111
7268.5701755458
7271.0010772804
7273.431979015
7275.8628807497
7277.8196429827
7279.7764052157
7281.7331674488
7283.6899296818
7285.3345760871
7286.9792224924
7288.6238688977
7290.2685153029
7292.0548361954
7293.8411570878
7295.6274779802
7297.4137988727
7299.6336088446
7301.8534188165
7304.0732287885
7306.2930387604
7308.7536275265
7311.2142162926
7313.6748050587
7316.1353938248
7318.3099357721
7320.4844777194
7322.6590196667
7324.833561614
7326.6070847729
7328.3806079318
7330.1541310907
7331.9276542496
7333.6375504265
7335.3474466034
7337.0573427803
7338.7672389573
7340.7982772497
7342.829315542
7344.8603538344
7346.8913921268
7349.3047075126
7351.7180228985
7354.1313382843
7356.5446536701
7358.9094576675
7361.274261665
7363.6390656624
7366.0038696598
7367.9461358096
7369.8884019594
7371.8306681091
7373.7729342589
7375.460745013
7377.1485557672
7378.8363665213
7380.5241772754
7382.3697459176
7384.2153145598
7386.0608832021
7387.9064518443
7390.1694753689
7392.4324988935
7394.695522418
7396.9585459426
7399.4406494973
7401.922753052
7404.4048566067
7406.8869601614
7409.056059042
7411.2251579226
7413.3942568032
7415.5633556838
7417.319745597
7419.0761355103
7420.8325254235
7422.5889153367
7424.2904667314
7425.9920181261
7427.6935695208
7429.3951209156
7431.4403542866
7433.4855876576
7435.5308210287
7437.5760543997
7440.0331714443
7442.490288489
7444.9474055336
7447.4045225782
7449.8056787271
7452.2068348759
7454.6079910247
7457.0091471736
7458.9405178743
7460.871888575
7462.8032592757
7464.7346299764
7466.3865764189
7468.0385228614
7469.690469304
7471.3424157465
7473.1648013265
7474.9871869066
7476.8095724866
7478.6319580666
7480.9113471282
7483.1907361898
7485.4701252514
7487.749514313
7490.285648731
7492.821783149
7495.3579175669
7497.8940519849
7499.6243739438
7501.3546959027
7503.0850178615
7504.8153398204
7506.5456617793
7508.2759837382
7510.006305697
7511.7366276559
7513.9208659791
7516.1051043023
7518.2893426254
7520.4735809486
7523.0368001402
7525.6000193319
7528.1632385236
7530.7264577152
7532.5160298276
7534.30560194
7536.0951740524
7537.8847461648
7539.6743182772
7541.4638903896
7543.253462502
7545.0430346144
7547.235213421
7549.4273922277
7551.6195710343
7553.811749841
7556.3054371401
7558.7991244392
7561.2928117382
7563.7864990373
7565.588749871
7567.3910007046
7569.1932515383
7570.995502372
7572.7977532056
7574.6000040393
7576.4022548729
7578.2045057066
7580.3819887474
7582.5594717882
7584.7369548289
7586.9144378697
7589.3762871104
7591.8381363511
7594.2999855917
7596.7618348324
7599.0073661341
7601.2528974359
7603.4984287376
7605.7439600394
7607.565191078
7609.3864221167
7611.2076531553
7613.028884194
7614.7175072334
7616.4061302729
7618.0947533124
7619.7833763518
7621.7475612816
7623.7117462115
7625.6759311413
7627.6401160711
7630.025495054
7632.4108740368
7634.7962530197
7637.1816320025
7639.6204450177
7642.0592580329
7644.4980710481
7646.9368840633
7648.9535767938
7650.9702695243
7652.9869622548
7655.0036549853
7656.6857248718
7658.3677947584
7660.049864645
7661.7319345315
7663.5006176048
7665.269300678
7667.0379837513
7668.8066668245
7670.994369748
7673.1820726714
7675.3697755948
7677.5574785182
7680.0676117609
7682.5777450036
7685.0878782463
7687.598011489
7689.3941842241
7691.1903569592
7692.9865296943
7694.7827024294
7696.5788751645
7698.3750478997
7700.1712206348
7701.9673933699
7704.1465089418
7706.3256245138
7708.5047400858
7710.6838556577
7713.1497310278
7715.6156063978
7718.0814817678
7720.5473571378
7722.7902007071
7725.0330442765
7727.2758878458
7729.5187314151
7731.3334026724
7733.1480739297
7734.9627451869
7736.7774164442
7738.4621128369
7740.1468092295
7741.8315056222
7743.5162020149
7745.4816995332
7747.4471970515
7749.4126945699
7751.3781920882
7753.7657676462
7756.1533432042
7758.5409187622
7760.9284943202
7763.3626960229
7765.7968977255
7768.2310994282
7770.6653011309
7772.6747979313
7774.6842947316
7776.693791532
7778.7032883324
7780.3829061579
7782.0625239834
7783.742141809
7785.4217596345
7787.1939741117
7788.9661885889
7790.738403066
7792.5106175432
7794.7026915206
7796.894765498
7799.0868394754
7801.2789134528
7803.7845439261
7806.2901743994
7808.7958048728
7811.3014353461
7813.0928149366
7814.8841945271
7816.6755741176
7818.4669537081
7820.2583332986
7822.0497128892
7823.8410924797
7825.6324720702
7827.8095273
7829.9865825298
7832.1636377595
7834.3406929893
7836.8073079766
7839.2739229638
7841.7405379511
7844.2071529383
7846.4504283535
7848.6937037686
7850.9369791837
7853.1802545988
7854.9937291835
7856.8072037682
7858.6206783529
7860.4341529376
7862.1170151176
7863.7998772976
7865.4827394775
7867.1656016575
7869.1296736522
7871.0937456468
7873.0578176415
7875.0218896362
7877.407971764
7879.7940538918
7882.1801360196
7884.5662181474
7886.9982098489
7889.4302015504
7891.8621932519
7894.2941849534
7896.3023906675
7898.3105963816
7900.3188020958
7902.3270078099
7904.0068816363
7905.6867554627
7907.3666292891
7909.0465031155
7910.8196620467
7912.592820978
7914.3659799092
7916.1391388404
7918.3309226076
7920.5227063748
7922.714490142
7924.9062739092
7927.4081291188
7929.9099843285
7932.4118395382
7934.9136947479
7936.7048020961
7938.4959094444
7940.2870167927
7942.0781241409
7943.8692314892
7945.6603388375
7947.4514461858
7949.242553534
7951.4182250298
7953.5938965256
7955.7695680214
7957.9452395172
7960.4091094063
7962.8729792954
7965.3368491845
7967.8007190735
7970.0422008838
7972.2836826941
7974.5251645043
7976.7666463146
7978.5806245673
7980.3946028201
7982.2085810728
7984.0225593256
7985.7069631236
7987.3913669216
7989.0757707197
7990.7601745177
7992.7248402532
7994.6895059888
7996.6541717243
7998.6188374598
8001.0027408133
8003.3866441667
8005.7705475202
8008.1544508736
8010.5824466361
8013.0104423986
8015.4384381611
8017.8664339236
8019.8733159032
8021.8801978828
8023.8870798624
8025.893961842
8027.5756309668
8029.2573000915
8030.9389692163
8032.620638341
8034.3964211089
8036.1722038768
8037.9479866446
8039.7237694125
8041.9158803178
8044.1079912232
8046.3001021285
8048.4922130338
8050.9899142365
8053.4876154392
8055.9853166419
8058.4830178447
8060.2742886958
8062.0655595469
8063.856830398
8065.6481012492
8067.4393721003
8069.2306429514
8071.0219138026
8072.8131846537
8074.9876973653
8077.1622100769
8079.3367227884
8081.5112355
8083.9729165545
8086.4345976089
8088.8962786633
8091.3579597178
8093.5984391161
8095.8389185144
8098.0793979127
8100.3198773109
8102.1346681884
8103.9494590659
8105.7642499433
8107.5790408208
8109.2648181911
8110.9505955615
8112.6363729319
8114.3221503022
8116.2870706672
8118.2519910322
8120.2169113972
8122.1818317622
8124.5638759062
8126.9459200501
8129.327964194
8131.710008338
8134.1354240601
8136.5608397821
8138.9862555042
8141.4116712263
8143.4181848181
8145.42469841
8147.4312120018
8149.4377255937
8151.1209220289
8152.8041184641
8154.4873148993
8156.1705113345
8157.9479566338
8159.725401933
8161.5028472323
8163.2802925315
8165.4722104298
8167.6641283281
8169.8560462265
8172.0479641248
8174.5428144907
8177.0376648566
8179.5325152226
8182.0273655885
8183.8191909909
8185.6110163932
8187.4028417956
8189.194667198
8190.9864926003
8192.7783180027
8194.5701434051
8196.3619688074
8198.5357750616
8200.7095813158
8202.88338757
8205.0571938242
8207.5170451056
8209.976896387
8212.4367476684
8214.8965989498
8217.1361680763
8219.3757372028
8221.6153063292
8223.8548754557
8225.6703762684
8227.485877081
8229.3013778936
8231.1168787063
8232.8039259046
8234.4909731029
8236.1780203012
8237.8650674995
8239.8304041375
8241.7957407756
8243.7610774137
8245.7264140518
8248.107120899
8250.4878277462
8252.8685345933
8255.2492414405
8257.6726655735
8260.0960897064
8262.5195138394
8264.9429379723
8266.9491577448
8268.9553775173
8270.9615972898
8272.9678170622
8274.6522635575
8276.3367100528
8278.0211565481
8279.7056030434
8281.4843734229
8283.2631438024
8285.041914182
8286.8206845615
8289.0125782265
8291.2044718916
8293.3963655566
8295.5882592217
8298.081063776
8300.5738683303
8303.0666728847
8305.559477439
8307.3517054738
8309.1439335086
8310.9361615435
8312.7283895783
8314.5206176132
8316.312845648
8318.1050736828
8319.8973017177
8322.070675135
8324.2440485523
8326.4174219697
8328.590795387
8331.0494579945
8333.508120602
8335.9667832095
8338.425445817
8340.664437636
8342.9034294551
8345.1424212741
8347.3814130932
8349.1974005039
8351.0133879145
8352.8293753252
8354.6453627358
8356.3332483841
8358.0211340323
8359.7090196805
8361.3969053287
8363.362514607
8365.3281238853
8367.2937331636
8369.2593424419
8371.6392701553
8374.0191978687
8376.3991255821
8378.7790532955
8381.2012543248
8383.6234553542
8386.0456563835
8388.4678574128
8390.473873697
8392.4798899813
8394.4859062655
8396.4919225497
8398.1771389975
8399.8623554453
8401.547571893
8403.2327883408
8405.0123865556
8406.7919847704
8408.5715829853
8410.3511812001
8412.5430852558
8414.7349893115
8416.9268933672
8419.1187974229
8421.6104313465
8424.10206527
8426.5936991935
8429.085333117
8430.8777636816
8432.6701942462
8434.4626248107
8436.2550553753
8438.0474859398
8439.8399165044
8441.6323470689
8443.4247776335
8445.5979091825
8447.7710407315
8449.9441722804
8452.1173038294
8454.5753884105
8457.0334729916
8459.4915575727
8461.9496421537
8464.1883459301
8466.4270497064
8468.6657534827
8470.9044572591
8472.7206733914
8474.5368895238
8476.3531056562
8478.1693217885
8479.8576154635
8481.5459091385
8483.2342028135
8484.9224964885
8486.8882439746
8488.8539914607
8490.8197389467
8492.7854864328
8495.1650402778
8497.5445941229
8499.9241479679
8502.303701813
8504.7253020846
8507.1469023562
8509.5685026278
8511.9901028993
8513.9960099254
8516.0019169515
8518.0078239775
8520.0137310036
8521.6993198292
8523.3849086548
8525.0704974804
8526.7560863061
8528.5360930604
8530.3160998147
8532.096106569
8533.8761133233
8536.0680298221
8538.259946321
8540.4518628198
8542.6437793187
8545.134852636
8547.6259259532
8550.1169992705
8552.6080725877
8554.4005881039
8556.1931036201
8557.9856191363
8559.7781346525
8561.5706501687
8563.3631656849
8565.1556812011
8566.9481967173
8569.1212138628
8571.2942310083
8573.4672481537
8575.6402652992
8578.0980906174
8580.5559159357
8583.0137412539
8585.4715665722
8587.7101434562
8589.9487203403
8592.1872972244
8594.4258741084
8596.2421931442
8598.05851218
8599.8748312158
8601.6911502516
8603.3796253882
8605.0681005247
8606.7565756613
8608.4450507979
8610.4108575181
8612.3766642383
8614.3424709585
8616.3082776787
8618.6876621989
8621.0670467191
8623.4464312393
8625.8258157595
8628.2471648436
8630.6685139277
8633.0898630117
8635.5112120958
8637.5170698666
8639.5229276373
8641.5287854081
8643.5346431789
8645.2203851779
8646.906127177
8648.5918691761
8650.2776111752
8652.0577891064
8653.8379670377
8655.6181449689
8657.3983229002
8659.5902467992
8661.7821706983
8663.9740945974
8666.1660184964
8668.6568581303
8671.1476977641
8673.638537398
8676.1293770318
8677.921926738
8679.7144764442
8681.5070261503
8683.2995758565
8685.0921255627
8686.8846752688
8688.677224975
8690.4697746812
8692.6427436687
8694.8157126562
8696.9886816436
8699.1616506311
8701.6193691854
8704.0770877396
8706.5348062939
8708.9925248481
8711.2310525467
8713.4695802452
8715.7081079437
8717.9466356422
8719.7630002564
8721.5793648706
8723.3957294848
8725.212094099
8726.9006439367
8728.5891937744
8730.277743612
8731.9662934497
8733.9321224859
8735.897951522
8737.8637805582
8739.8296095943
8742.2089235442
8744.588237494
8746.9675514438
8749.3468653937
8751.7681149216
8754.1893644495
8756.6106139774
8759.0318635053
8761.0377087803
8763.0435540552
8765.0493993301
8767.0552446051
8768.7410521703
8770.4268597355
8772.1126673007
8773.798474866
8775.5787203984
8777.3589659309
8779.1392114633
8780.9194569958
8783.111380498
8785.3033040003
8787.4952275025
8789.6871510048
8792.177897271
8794.6686435372
8797.1593898034
8799.6501360695
8801.4427090952
8803.2352821208
8805.0278551464
8806.820428172
8808.6130011976
8810.4055742232
8812.1981472488
8813.9907202744
8816.1636683826
8818.3366164908
8820.5095645991
8822.6825127073
8825.1401780157
8827.597843324
8830.0555086324
8832.5131739408
8834.7516840589
8836.9901941769
8839.228704295
8841.467214413
8843.2836105141
8845.1000066151
8846.9164027162
8848.7327988172
8850.4213871908
8852.1099755644
8853.798563938
8855.4871523117
8857.4529886619
8859.4188250122
8861.3846613625
8863.3504977127
8865.7297756912
8868.1090536698
8870.4883316483
8872.8676096268
8875.2888190965
8877.7100285661
8880.1312380358
8882.5524475055
8884.5583039917
8886.5641604779
8888.5700169642
8890.5758734504
8892.2617187371
8893.9475640238
8895.6334093106
8897.3192545973
8899.0995262666
8900.8797979359
8902.6600696052
8904.4403412745
8906.6322557681
8908.8241702616
8911.0160847552
8913.2079992487
8915.698705473
8918.1894116973
8920.6801179216
8923.1708241459
8924.9634255536
8926.7560269612
8928.5486283688
8930.3412297764
8932.133831184
8933.9264325917
8935.7190339993
8937.5116354069
8939.6845722714
8941.8575091359
8944.0304460004
8946.2033828649
8948.6610053625
8951.1186278601
8953.5762503577
8956.0338728553
8958.2723751438
8960.5108774322
8962.7493797207
8964.9878820091
8966.804312183
8968.620742357
8970.4371725309
8972.2536027049
8973.942223951
8975.630845197
8977.3194664431
8979.0080876892
8980.9739269873
8982.9397662855
8984.9056055837
8986.8714448819
8989.2506940008
8991.6299431197
8994.0091922386
8996.3884413575
8998.8096284911
9001.2308156247
9003.6520027583
9006.0731898919
9008.07907174
9010.0849535882
9012.0908354364
9014.0967172846
9015.7825970163
9017.468476748
9019.1543564797
9020.8402362114
9022.6205211143
9024.4008060173
9026.1810909202
9027.9613758232
9030.1532746478
9032.3451734725
9034.5370722971
9036.7289711218
9038.5875833541
9040.4461955865
9042.3048078189
9044.1634200512
9045.6627408006
9047.1620615501
9048.6613822995
9050.1607030489
9051.8950971265
9053.6294912042
9055.3638852818
9057.0982793595
9059.3978145918
9061.6973498241
9063.9968850564
9066.2964202887
9068.9344883753
9071.572556462
9074.2106245487
9076.8486926354
9078.5122896881
9080.1758867409
9081.8394837936
9083.5030808463
9085.1666778991
9086.8302749518
9088.4938720045
9090.1574690572
9092.3400892631
9094.5227094689
9096.7053296747
9098.8879498805
9101.4854649295
9104.0829799786
9106.6804950276
9109.2780100766
9111.0240959025
9112.7701817285
9114.5162675544
9116.2623533803
9118.0084392062
9119.7545250321
9121.500610858
9123.2466966839
9125.4302696634
9127.6138426429
9129.7974156225
9131.980988602
9134.475984732
9136.9709808621
9139.4659769921
9141.9609731222
9143.7351529267
9145.5093327313
9147.2835125359
9149.0576923405
9150.8318721451
9152.6060519496
9154.3802317542
9156.1544115588
9158.3172738061
9160.4801360534
9162.6429983007
9164.805860548
9167.2462694867
9169.6866784255
9172.1270873642
9174.567496303
9176.7817305948
9178.9959648866
9181.2101991785
9183.4244334703
9185.2291689323
9187.0339043943
9188.8386398562
9190.6433753182
9192.3362805277
9194.0291857371
9195.7220909466
9197.4149961561
9199.3879641737
9201.3609321913
9203.333900209
9205.3068682266
9207.6646412617
9210.0224142968
9212.380187332
9214.7379603671
9217.1017165882
9219.4654728093
9221.8292290304
9224.1929852515
9226.1658259788
9228.1386667061
9230.1115074334
9232.0843481607
9233.7839298682
9235.4835115757
9237.1830932832
9238.8826749907
9240.6992286777
9242.5157823647
9244.3323360517
9246.1488897386
9248.3490774376
9250.5492651365
9252.7494528354
9254.9496405344
9257.3714315361
9259.7932225378
9262.2150135395
9264.6368045412
9266.7994299512
9268.9620553611
9271.1246807711
9273.2873061811
9275.0727967365
9276.8582872919
9278.6437778473
9280.4292684026
9282.1500661508
9283.8708638989
9285.591661647
9287.3124593951
9289.3323084291
9291.3521574632
9293.3720064972
9295.3918555312
9297.7650133163
9300.1381711013
9302.5113288864
9304.8844866714
9307.2082550014
9309.5320233314
9311.8557916614
9314.1795599914
9316.1134660491
9318.0473721068
9319.9812781646
9321.9151842223
9323.6184562319
9325.3217282416
9327.0250002512
9328.7282722608
9330.5855893759
9332.442906491
9334.3002236061
9336.1575407211
9338.3959193682
9340.6342980153
9342.8726766623
9345.1110553094
9347.5206916144
9349.9303279194
9352.3399642244
9354.7496005294
9356.8678411744
9358.9860818195
9361.1043224645
9363.2225631096
9364.9884579274
9366.7543527453
9368.5202475632
9370.286142381
9372.0295631953
9373.7729840096
9375.5164048238
9377.2598256381
9379.3229765483
9381.3861274585
9383.4492783687
9385.5124292789
9387.9042248227
9390.2960203664
9392.6878159102
9395.0796114539
9397.372332031
9399.6650526081
9401.9577731852
9404.2504937623
9406.149138297
9408.0477828317
9409.9464273663
9411.845071901
9413.5475717524
9415.2500716037
9416.9525714551
9418.6550713064
9420.5466220852
9422.438172864
9424.3297236428
9426.2212744215
9428.4967520965
9430.7722297714
9433.0477074463
9435.3231851213
9437.7276103458
9440.1320355703
9442.5364607949
9444.9408860194
9447.0216541104
9449.1024222014
9451.1831902924
9453.2639583834
9455.0090406866
9456.7541229897
9458.4992052929
9460.2442875961
9462.0038078762
9463.7633281563
9465.5228484364
9467.2823687165
9469.3842248382
9471.4860809598
9473.5879370815
9475.6897932032
9478.1029174654
9480.5160417276
9482.9291659897
9485.3422902519
9487.6113375839
9489.880384916
9492.149432248
9494.4184795801
9496.2846028448
9498.1507261095
9500.0168493742
9501.8829726389
9503.5805001742
9505.2780277094
9506.9755552446
9508.6730827799
9510.592753553
9512.5124243261
9514.4320950991
9516.3517658722
9518.6629482169
9520.9741305617
9523.2853129064
9525.5964952511
9528.0009001116
9530.405304972
9532.8097098325
9535.214114693
9537.2626803513
9539.3112460097
9541.359811668
9543.4083773263
9545.1318004146
9546.8552235028
9548.5786465911
9550.3020696794
9552.0723760645
9553.8426824496
9555.6129888348
9557.3832952199
9559.5195891316
9561.6558830432
9563.7921769549
9565.9284708665
9568.3643810506
9570.8002912348
9573.2362014189
9575.672111603
9577.9228907962
9580.1736699894
9582.4244491826
9584.6752283757
9586.5113389777
9588.3474495796
9590.1835601815
9592.0196707835
9593.709362078
9595.3990533726
9597.0887446671
9598.7784359617
9600.7211017046
9602.6637674476
9604.6064331905
9606.5490989335
9608.8939168758
9611.2387348181
9613.5835527605
9615.9283707028
9618.3360462876
9620.7437218724
9623.1513974572
9625.5590730421
9627.5798500263
9629.6006270105
9631.6214039948
9633.642180979
9635.3441757498
9637.0461705206
9638.7481652914
9640.4501600622
9641.3662936541
9642.2824272461
9643.198560838
9644.1146944299
9644.648545876
9645.182397322
9645.716248768
9646.2501002141
9646.5306624832
9646.8112247524
9647.0917870215
9647.3723492907
9647.4955396443
9647.6187299979
9647.7419203516
9647.8651107052
9647.8988330289
9647.9325553526
9647.9662776763
9648
