16.9
16.899986067014
16.899972083052
16.899958048123
16.899943962232
16.899872768571
16.899800301822
16.899726562778
16.899651552225
16.899257454487
16.898831684583
16.898374336137
16.897885501865
16.897338774106
16.896757577086
16.896142012406
16.895492181222
16.894660747205
16.893779527492
16.892848696022
16.891868426544
16.890532915527
16.889116000584
16.887618047499
16.886039422199
16.883849382213
16.881522271552
16.879058905877
16.87646010087
16.872675788488
16.868640172428
16.864355343526
16.859823389718
16.852596167567
16.844828836504
16.836528296098
16.827701417503
16.817699128795
16.807112413656
16.795949546052
16.784218739286
16.771928155862
16.759085982623
16.745700338759
16.731779229972
16.718999040211
16.705810050802
16.692217800041
16.678227712009
16.665835952128
16.653155345984
16.640189373941
16.626941458573
16.613379829365
16.59954170891
16.585430526367
16.571049668567
16.554351839543
16.53731377662
16.519940422693
16.502236651241
16.482696822268
16.462781334625
16.442496300359
16.421847703672
16.401908441054
16.381651871624
16.361083080255
16.340207002259
16.321167238026
16.301886422467
16.282368144
16.262615890716
16.243201701092
16.223573136088
16.203733386087
16.183685572543
16.161807766019
16.139694942926
16.117350996413
16.094779736942
16.070132959433
16.04522989885
16.020075309963
15.994673815703
15.96933381012
15.943761704126
15.917961928688
15.891938745851
15.867669555173
15.843216291663
15.818582334952
15.793770927361
15.769906638868
15.745886298956
15.721712742156
15.697388708098
15.67190438733
15.646263038766
15.620467743776
15.594521490688
15.566490466287
15.538292500423
15.509931266297
15.48141030697
15.452283909569
15.423000189573
15.393562845397
15.363975399815
15.335807759902
15.307511665065
15.27909013231
15.25054601199
15.22341448542
15.196178212648
15.168839642067
15.141401101442
15.113550200208
15.085601927215
15.057558707014
15.029422861408
14.999420402269
14.969318800534
14.939120843808
14.90882919398
14.877355800149
14.845787783602
14.814128110237
14.782379573605
14.751503951422
14.720550056885
14.689520477249
14.658417613075
14.628973611495
14.599468565251
14.569904551086
14.54028349923
14.511001795882
14.481668443221
14.452285339439
14.422854268762
14.391995926991
14.361089140952
14.330135985583
14.299138414671
14.266567981113
14.233953174718
14.20129628135
14.168599424811
14.136080645558
14.103526771588
14.070939939716
14.038322091007
14.007328977998
13.976311527931
13.945271477196
13.914210390505
13.884158132469
13.854089279282
13.824005315732
13.793907598052
13.763010866964
13.73210270388
13.70118462852
13.670258041843
13.637631383271
13.604998603044
13.57236139427
13.539721301725
13.506525834461
13.473330785219
13.440137847555
13.406948521854
13.375041115934
13.34313999978
13.311246601127
13.279362154459
13.248972374427
13.218593159032
13.188225672807
13.157870932593
13.1274646999
13.097073509203
13.066698462596
13.036340541615
13.004462144488
12.972605046378
12.940770454208
12.908959440114
12.875965329391
12.842999164767
12.810062225464
12.777155610241
12.744911043605
12.712697982135
12.680517569981
12.648370744639
12.617918428062
12.58749822375
12.557111047261
12.526757643089
12.497112429633
12.467501147445
12.437924593852
12.408383437819
12.377797500927
12.347251264486
12.316745559728
12.286281093332
12.254255828015
12.222278066616
12.190348722938
12.158468549239
12.126463291814
12.09450951316
12.062608093191
12.030759704304
12.000445546156
11.970181072965
11.939967000764
11.909803849955
11.8809867978
11.852217586022
11.823496793515
11.794824855491
11.765809279228
11.736845035647
11.707932681254
11.679072652513
11.648623142367
11.618233307658
11.587903761542
11.557634975608
11.526465407591
11.495361791041
11.464324761836
11.43335476121
11.403391610179
11.373492580764
11.343658219553
11.31388885814
11.285840869276
11.257851709118
11.229921799343
11.202051394659
11.174640025746
11.147287214798
11.119993326291
11.092758601467
11.06427629066
11.03585973915
11.007509330989
10.979225325075
10.949477333009
10.919803970897
10.890205659258
10.860682646919
10.831365247802
10.80212326093
10.772957079759
10.743866876613
10.716493738573
10.689188843532
10.661952495265
10.634784801681
10.608820814275
10.5829203351
10.557083598005
10.531310700778
10.504940211166
10.478637340721
10.452402311549
10.426235230208
10.398408293537
10.37065908659
10.342987854529
10.315394696881
10.287127225808
10.258942644936
10.230841206213
10.202822952361
10.176089123253
10.149431877964
10.122851423659
10.096347744475
10.07156356303
10.046847201022
10.02219880316
9.9976183541062
9.9732659730898
9.94898089299
9.9247632283783
9.9006129788627
9.8750307260538
9.8495247827499
9.8240952653097
9.7987421668553
9.7720028782022
9.745349354349
9.7187817225623
9.6922999279545
9.666307904642
9.6403993196339
9.6145742919714
9.588832704069
9.5649454273835
9.5411306135852
9.5173883430747
9.4937185020045
9.4711012815001
9.4485506903397
9.4260667742424
9.4036494532597
9.3804001443466
9.3572229640332
9.3341179438393
9.3110850064704
9.2863290791623
9.2616570099848
9.2370688283344
9.2125644143553
9.1875919978573
9.1627072201658
9.137910116295
9.1132004943572
9.0900104464284
9.0668980153422
9.0438632284306
9.0209058817221
8.99963305349
8.97842715816
8.9572881969716
8.9362160207669
8.9151471604374
8.8941454544687
8.8732108836079
8.8523433239078
8.8298806357653
8.8074960387231
8.7851894971966
8.7629608553192
8.7394274838805
8.7159819538327
8.6926242261407
8.6693540666644
8.6468325100262
8.6243934984672
8.6020370072337
8.5797627561887
8.5594342087823
8.5391745761119
8.5189838280365
8.4988617439658
8.4796262306823
8.4604537928413
8.4413443824174
8.4222978381769
8.4022068453834
8.3821861386264
8.3622356474301
8.3423552003838
8.3207098426039
8.2991479341954
8.2776693831381
8.2562739435745
8.2346121817826
8.213036079874
8.1915455587138
8.1701402893831
8.1504482824305
8.130828831654
8.1112818792999
8.0918071277568
8.0739457426282
8.0561453946229
8.0384060189217
8.0207274123861
8.0028383084531
7.9850116952656
7.967247488216
7.9495455093347
7.9301172488405
7.9107642624467
7.8914864322839
7.8722835233192
7.8518702952207
7.8315421269837
7.8112988905887
7.7911402456736
7.7719639912976
7.7528646791317
7.7338422189972
7.7148962421262
7.6979383361364
7.6810420081294
7.6642071816424
7.6474335959166
7.6313701500418
7.6153630991105
7.5994123548773
7.5835177295751
7.5663988154193
7.5493452388968
7.5323568791341
7.5154335225837
7.4967351951784
7.4781165391778
7.4595773974114
7.4411174523949
7.4225898361781
7.4041423670561
7.3857749141117
7.3674870668876
7.3510556515518
7.3346888166538
7.3183864734712
7.3021482852762
7.287414048839
7.2727328573181
7.2581046222175
7.2435291307782
7.2285493164866
7.2136254038306
7.1987572812023
7.1839447551107
7.1673226262506
7.1507707500267
7.1342889667991
7.1178770024335
7.1003710204969
7.0829447972682
7.0655981625387
7.0483307110467
7.0322428032754
7.0162239549853
7.0002740566893
6.9843926930266
6.9704797313753
6.9566196075893
6.9428122331861
6.9290573443207
6.9158315752002
6.9026545006898
6.889526020934
6.8764459504151
6.8620121457236
6.8476374714279
6.8333217852767
6.8190648602563
6.8030691755384
6.7871477180186
6.7713002988613
6.755526559965
6.7398732086266
6.724292731539
6.7087849841715
6.6933495052285
6.679843569028
6.6663932283196
6.6529983925463
6.6396587165954
6.6276766883403
6.6157393373399
6.6038465729235
6.5919981951469
6.5795886406116
6.567227921129
6.5549159185792
6.542652443633
6.5285611953168
6.5145342139215
6.5005713215966
6.4866722278303
6.4718160185018
6.4570329750472
6.4423229142178
6.4276853891546
6.4143653595318
6.4011056825317
6.3879062556627
6.3747666404437
6.3635078696689
6.3522932130342
6.3411225865772
6.3299957421541
6.31922766106
6.308500714499
6.2978148051878
6.2871697629809
6.2751104177575
6.2631036653691
6.2511493583676
6.239247271559
6.2256947653264
6.2122101894275
6.198793344171
6.1854438493014
6.1723729467203
6.159366898001
6.1464255685137
6.1335484632839
6.1225882963602
6.1116748927294
6.1008081738773
6.0899878026411
6.0803532242975
6.0707555332824
6.0611946463789
6.0516703855192
6.0414828479181
6.0313373286817
6.021233713634
6.0111718265053
5.9993397193258
5.987565480669
5.9758489289256
5.9641897707995
5.9517210332256
5.9393181899097
5.9269810635314
5.9147091802629
5.9038111793825
5.8929648978292
5.882170253673
5.871426798674
5.8624132254208
5.85343585923
5.8444946271217
5.835589304043
5.8268999209079
5.8182448303169
5.8096239437644
5.8010371106139
5.7910556899456
5.781120402429
5.7712311047401
5.7613875816259
5.7500316998183
5.7387369397509
5.7275031049402
5.7163298059005
5.7055423784649
5.6948116478853
5.6841375031566
5.6735194268924
5.664716224365
5.6559517821546
5.6472260386327
5.6385386720795
5.6308564414574
5.6232043403655
5.6155822963244
5.6079901544291
5.5996981941781
5.5914419949806
5.5832214516854
5.5750364042163
5.5652127821965
5.5554404365664
5.5457191917501
5.5360487609532
5.5257126898763
5.5154349072567
5.5052152540621
5.49505324146
5.4862302206698
5.4774509078198
5.4687152466625
5.4600227875339
5.4528619475487
5.445730585478
5.4386286406421
5.4315559116049
5.4245954934171
5.4176634561011
5.4107597219828
5.4038841594366
5.3957105038942
5.3875767645342
5.3794828078659
5.3714284330468
5.3620377340568
5.3527010259748
5.3434181255983
5.3341886452902
5.3253900398891
5.3166402449901
5.3079391795622
5.2992863138051
5.2922709359031
5.2852874516239
5.2783358163487
5.2714157258957
5.2653277644569
5.2592643214631
5.2532253354243
5.2472106720074
5.2405222599449
5.2338640024144
5.2272358055695
5.2206375258799
5.2125894384977
5.2045859909664
5.1966270207631
5.1887122546534
5.1802599686227
5.1718583224035
5.1635071823614
5.1552060565781
5.148129391159
5.1410893239177
5.1340858242074
5.1271184468183
5.1214606988869
5.1158269179244
5.1102170547592
5.1046309286169
5.099093914023
5.0935802937648
5.0880900010916
5.0826229210356
5.0760106765595
5.0694324780076
5.0628882052219
5.0563776741905
5.0487264238872
5.0411219477837
5.0335640827663
5.0260524529513
5.0189603780364
5.0119097734773
5.0049005891287
4.9979322929136
4.9923776059757
4.9868491044016
4.9813467588924
4.9758702819647
4.9710712636801
4.9662922030239
4.96153304858
4.9567936827756
4.9514524342006
4.94613638678
4.9408454587361
4.9355795222451
4.9290822928041
4.9226232279582
4.916202182844
4.9098189028524
4.9030050902092
4.8962345272889
4.8895071086122
4.8828223504913
4.8771970101471
4.8716021255327
4.8660376890427
4.8605032641699
4.8560558363371
4.8516279290453
4.8472195033257
4.8428303950892
4.8384591746946
4.8341071787331
4.829774350676
4.8254605895553
4.8201818844653
4.8149318113865
4.8097102652634
4.8045170798566
4.7983793341057
4.7922813660238
4.786223036241
4.780203988291
4.7757262882444
4.7712704428183
4.7668363966504
4.7624239849106
4.7580330662411
4.7536636505723
4.7493156712627
4.7449889994814
4.7399757754617
4.7349912570011
4.7300353424504
4.7251078340877
4.7197649809103
4.7144556853625
4.7091798524182
4.7039371459897
4.6991532405518
4.6943971140555
4.6896687369969
4.6849677430815
4.6809981285704
4.67704818366
4.6731178744647
4.6692070025486
4.6654832688181
4.6617772367335
4.658088856425
4.6544180117788
4.6502568068332
4.6461182121207
4.6420021497205
4.6379084756287
4.6331806791298
4.6284828702308
4.6238149459113
4.6191766461763
4.6145811693649
4.6100149640238
4.6054779859738
4.6009698438887
4.5971582610888
4.5933674716363
4.5895974602138
4.5858479460632
4.5825740378591
4.5793158583921
4.576073370452
4.5728464452752
4.5694293613525
4.5660297940719
4.5626476874257
4.5592829313217
4.5552907310574
4.5513230487156
4.5473797942237
4.5434607833974
4.5391980319935
4.5349641263454
4.530758993656
4.526582291956
4.5228561291742
4.5191527972568
4.5154722945573
4.511814248647
4.5087937527771
4.505788707635
4.5027990909646
4.4998247252861
4.4969781350299
4.4941455834024
4.4913270301919
4.4885223783278
4.4852638056481
4.482024067425
4.4788030964003
4.475600764475
4.4718491532852
4.4681232475677
4.4644229598175
4.4607480368984
4.4571474045563
4.4535713197304
4.450019767968
4.4464923441176
4.4435843043225
4.4406928449832
4.4378179675152
4.4349594020894
4.4324864112571
4.4300257223484
4.427577306747
4.4251410548899
4.4225144573077
4.4199020561028
4.417303804774
4.4147196087493
4.4115922657245
4.4084855956886
4.4053995208729
4.4023338707607
4.39899327409
4.3956770951536
4.3923852844715
4.3891174967247
4.3862590675335
4.383419228472
4.3805980029362
4.3777950136657
4.3755231784137
4.3732634592681
4.3710158429351
4.3687801692476
4.3666295658596
4.3644900756302
4.3623616664165
4.3602442560242
4.3577338415831
4.3552389514376
4.3527595287221
4.3502954596146
4.3473768040385
4.3444798119561
4.3416044124806
4.3387503617687
4.3359803319039
4.3332306160654
4.3305012277181
4.327791751691
4.3256029538327
4.3234273345551
4.3212649086571
4.3191154160652
4.3172689770997
4.3154321692156
4.313604970665
4.3117872865397
4.3097990798697
4.3078223084539
4.305856934269
4.3039028753776
4.3015031498151
4.2991205745141
4.2967550845008
4.2944065232383
4.2918444077863
4.2893026066345
4.2867810929607
4.2842795230265
4.2821238648513
4.2799832301343
4.2778576633404
4.2757467853148
4.2740597539332
4.2723822389176
4.2707142340271
4.2690555924607
4.2674540789447
4.2658613515675
4.264277384931
4.2627021081277
4.2608071361716
4.258924798845
4.2570550492718
4.2551977864098
4.2529807234549
4.2507815747226
4.2486002861163
4.2464366258441
4.2443507038158
4.242281374107
4.2402286743915
4.2381921856976
4.2365708754006
4.234960025646
4.233359661906
4.2317695324815
4.230410997103
4.2290600155586
4.2277165717099
4.2263805813943
4.2249049174568
4.2234383951725
4.2219809840405
4.2205326123811
4.2187365224324
4.2169544157458
4.2151862400477
4.2134318527731
4.2115160817633
4.2096169205211
4.2077343627575
4.2058680717283
4.2045987580903
4.2033370742729
4.2020830106287
4.200836458571
4.1995973355247
4.19836568362
4.1971414793674
4.1959246622693
4.1943983650723
4.1928837573173
4.191380793807
4.1898893653978
4.1881572527241
4.1864408453702
4.184740118729
4.183054789367
4.1818809134424
4.1807146061512
4.179555857778
4.1784045597704
4.177260627516
4.1761241055553
4.17499497137
4.1738731576837
4.1725118358089
4.1711613665578
4.1698217113681
4.1684927561435
4.1670000496861
4.165520985256
4.1640555507474
4.1626034811403
4.1612888507858
4.1599928321695
4.1587730297732
4.1576962811875
4.1569340810011
4.1562836559794
4.1557437583521
4.1553128795661
4.1550310055184
4.1548264310263
4.1546984000152
4.1546461104611
4.1546780507314
4.1548067410637
4.1550311106891
4.1553500695019
4.1558935669738
4.1565876670931
4.1574302868235
4.1584192950371
4.159676081589
4.1611055880599
4.1627053083972
4.1644724318585
4.1657200629418
4.1670379006545
4.1684252794706
4.1698814536574
4.1714057105785
4.1729974562892
4.1746560469442
4.1763808173716
4.1787126183234
4.1811530881356
4.1837009063838
4.1863547191688
4.189641843218
4.1930745456326
4.1966508105852
4.2003684141811
4.2029922347817
4.2056807004708
4.2084332062393
4.2112490684275
4.2141276324301
4.2170683628828
4.2200706736128
4.2231339485999
4.2270075318344
4.2309724910939
4.2350277771169
4.2391722904063
4.243984074333
4.2489080904707
4.2539429379045
4.2590870108976
4.2637978756038
4.268594785126
4.2734768493422
4.2784428216559
4.2824855499039
4.2865812361187
4.2907294283958
4.294929535585
4.2989063189474
4.3029277899744
4.3069935759417
4.3111032656155
4.3160134657195
4.3209838029881
4.3260136873963
4.3311024935631
4.3373353581132
4.3436525751966
4.3500531705015
4.3565360612477
4.3631142560351
4.3697732387723
4.3765121444254
4.3833297967034
4.3890013174903
4.3947251893843
4.4005009687964
4.4063279809221
4.4113330931926
4.4163747934225
4.4214527946749
4.42656674774
4.4321010797572
4.437676229447
4.4432918464355
4.4489475485689
4.4559386413566
4.4629888881235
4.4700976737284
4.4772643234121
4.4852780579652
4.4933614104713
4.5015136213327
4.5097337252209
4.5170843578849
4.5244873843189
4.5319423444698
4.5394484814433
4.5456024123947
4.5517897647509
4.5580102825396
4.5642635982992
4.5702962205508
4.5763585846859
4.5824504573511
4.5885715689747
4.5958600796969
4.6031889111732
4.6105576875152
4.6179659938945
4.6268117572941
4.6357121071953
4.6446664579946
4.6536741076539
4.6625579032722
4.6714918891333
4.680475589193
4.6895082460808
4.6969892376641
4.7045029083502
4.7120490079146
4.7196271013885
4.7262645823823
4.7329260420932
4.7396112996402
4.7463201214436
4.7536803124363
4.7610682035375
4.7684835594959
4.7759261132393
4.785016993972
4.7941473699324
4.8033168373099
4.8125249278014
4.8225482375155
4.832615970274
4.8427276689705
4.8528826744415
4.8618131331036
4.8707761952827
4.8797715989069
4.8887988316523
4.896273148717
4.9037688074699
4.911285648174
4.9188234214458
4.9262528339092
4.9337021522177
4.9411712169684
4.9486598357409
4.9576002100821
4.9665678036045
4.975562354433
4.9845835605958
4.9951636593625
5.0057794340916
5.0164304990693
5.0271163484653
5.0374161540379
5.0477474136253
5.058109842674
5.0685028996065
5.0770743795647
5.0856662320089
5.0942783035462
5.1029102900889
5.1106056146208
5.118316450432
5.1260426751317
5.1337841219833
5.1424080754178
5.151050516699
5.1597112771365
5.1683901575221
5.1789273234874
5.189490537004
5.2000795131897
5.2106939006151
5.2220072262217
5.2333486444713
5.2447178602454
5.2561143807657
5.2659830664854
5.2758717457836
5.2857802597089
5.2957082333572
5.3039848744672
5.3122747732313
5.3205778236697
5.328893846794
5.3372530322968
5.3456250589407
5.3540098123682
5.3624071487642
5.3724916854208
5.3825939475965
5.3927137431682
5.4028508403617
5.4145916900984
5.42635512641
5.4381408806351
5.4499485626136
5.4611060382116
5.4722825886447
5.48347803623
5.4946919651903
5.5038860359692
5.5130922717344
5.5223105737581
5.5315407177737
5.5398882366012
5.5482452463439
5.5566116608306
5.5649873566247
5.5744624592262
5.5839491715653
5.593447368389
5.6029568959787
5.6144797823703
5.6260188609327
5.6375739224999
5.6491446910961
5.6612703804707
5.6734128284975
5.6855718380432
5.6977470185857
5.708132717544
5.7185299028414
5.7289384757083
5.7393581473418
5.7480781365918
5.7568057391105
5.7655408822136
5.7742834330464
5.7832269361814
5.7921780137297
5.8011365816611
5.8101025299944
5.8209535673565
5.8318151220529
5.8426870495496
5.8535691670818
5.8660644537402
5.8785727537857
5.8910938751781
5.903627504459
5.9152645479536
5.9269120598303
5.9385699287271
5.950237820401
5.959734773732
5.9692382152822
5.9787480802212
5.9882641973466
5.9969698547408
6.0056806178866
6.0143964249911
6.0231171828871
6.0331302023502
6.0431495603061
6.0531751624517
6.0632068883793
6.0753704606601
6.0875427211427
6.0997235137733
6.1119126166302
6.1245110031533
6.1371179395021
6.1497332937342
6.1623567448675
6.1729703944494
6.1835895989611
6.1942142978122
6.2048442607889
6.2137547009926
6.2226687404864
6.2315863287335
6.2405073650444
6.2497760499756
6.2590483330311
6.2683241520047
6.2776034219526
6.2889289784296
6.3002594638643
6.3115947688042
6.3229347475423
6.3358792966513
6.3488296376925
6.3617856330323
6.3747470249532
6.386596437998
6.3984501599502
6.4103081237
6.4221700522992
6.4265632250624
6.4309553225264
6.4353339383169
6.4396844313335
6.4439991045922
6.4482812029076
6.4525308232892
6.4567480646888
6.4634108693217
6.4699918420336
6.4764913526053
6.4829097882334
6.490755287464
6.4984774518577
6.5060769921858
6.5135546352781
6.5234188924713
6.5330657762114
6.5424970328796
6.5517144553666
6.5619234223183
6.5718615361356
6.5815313482093
6.590935590447
6.5972564427599
6.6034534983341
6.6095275980095
6.615479638918
6.6213105047703
6.6270210080545
6.6326119985282
6.6380843489368
6.6447315348573
6.6511978644965
6.6574849729921
6.663594537147
6.670344349483
6.6768679998526
6.6831678734742
6.6892464998606
6.6945764522692
6.6997277047466
6.7047019887045
6.7095012790301
6.7132748789564
6.7169349274182
6.7204823560316
6.7239182018071
6.7270316518777
6.7300490782035
6.7329712492437
6.7357989658658
6.7389773346456
6.7420295855768
6.744956924082
6.7477605854486
6.7509633381519
6.7539917920448
6.7568479842745
6.7595340361582
6.7620718286724
6.7644407939833
6.7666429315697
6.7686804775634
6.7702564786639
6.7717203697038
6.7730732747274
6.7743165092539
6.7752935229838
6.7761918854671
6.7770123054036
6.7777555480922
6.7784613880916
6.7790817797004
6.7796175641168
6.78006961025
6.7805084929002
6.7808257859794
6.7810229744755
6.7811015909403
6.7810509098744
6.7808556844783
6.7805179028754
6.7800397261893
6.7794928740832
6.7788359153761
6.7780701962333
6.7771973487397
6.7764119615782
6.7755577199775
6.7746353361634
6.7736456387641
6.7726511013395
6.7715979052749
6.7704866495886
6.7693179680214
6.7678686602418
6.7663414784925
6.7647373789993
6.7630573495947
6.7609274062458
6.7586896221656
6.7563456159046
6.7538971031064
6.7513346126581
6.7486698790998
6.7459044210254
6.7430400578372
6.7406219638171
6.7381393443197
6.7355929863391
6.7329839111735
6.7307359025859
6.7284443434382
6.7261097156688
6.7237325621379
6.7211396169112
6.7184990166244
6.7158113452762
6.7130772151673
6.7096193077772
6.7060917862882
6.7024957284028
6.6988322621809
6.6945991679382
6.6902823104695
6.6858831551894
6.6814033762577
6.6782090970568
6.6749762288555
6.6717052618351
6.6683967632653
6.6650512762668
6.6616692352369
6.6582511252987
6.6547974624049
6.650493041844
6.6461362411962
6.6417279350767
6.6372690470845
6.6320854249984
6.6268374480637
6.6215263488785
6.6161535532897
6.6122498639287
6.6083152907646
6.6043502742307
6.6003553355406
6.5963309718827
6.592277564808
6.5881955498346
6.5840853987156
6.5790830848013
6.5740410858883
6.5689601391142
6.5638410384179
6.5580162636511
6.5521447813451
6.5462275698876
6.5402658019838
6.5347970556015
6.5292928079731
6.5237537057781
6.5181807379238
6.5136354910878
6.5090687245735
6.5044807818595
6.4998721574106
6.4955746077863
6.4912598104131
6.4869280498277
6.4825796551666
6.4774964793991
6.4723915839986
6.4672654053325
6.4621184183509
6.4558424624751
6.4495372230156
6.4432034317067
6.436841928327
6.4303182915103
6.4237672177901
6.4171893799923
6.4105857875
6.4051119516236
6.3996213397541
6.3941142860719
6.3885914119467
6.3839715712669
6.3793411648783
6.3747004063819
6.3700495868635
6.3651422973077
6.3602243474426
6.3552959877347
6.3503575031658
6.3442311800353
6.3380901891084
6.3319349829813
6.3257660719918
6.318673404253
6.3115639235832
6.3044382360802
6.2972971702967
6.2921894787977
6.2870744563626
6.2819523133165
6.2768233483639
6.2716878360594
6.2665459297839
6.2613978423326
6.2562438259231
6.2499738045119
6.2436957152361
6.23740992065
6.2311168467453
6.2239773503202
6.2168294523218
6.2096736135997
6.2025105112218
6.1959923273734
6.1894688059857
6.1829402094654
6.1764071781703
6.1711295222301
6.1658492929597
6.1605666354287
6.1552818578037
6.1503804604983
6.1454775030544
6.1405731169245
6.1356674811891
6.129936851244
6.124204907532
6.1184718543347
6.1127379383982
6.1057577411383
6.0987769155024
6.0917957950522
6.0848148324353
6.077689550743
6.0705650724549
6.0634416595158
6.0563199371752
6.0504506176705
6.0445827457769
6.0387164315357
6.0328520899673
6.0279646762364
6.0230788036148
6.0181945615601
6.0133121211152
6.0081658304795
6.0030217603648
5.9978800217943
5.992740762995
5.9863763081599
5.9800160387243
5.9736601527557
5.9673089119642
5.9600373941031
5.9527724939591
5.945514446977
5.9382637272176
5.9330951507022
5.9279304979875
5.922769850334
5.917613382219
5.9124612441378
5.9073134618083
5.9021701239277
5.8970313611567
5.8907886600247
5.8845530143634
5.8783245727622
5.8721035521125
5.8650626206662
5.8580315958637
5.8510106397308
5.8440001425364
5.8376372872656
5.8312832813972
5.824938171382
5.818602396449
5.8134919374579
5.8083876398342
5.8032895403894
5.7981978449033
5.7934794919723
5.7887667400014
5.7840596379164
5.779358284585
5.7738748363244
5.7683993821489
5.7629319997121
5.7574728121078
5.7508468793062
5.7442333034924
5.7376321986423
5.7310438050561
5.7243411657333
5.717651924539
5.7109761196271
5.7043141637045
5.6988284121667
5.693352118152
5.687885272634
5.6824281770299
5.6778749848071
5.673328625695
5.6687891233473
5.6642565853491
5.6594792870186
5.6547098212131
5.6499482248367
5.6451945740521
5.6393246222918
5.6334669610101
5.6276216524365
5.6217888267212
5.6151409392301
5.6085094884195
5.601894513524
5.5952963014259
5.5905892262013
5.5858907481281
5.5812008809258
5.5765197344948
5.5718473948412
5.5671838208333
5.5625290365095
5.5578831095205
5.5522480658132
5.5466261914121
5.5410175233858
5.5354221699509
5.529099149918
5.5227932995282
5.5165046259467
5.5102333703842
5.5045453162664
5.4988716404836
5.4932122786633
5.4875675654643
5.4830139535471
5.478469864636
5.473935279884
5.4694103526684
5.4652187947091
5.4610355566475
5.4568606449722
5.4526941176336
5.4478424948895
5.4430023206904
5.4381736078092
5.4333564162547
5.4275227844158
5.42170617696
5.415906596435
5.4101241755401
5.4042511331734
5.3983958639392
5.3925582940825
5.3867387287945
5.381945191734
5.3771638367653
5.3723945953643
5.3676377115782
5.3636644768593
5.3596998539679
5.3557438332539
5.3517964904769
5.3476378827408
5.3434889473819
5.3393496837645
5.3352201317766
5.330132386988
5.325059465814
5.320001362445
5.3149581413958
5.3092259958869
5.3035131610872
5.2978195798948
5.2921454469876
5.2880918634348
5.2840482114588
5.2800144713736
5.2759907213185
5.2719770156024
5.2679732799899
5.2639795066491
5.2599957323844
5.2551712523109
5.2503615012004
5.2455664615109
5.240786188481
5.2353913731707
5.2300154253762
5.2246582770439
5.219320096755
5.2144793416546
5.2096541492451
5.2048444017996
5.2000503823503
5.1961806521623
5.1923211149595
5.1884717248956
5.1846326097953
5.1810762613835
5.1775287309838
5.1739900044628
5.1704601200749
5.1663555699436
5.1622630119061
5.1581824274898
5.1541138465179
5.1491957084578
5.1442951646185
5.139412164518
5.134546789808
5.1296105884994
5.1246925210372
5.1197924612075
5.114910662788
5.1108875482162
5.1068767553059
5.1028781877262
5.098892061803
5.095559392913
5.0922353850472
5.0889200127435
5.0856133367221
5.0821308657988
5.0786580545825
5.0751948846758
5.0717413789607
5.0674941670671
5.0632616096626
5.0590436691805
5.0548403797278
5.0500722728478
5.0453230381783
5.0405925745113
5.0358810341157
5.0325108321169
5.0291502892249
5.0257993703432
5.0224581390287
5.0191266350603
5.0158047689451
5.0124925182268
5.0091899056547
5.0051951871324
5.0012145974908
4.9972480944297
4.9932957092613
4.9888395579281
4.9844013607262
4.9799810159963
4.9755786595764
4.9715868348088
4.9676097236572
4.9636471849091
4.9596994779348
4.9565112822313
4.9533326832438
4.950163623133
4.9470042182461
4.9440774599388
4.9411589721748
4.9382487316536
4.9353467679656
4.9319758772817
4.9286161692085
4.9252676115759
4.9219302210755
4.917901362033
4.9138887947339
4.9098924458744
4.9059123751585
4.9018773611067
4.8978590295366
4.8938572322508
4.889872200551
4.8865868290678
4.8833127489228
4.8800498522621
4.8767983431394
4.8740780597968
4.8713656979907
4.8686612255713
4.8659646969156
4.8631258010951
4.8602957106039
4.8574743996051
4.8546618839407
4.8512073754717
4.8477661507109
4.8443381590662
4.8409234222934
4.8370550599061
4.8332036936849
4.829369204894
4.8255517286663
4.8228186450523
4.8200942433328
4.8173784822772
4.8146714196291
4.8119730894115
4.8092833961199
4.8066023115446
4.8039298529536
4.8007001657622
4.7974830856541
4.7942785608111
4.7910866133924
4.787490555329
4.7839104419114
4.7803461589873
4.7767978299059
4.7735807876459
4.7703767618136
4.7671856028728
4.7640075608025
4.7614401421461
4.7588811956964
4.7563306593302
4.7537886450455
4.7514338122856
4.7490862692494
4.7467459893594
4.7444129991428
4.7417050265473
4.7390068784236
4.736318517851
4.7336399570242
4.7304094657209
4.7271932271269
4.7239911603541
4.7208033178047
4.7175733982572
4.7143580116706
4.7111570031005
4.7079705960501
4.7053432258574
4.7027256669567
4.7001178081877
4.6975198491677
4.6953454677573
4.6931779650707
4.6910173069423
4.6888635457736
4.6865966690222
4.6843374259446
4.6820857885261
4.6798417705968
4.6770879425344
4.6743455916551
4.6716146637823
4.6688951773608
4.6658173452954
4.6627541361744
4.659705426946
4.6566713482091
4.6544981883958
4.6523324878651
4.6501742039376
4.6480233929183
4.6458800874565
4.643744190739
4.6416156732755
4.6394945511223
4.6369326669286
4.6343815692283
4.6318412043044
4.6293115924775
4.6264631796844
4.6236283671471
4.6208070386762
4.617999315167
4.6154542312234
4.6129202169182
4.6103971218293
4.6078851938039
4.6058558140496
4.6038336283895
4.6018185742594
4.5998107628866
4.5979509904726
4.5960974039198
4.5942499763322
4.5924087339389
4.5902726016491
4.5881447909662
4.5860252646721
4.5839140347077
4.5813693195904
4.5788366446575
4.5763159289411
4.5738072246726
4.5712665524105
4.5687381185777
4.5662217688838
4.5637177262799
4.5616531219413
4.5595967611639
4.5575485334506
4.5555086379562
4.5538011714454
4.5520994827578
4.550403538027
4.5487133898224
4.5469348965989
4.5451628106788
4.5433971044714
4.5416377922422
4.5394800131727
4.5373318475122
4.5351932421167
4.5330642164724
4.5306561364984
4.5282602691608
4.5258764934581
4.5235049414876
4.5218061906307
4.5201136606028
4.5184273095539
4.5167471944464
4.5150733486591
4.513405676371
4.511744148976
4.5100887833649
4.5080902500436
4.5061006902858
4.5041200521325
4.5021483575539
4.4999290359087
4.4977210025554
4.4955241442452
4.493338584188
4.4913579771163
4.4893865327758
4.4874241033795
4.4854709381066
4.4838931876846
4.4823213841569
4.4807554663483
4.4791955464019
4.4777508876593
4.4763113421522
4.4748768840724
4.4734475406477
4.4717898563238
4.4701390439037
4.4684950679687
4.4668579421884
4.4648855181014
4.4629230180044
4.4609703643492
4.4590276124974
4.4570608415597
4.4551041306052
4.4531573294035
4.4512206637198
4.449624184265
4.4480344653877
4.446451399071
4.4448751858615
4.4435559681149
4.442241488606
4.440931714837
4.439626700523
4.4382537848198
4.4368861230836
4.4355236893419
4.434166499404
4.4325025744636
4.4308465220578
4.4291982921693
4.4275579072771
4.425703344758
4.4238587601224
4.4220240372665
4.4201993124615
4.4188924247017
4.4175906116302
4.4162938332424
4.4150021480819
4.4137155911846
4.4124340687467
4.4111575540036
4.4098860655782
4.4083514846705
4.4068242136649
4.4053042039581
4.4037914806858
4.4020893562874
4.4003964088296
4.398712530154
4.3970378478321
4.3955206671597
4.3940109143842
4.3925084458536
4.3910135135556
4.3898061968335
4.3886036951295
4.38740594943
4.3862130735048
4.3851085764313
4.3840082215181
4.3829119846342
4.3818198945444
4.3805537096559
4.3792930890776
4.3780380000576
4.3767884588055
4.3752835277376
4.3737866202306
4.372297663578
4.3708167175997
4.3693179907885
4.3678273755336
4.3663447270158
4.3648702751574
4.3636551618095
4.3624454859564
4.3612411427644
4.3600423349128
4.3590391973872
4.3580398719676
4.3570443279378
4.3560526205347
4.3550095626754
4.3539707337042
4.3529361097213
4.3519057084959
4.3506428377745
4.3493862978191
4.3481360425176
4.3468920980552
4.3454862714364
4.3440884514628
4.3426985279522
4.3413166423024
4.3403271570033
4.3393417371331
4.3383603448889
4.3373830407166
4.3364098616295
4.3354407161946
4.3344755798161
4.3335144731527
4.3323548484309
4.3312010757797
4.3300531104802
4.3289109813302
4.3276262930963
4.3263489369263
4.3250788104316
4.3238160461941
4.3226724342944
4.3215347382347
4.320402818943
4.3192769316784
4.318367925764
4.3174627501792
4.3165613482939
4.3156638357145
4.3148330302456
4.3140055235516
4.3131812933424
4.3123603700662
4.3114088500121
4.3104617610608
4.3095190733547
4.3085808058516
4.307451149747
4.306327874419
4.3052109123472
4.3041003281237
4.3029768256928
4.3018597548069
4.3007489763433
4.2996447246911
4.298735010007
4.2978295942133
4.2969283757831
4.2960315597018
4.2952813335214
4.2945341235018
4.2937899007807
4.293048722185
4.2922693732417
4.2914933735546
4.2907207013679
4.2899513764701
4.2890087824464
4.2880711989436
4.2871385838535
4.2862109671447
4.2851630290989
4.2841214137924
4.2830860170463
4.2820569854625
4.2813203841563
4.2805869874928
4.2798567598867
4.2791297637004
4.2784060379354
4.277685493535
4.2769681080751
4.2762539042508
4.2753924591764
4.2745356267994
4.2736833662647
4.2728357100088
4.2718826108752
4.2709352783707
4.2699936158008
4.2690577606971
4.2682105457683
4.2673679660494
4.2665298869503
4.2656965669573
4.2650240096443
4.2643544499439
4.2636878335486
4.2630242778607
4.2624102239287
4.2617987564587
4.2611898549486
4.2605835514788
4.2598810120061
4.2591819479068
4.2584863321203
4.2577941862546
4.2569611608158
4.2561331329868
4.2553100402312
4.2544919517169
4.2536646934693
4.2528424548088
4.2520251020493
4.2512128738488
4.2505440126526
4.2498784949037
4.2492162222123
4.2485574017673
4.248006462009
4.247457871286
4.2469116024912
4.2463677139567
4.2457959927939
4.2452268844673
4.2446603692444
4.2440964688151
4.2434058067977
4.2427190515637
4.2420361647673
4.2413571799236
4.2405904451764
4.2398286277633
4.2390716291196
4.2383196006999
4.2377814854449
4.237245857404
4.236712683057
4.2361820265479
4.2356539287249
4.23512830274
4.2346051281845
4.2340844296416
4.233456617096
4.2328323867668
4.2322117013721
4.2315945967093
4.230901035069
4.2302119403522
4.2295272211114
4.2288470194269
4.2285647444928
4.2283112346871
4.2280970099686
4.2279205530185
4.2277769096605
4.2276679992903
4.2275935849203
4.2275534268031
4.2275622142619
4.2276652529124
4.2278615049402
4.2281499162551
4.2286582018237
4.2293169567504
4.2301240809018
4.231077441496
4.2323356848278
4.2337772991089
4.2353995012813
4.2371992447147
4.2384700438202
4.2398148152338
4.2412328309793
4.2427232870665
4.2442854124104
4.2459185525416
4.2476220058553
4.2493950500421
4.251779645713
4.2542770665139
4.2568859013826
4.2596047065171
4.2629425819392
4.2664286528666
4.270060823892
4.2738367962347
4.2765105289423
4.2792504172177
4.2820558263126
4.2849260451939
4.2878603919918
4.2908583019925
4.2939191614627
4.2970423283768
4.300993003986
4.3050370760696
4.3091734458162
4.3134009673465
4.3183143711706
4.3233425919066
4.328484156185
4.3337373948735
4.3385535874406
4.3434578832176
4.3484493391686
4.3535266672389
4.3576612066662
4.3618499384401
4.3660923856092
4.3703879356575
4.3744516862858
4.3785610489667
4.3827156330792
4.3869150107235
4.3919273745665
4.3970009465623
4.4021351108533
4.4073292177512
4.4136870903576
4.4201306309609
4.4266588240705
4.4332705502533
4.4399810274767
4.4467735029637
4.453647070267
4.4606005241737
4.4663935202927
4.4722397518022
4.4781387509159
4.4840898269825
4.4892074086277
4.4943622490754
4.4995540471755
4.5047824412543
4.5104367899387
4.5161326143349
4.5218695483177
4.5276471948867
4.5347762255221
4.541965095971
4.5492131671054
4.5565197420322
4.5646765303192
4.572903444512
4.5811996969982
4.5895643023487
4.5970499379093
4.6045883775318
4.6121791391954
4.6198214574671
4.6261042509244
4.6324208815439
4.6387710807608
4.645154472667
4.6513212987361
4.6575182964749
4.6637452215414
4.6700017942147
4.6774383876011
4.6849157024797
4.6924333477765
4.6999908942786
4.7089868788158
4.718037596689
4.7271424436646
4.7363007023816
4.7453206490342
4.7543907306244
4.7635104540289
4.7726790577481
4.7802923586889
4.7879384395548
4.7956170382533
4.8033277170306
4.8101061937766
4.8169088787523
4.823735582669
4.8305860651328
4.8381024025561
4.8456466839355
4.8532186637159
4.8608180650136
4.8700689910169
4.8793594469476
4.8886890157077
4.898057216711
4.908216445678
4.9184197520548
4.9286666669016
4.9389565266578
4.9480102511994
4.9570963220856
4.9662144665682
4.9753641755428
4.9829751568326
4.9906074867974
4.9982609986435
5.0059354400242
5.0135235821774
5.021131742812
5.0287597552441
5.0364074203793
5.0455170426329
5.0546538820368
5.0638176669568
5.0730080859635
5.0837328211102
5.0944928273981
5.1052877101469
5.1161169571122
5.1265279443435
5.1369698257576
5.1474423088851
5.1579448573755
5.1666365585517
5.1753483822814
5.1840801686158
5.1928316158254
5.2006772375363
5.2085383344291
5.2164147788217
5.2243064001176
5.2331037550328
5.2419195559379
5.2507536270822
5.2596057624242
5.2703043494568
5.28102864885
5.2917783679645
5.3025531480028
5.3139753980515
5.325425034407
5.3369017569679
5.3484050751153
5.3583689309609
5.3683522559491
5.3783548852239
5.3883764516988
5.3967821518109
5.4052009002831
5.4136325869647
5.4220770325268
5.4306040637484
5.4391438295338
5.4476962105756
5.4562610585719
5.4665206679013
5.4767977342908
5.4870920591496
5.4974034041799
5.5092688831946
5.5211562735077
5.5330653023702
5.5449955774779
5.556227821627
5.5674783950825
5.5787471162399
5.5900335785187
5.5993247002481
5.6086275818368
5.6179421206927
5.627268097147
5.6357629708286
5.6442671335484
5.6527804957627
5.661302931952
5.6709562540745
5.6806209422725
5.6902968664144
5.6999838679632
5.7116587334405
5.7233492385486
5.7350551696601
5.7467762462159
5.758975810455
5.7711912929354
5.7834224949055
5.7956690310065
5.8061145879215
5.8165710192753
5.8270382227375
5.8375159192582
5.8463481482092
5.8551876687154
5.8640344056346
5.8728882271937
5.8819984404608
5.8911159712513
5.9002407321987
5.9093726103664
5.9203957897946
5.9314290404513
5.9424722135575
5.9535251217814
5.9661190495927
5.9787251941849
5.9913433622412
6.00397324034
6.0156442575739
6.0273249628975
6.0390152430007
6.0507147745863
6.0602795764854
6.0698504071529
6.0794271994296
6.0890097877556
6.0978518487242
6.1066987136342
6.1155503186096
6.1244065695817
6.1345949511813
6.1447892880341
6.1549894825394
6.1651954109525
6.1774967580572
6.1898061168368
6.2021233289476
6.2144481695862
6.2270830267207
6.2397255766406
6.2523756876424
6.2650330452226
6.2756681727115
6.2863082474163
6.2969532064505
6.3076028301261
6.3166030493297
6.3256064975314
6.3346131228264
6.3436228264386
6.3530505163558
6.3624814491616
6.3719155604899
6.3813527635757
6.3928429952597
6.404337593893
6.4158364473889
6.4273394068789
6.4403552014192
6.4533759560541
6.4664015336511
6.4794316775985
6.4912735308174
6.503118957212
6.5149678887684
6.5268200601152
6.5364349271242
6.5460518340381
6.5556707369666
6.5652915081306
6.5691201116823
6.5729490001541
6.5767781690651
6.5806076139198
6.5828361573976
6.5850647920347
6.5872935170081
6.5895223314999
6.5917519541604
6.5939812498992
6.5962069973554
6.5984253885885
6.6004671880342
6.6025016945624
6.6045289191562
6.6065488726463
6.613171951024
6.6197161155131
6.6261817091279
6.6325691127976
6.6390779774094
6.6455043478101
6.651848602353
6.6581111288229
6.6667811212736
6.6752912742871
6.6836426481737
6.6918363243766
6.7022179230706
6.7123390022724
6.7222018840012
6.7318089701711
6.7413036498496
6.7505394898549
6.7595188953848
6.7682445112766
6.7751210817975
6.781834334988
6.7883855375157
6.7947761344321
6.7999958997722
6.8051050903767
6.8101044648817
6.8149948263417
6.8201360321417
6.8251528560518
6.830046246635
6.8348171753144
6.840570665465
6.8461387193681
6.8515231389917
6.8567257713315
6.8623191811406
6.8676909254876
6.8728434563057
6.8777793828699
6.8819926089786
6.8860378639596
6.8899168187964
6.8936313811081
6.8965379330884
6.8993373465705
6.9020305274236
6.9046184740504
6.9069958559986
6.9092786210135
6.9114675639421
6.9135635093776
6.9159223229895
6.9181535934967
6.9202586162331
6.9222387168302
6.9244375092169
6.9264628109593
6.9283167584973
6.9300015814612
6.9315018167317
6.9328411311251
6.9340214865134
6.9350450958097
6.9357724567213
6.9363957376007
6.936916002525
6.9373344945118
6.9376151100329
6.9378211961933
6.9379534451061
6.9380125990352
6.9379949463507
6.9378929373292
6.9377074443305
6.937439366294
6.936999558346
6.9364386142491
6.9357580956335
6.9349596149781
6.9339429458439
6.9327863932918
6.9314919570631
6.9300618292755
6.9286928466385
6.9272216159255
6.9256494102014
6.9239777907068
6.9225544115429
6.9210675270637
6.9195178085033
6.9179060318559
6.9162999618587
6.9146378402181
6.9129202614824
6.9111478519775
6.9089561174407
6.9066877438643
6.9043437235653
6.9019250807507
6.8989119959039
6.8957936025167
6.8925715616174
6.8892476425209
6.8858738965276
6.8824042901011
6.8788402858509
6.8751836705022
6.8721653845389
6.8690884219665
6.8659535123208
6.8627616075214
6.8600038246971
6.8572058336153
6.8543680933253
6.8514911170744
6.8482995055021
6.8450620828548
6.8417794397811
6.8384521941819
6.8342310764031
6.8299422975384
6.8255869676082
6.8211662506343
6.8161361526038
6.8110268023343
6.805839648579
6.8005763728276
6.7969202780159
6.793229433128
6.7895042914935
6.7857453827616
6.7819532121619
6.7781281795184
6.7742707343769
6.7703813539698
6.7654556312317
6.7604811773569
6.7554588477921
6.7503895426624
6.7444150449552
6.7383790028507
6.7322826769224
6.7261275261702
6.7217669667131
6.7173783740553
6.7129621669877
6.7085188434894
6.7040488776701
6.6995526313072
6.6950305188259
6.6904829887235
6.6848942079164
6.6792688500589
6.6736076394825
6.6679113555787
6.6613986154815
6.654842535869
6.6482440920873
6.6416044614694
6.6355574519713
6.6294781105667
6.6233670623588
6.6172252976181
6.6122793630773
6.6073144040554
6.6023307430419
6.5973288556632
6.5926838747798
6.5880238296543
6.583348986574
6.5786596542626
6.5731348817525
6.5675909204377
6.5620281890682
6.5564471432027
6.549586437048
6.5426996100309
6.5357873820862
6.5288505809887
6.5217329416712
6.5145910440761
6.5074255459321
6.5002374591814
6.494334418437
6.4884169880437
6.4824854822874
6.4765405159596
6.4716128009074
6.4666762904429
6.4617311839725
6.4567777572488
6.4515432880163
6.4463000215834
6.4410481935928
6.4357880727047
6.429212869734
6.4226255639347
6.4160265912587
6.409416443662
6.4017725791755
6.3941150157852
6.3864443454529
6.3787613866073
6.3733286257944
6.3678902189997
6.3624463647257
6.3569973491659
6.3515434344321
6.3460847630719
6.3406215364527
6.3351539942782
6.3284689019915
6.3217780262209
6.3150817152492
6.3083803799931
6.3007569007369
6.293127842718
6.2854936497816
6.2778549861202
6.2709255391569
6.2639930497241
6.2570577620415
6.2501203105195
6.2445493180882
6.2389772239129
6.2334041624264
6.2278304325333
6.2226716723246
6.2175125838842
6.2123532902083
6.2071939608813
6.2011444860968
6.1950953318369
6.1890466914843
6.1829988000425
6.1756070825044
6.1682171053792
6.1608291872718
6.1534437658898
6.145902060982
6.1383635691841
6.1308285351806
6.1232975758238
6.1171170340439
6.1109395133003
6.1047651115489
6.0985942385407
6.0934733166895
6.0883549818932
6.083239316913
6.0781264856523
6.07273413446
6.0673451416027
6.0619596106754
6.0565776817728
6.0498891090163
6.0432064645186
6.0365299348085
6.0298597692674
6.0222021250188
6.0145533769342
6.0069137453292
5.9992836912156
5.9938724582014
5.988466231407
5.9830650856223
5.9776691885963
5.9722786841254
5.966893591908
5.9615139943909
5.9561400155231
5.94959706212
5.9430627286386
5.9365371537556
5.9300205441863
5.9226366263324
5.9152646036199
5.9079046242584
5.9005570668355
5.8938976028234
5.8872485621567
5.8806099794769
5.8739822878876
5.8686501420169
5.8633251244498
5.8580072661966
5.8526967679062
5.8477797543562
5.8428691463265
5.8379649883449
5.8330673744421
5.82734565866
5.8216330410128
5.8159295926655
5.8102354298939
5.8033127226563
5.796404014748
5.7895094094136
5.7826291364187
5.7756288235461
5.7686435782465
5.761673426614
5.7547187735194
5.7490026203556
5.7432969959708
5.7376018842501
5.7319175825705
5.7271832720051
5.7224565011272
5.717737289969
5.7130257423199
5.7080581136035
5.70309909572
5.6981487214484
5.6932070625417
5.687095715514
5.6809978669007
5.6749135716408
5.6688429523356
5.6619165836643
5.6550082317566
5.6481179252485
5.641245941664
5.6363547640895
5.6314729309819
5.6266004522494
5.6217374339322
5.6168839581761
5.6120399802263
5.6072055204393
5.6023806425948
5.5965226175793
5.59067885194
5.5848493764235
5.5790342928486
5.5724594461542
5.5659031584626
5.5593654278182
5.5528464874469
5.5469375076336
5.5410440099968
5.5351659228503
5.5293035764358
5.524580046509
5.5198667225549
5.5151635822658
5.5104707760027
5.5061255129928
5.5017891409814
5.4974616638677
5.4931431368433
5.4881108694135
5.4830908327786
5.478083035701
5.4730875340551
5.4670333353552
5.4609973200959
5.4549794838414
5.4489799524797
5.4428860617903
5.4368111233684
5.4307550557455
5.4247181585716
5.4197498332123
5.414794455688
5.4098519531302
5.404922566857
5.400808692614
5.3967039425211
5.3926083047232
5.3885218527553
5.3842161478144
5.3799206801522
5.3756354465966
5.3713604843925
5.3660900013445
5.3608352106341
5.3555961017847
5.350372734568
5.3444329058683
5.3385135151052
5.3326144982526
5.3267360437867
5.3225408813823
5.3183561957886
5.314181964916
5.3100182645389
5.3058651465901
5.301722534492
5.2975904180861
5.2934688317936
5.2884752426956
5.2834971735399
5.2785346026891
5.2735875813043
5.2680033335311
5.2624389569702
5.2568943776099
5.2513697587437
5.2463614272782
5.2413694628117
5.2363937429618
5.2314345476432
5.2274336539031
5.2234434593067
5.2194639157826
5.2154951492312
5.21181938281
5.2081528610864
5.2044955682546
5.2008475408517
5.1966042627638
5.1923735563085
5.188155400391
5.1839498221889
5.1788644146685
5.1737974513226
5.1687488770376
5.1637187690039
5.1586154080749
5.1535310452331
5.1484655492128
5.1434191699442
5.1392620480247
5.1351178173994
5.1309863789198
5.1268679469869
5.1234259471433
5.1199929958502
5.1165690661787
5.113154217422
5.1095576153715
5.1059711004141
5.1023946524607
5.0988282926793
5.094440994154
5.0900689997972
5.0857122689002
5.0813708324427
5.0764450208369
5.0715389164785
5.066652413489
5.0617856599553
5.0583061074366
5.0548366266118
5.051377180755
5.0479278318689
5.0444886181607
5.0410594485109
5.037640298883
5.0342311904462
5.0301068403196
5.0259972142042
5.0219022670044
5.017822027289
5.0132212822089
5.0086392437901
5.0040758063032
4.9995311019593
4.9954107926001
4.991305804253
4.9872159925485
4.9831416146289
4.9798519577474
4.9765722847351
4.9733025362104
4.9700428272137
4.9670234270615
4.9640126255267
4.9610103981417
4.9580167733394
4.9545389221049
4.9510726961446
4.9476180614596
4.9441750329302
4.9400180502801
4.9358780038543
4.9317548171139
4.9276485466805
4.9234856065548
4.919340004392
4.915211588488
4.9111005873949
4.9077119888072
4.904335118151
4.9009698656059
4.8976164338344
4.8948113708629
4.8920145296527
4.8892258770045
4.8864454663111
4.8835181989971
4.8806000678856
4.8776910459308
4.8747911477786
4.8712288480684
4.8676803311872
4.8641455442988
4.8606245069622
4.8566353820907
4.8526638912417
4.8487099123515
4.8447735775837
4.8419560313056
4.8391474865593
4.8363479009352
4.8335573310839
4.8307758099168
4.8280032407274
4.8252395941612
4.8224848863655
4.8191555130219
4.8158392059249
4.8125359112322
4.8092456491431
4.80553868999
4.8018482545703
4.7981742257871
4.7945167243717
4.7912009381338
4.7878986378134
4.7846096715951
4.7813342878023
4.7786885480489
4.7760515821834
4.7734233269462
4.7708038933921
4.7683774479495
4.76595854873
4.7635471682908
4.7611433323251
4.7583529581141
4.755572753021
4.7528026787735
4.7500427462484
4.7467139150658
4.7433998360271
4.740100425855
4.7368157347025
4.7334877201095
4.7301747463125
4.7268766557878
4.7235936699897
4.7208869054332
4.7181902925001
4.7155037185751
4.7128273822263
4.7105875802848
4.708354892626
4.706129284292
4.7039108069626
4.7015757940264
4.6992486743047
4.6969294188711
4.694618040671
4.6917813944427
4.6889566150809
4.6861436467205
4.6833425061768
4.6801721598208
4.6770169325916
4.6738766989379
4.670751587249
4.6685134697364
4.666283062073
4.6640603206831
4.6618453010606
4.6596380350252
4.6574384248355
4.6552464401307
4.6530620961279
4.6504237472754
4.647796544031
4.6451804311405
4.6425754274507
4.6396420720064
4.6367227691582
4.6338174004789
4.6309260848874
4.6283053296781
4.6256960116291
4.623097978583
4.6205114771241
4.6184219790811
4.616339912215
4.6142652130862
4.6121979922111
4.6102832333358
4.6083748622085
4.6064728512647
4.6045772261021
4.6023779381313
4.600187242452
4.5980051008041
4.5958315241244
4.5932115903148
4.590604087998
4.5880089343655
4.5854261799328
4.5828105382049
4.5802075327087
4.5776170071678
4.5750391829582
4.5729138434059
4.5707970147724
4.5686885854346
4.566588753738
4.5648311858227
4.5630795813392
4.5613339058016
4.5595942112274
4.5577635734017
4.5559395473272
4.5541221047014
4.552311259108
4.5500902214045
4.5478791033337
4.545677850435
4.543486480937
4.5410078583879
4.5385418376371
4.5360882957353
4.5336473630739
4.5318990152667
4.5301570855185
4.5284215312755
4.5266924088749
4.5249697510531
4.5232534612523
4.521543510183
4.5198399140846
4.5177831099198
4.5157355615764
4.5136972158895
4.5116680936821
4.5093841140065
4.5071117778435
4.5048509701874
4.5026018127087
4.5005636180736
4.4985348750233
4.4965154344059
4.4945055444144
4.4928820274135
4.4912646439631
4.4896533321943
4.4880482036989
4.4865616941049
4.4850804567848
4.4836044654007
4.4821337466875
4.4804280519927
4.4787294421696
4.4770378809752
4.4753533812909
4.4733238553124
4.4713045607555
4.4692954186162
4.4672964829098
4.465272846518
4.4632595825577
4.4612565392257
4.4592639410517
4.4576213988184
4.4559858273662
4.4543571177836
4.4527354699831
4.4513782528322
4.4500259200152
4.4486784385404
4.4473358616899
4.4459234236619
4.4445164004778
4.4431147655982
4.4417185342942
4.4400067229847
4.4383030248611
4.4366073888584
4.4349198364614
4.4330119413759
4.4311143296522
4.4292268836353
4.4273497382506
4.4260053536361
4.4246661987267
4.4233322329556
4.4220035143735
4.4206800775083
4.4193618279631
4.4180487384277
4.4167408270085
4.4151622658483
4.4135912361917
4.4120276884724
4.4104716469156
4.4087207712706
4.406979351262
4.4052472773271
4.4035246758179
4.4019641053189
4.4004111893492
4.3988657831634
4.3973281379714
4.3960863523841
4.3948495283284
4.3936176062344
4.3923906994368
4.391254700207
4.3901229679721
4.3889954781766
4.3878722591934
4.3865699703195
4.3852734127888
4.383982553189
4.3826974071016
4.3811495825555
4.3796100224716
4.378078652977
4.3765555328191
4.3750141326392
4.3734810887232
4.3719562549897
4.3704398603805
4.3691902031298
4.3679461480246
4.3667075895119
4.365474729769
4.3644431096958
4.3634154161894
4.3623916181367
4.3613717704304
4.3602991112382
4.3592308069223
4.3581668331276
4.3571072071931
4.3558085084329
4.3545163287328
4.3532306211389
4.3519514110419
4.3505057281021
4.3490682906148
4.3476389871507
4.3462179580357
4.3452004687964
4.3441871661992
4.3431780119887
4.3421730662182
4.341172365495
4.340175817907
4.3391833984194
4.3381951272777
4.3370027153826
4.3358163286389
4.334635921554
4.3334615221967
4.3321405298873
4.3308270871613
4.3295210905004
4.3282226715128
4.327046780464
4.3258769820719
4.324713136383
4.3235554980397
4.3226208702544
4.3216901870924
4.3207633914751
4.3198405986631
4.3189863949159
4.3181355872959
4.3172881531715
4.3164441226773
4.3154658120211
4.3144920626383
4.31352284414
4.3125581749805
4.3113967256151
4.3102418446124
4.3090934635138
4.307951646053
4.3067965505386
4.3056480769936
4.3045060852781
4.3033708090008
4.3024355457221
4.3015047094169
4.300578197979
4.2996562159954
4.2988849419034
4.298116772991
4.2973516800764
4.2965897197116
4.295788515712
4.2949907589011
4.2941964271567
4.2934055399227
4.2924365218944
4.2914726606372
4.2905139133657
4.2895603094124
4.2884830129955
4.2874122246491
4.2863478391909
4.2852900023667
4.2845327949669
4.283778886253
4.2830282402758
4.2822809190842
4.2815369613547
4.2807962776437
4.2800588451744
4.2793246863107
4.2784391648649
4.2775583902314
4.2766823209335
4.2758109888234
4.2748312644063
4.2738574750333
4.2728895231018
4.2719275453657
4.2710566872073
4.2701906010738
4.2693291516654
4.2684725969797
4.2677812933966
4.2670930758244
4.2664078895949
4.2657258518356
4.2650946955793
4.2644662010435
4.2638403474517
4.2632171666336
4.262495066313
4.2617765419231
4.2610615659771
4.26035015968
4.2594939497403
4.2586428822043
4.2577968937819
4.2569560529553
4.256105788474
4.2552606904484
4.2544206243749
4.2535858282916
4.2528983870381
4.2522143879605
4.2515337322029
4.2508566266389
4.2502903971468
4.2497265852729
4.2491651636536
4.2486061904019
4.2480186102994
4.2474337184359
4.246851494785
4.2462719607613
4.2455621476254
4.2448563537895
4.2441545403658
4.2434567403607
4.2426687584334
4.2418858363011
4.2411078745949
4.2403350240877
4.2397820168256
4.2392315690264
4.2386836468782
4.2381383142754
4.2375956118072
4.2370554523146
4.2365178151068
4.2359827245026
4.235350437907
4.2347058856357
4.2340416680118
4.2334240774446
4.2330082986155
4.2327010863083
4.2325012480984
4.2324072712711
4.2324078726428
4.2324768946187
4.2326136971163
4.2328176015357
4.2331387517907
4.2335490727353
4.2340476030792
4.2346333677104
4.2355419209556
4.236599751076
4.237804770527
4.2391548597896
4.2408676861983
4.2427634494584
4.2448393695412
4.2470923677855
4.2485975087805
4.2501708880097
4.2518118566734
4.2535196919827
4.2552937025321
4.2571333066284
4.2590378769393
4.2610067679739
4.2636958999372
4.2664940764277
4.269399947475
4.272412133407
4.2761464936638
4.2800284337654
4.2840558593267
4.2882264663908
4.2911016222344
4.2940396363676
4.2970399172184
4.300101798735
4.3032246430185
4.306407924522
4.3096510699639
4.3129534795329
4.3171692779759
4.3214759449649
4.3258724181938
4.3303575896111
4.3355900069873
4.3409354031776
4.3463923316091
4.3519591437381
4.3559779944515
4.3600510561816
4.3641778389001
4.368357775201
4.3725903237076
4.3768750570959
4.3812114973708
4.3855991350235
4.391021403567
4.3965183543475
4.4020891633441
4.4077329553685
4.4141914634092
4.4207408533417
4.4273800393813
4.4341077528491
4.4402855449993
4.4465345540872
4.4528540661199
4.4592430599752
4.4644965524065
4.4697952716391
4.4751388372068
4.4805267389326
4.4856186671901
4.4907489216219
4.4959171844346
4.5011230985187
4.5072406380723
4.5134084495537
4.5196260467648
4.5258929071842
4.5334512247262
4.5410785112034
4.5487739885506
4.556536776367
4.5643873914197
4.5723041916411
4.5802864830923
4.5883333013066
4.5950943230633
4.6018993867792
4.6087481206957
4.6156399481941
4.6216074942773
4.6276064552819
4.6336365823477
4.6396975662113
4.6462098592757
4.6527568171075
4.6593381389743
4.6659534919405
4.6740156514356
4.6821268312753
4.6902865208934
4.6984941511409
4.7075874997366
4.7167377347791
4.7259442380907
4.7352062059586
4.7435220597193
4.7518812410261
4.7602833667441
4.7687277949306
4.775726842981
4.7827542070182
4.7898096650968
4.7968928927439
4.8037431347345
4.8106187367004
4.8175194931927
4.8244451629593
4.8326084732677
4.8408055178146
4.8490359734005
4.8572994781015
4.8670552686093
4.8768557817624
4.8867005284783
4.8965889102723
4.9063152172833
4.9160824955051
4.9258903483355
4.9357381304011
4.9439607432226
4.952210496367
4.9604871741996
4.9687903965639
4.9761213369937
4.983472515573
4.990843771939
4.9982348955849
5.0063166359119
5.0144215945987
5.0225495639661
5.0307003049506
5.04055727576
5.0504466905382
5.0603682021002
5.0703214008556
5.0810755356183
5.0918656181419
5.1026912634459
5.1135519023549
5.1231272056228
5.1327290143844
5.1423571045448
5.1520110307028
5.160074792795
5.1681561942786
5.1762550941671
5.1843712693968
5.1923982198025
5.2004417123577
5.208501604359
5.2165777211624
5.2261575352824
5.2357596430039
5.2453838136482
5.2550297773856
5.2662441551432
5.2774871942418
5.2887585635736
5.3000578190729
5.3109173646935
5.3218019815744
5.3327114272769
5.3436452288286
5.3527154531949
5.3618020666144
5.3709049348688
5.3800237887627
5.388210194178
5.3964092191175
5.4046207539693
5.4128446474514
5.4219952234836
5.4311607609558
5.4403411088805
5.4495360866925
5.4606201078546
5.4717248375425
5.4828500260884
5.4939953598852
5.5057986038728
5.5176238104783
5.5294707267467
5.5413389178601
5.5516266122228
5.5619299021926
5.5722486503112
5.5825825260902
5.5912571630724
5.5999422376473
5.6086376556815
5.617343256403
5.6261279584513
5.6349228016842
5.6437276831411
5.6525424717783
5.6630864011112
5.6736441472052
5.6842155389761
5.6948003670362
5.7069740282734
5.7191649431001
5.7313728780211
5.7435974849632
5.7551102633983
5.7666374148812
5.7781787871381
5.7897340120377
5.7992455249573
5.8087662102689
5.8182959813486
5.8278346387176
5.8365151297434
5.8452028139481
5.8538976141155
5.8625994183334
5.8724468816995
5.8823030835742
5.8921679114634
5.9020412255957
5.9139425983671
5.9258559228135
5.9377810143811
5.9497176245071
5.9621528789192
5.9746002244306
5.9870594916792
5.9995303319911
6.0101652078071
6.0208082684957
6.0314594289478
6.0421184329513
6.0510881291945
6.0600632446439
6.0690437149313
6.0780294209418
6.0872613684081
6.0964986882859
6.1057413051036
6.1149891188977
6.1261564514973
6.137331108669
6.1485129615606
6.1597018446162
6.1724735443525
6.1852540450816
6.1980431798852
6.2108406669493
6.2226764486565
6.2345191131419
6.2463685660045
6.2582245091929
6.2678991679572
6.2775780220055
6.287261014889
6.296947994373
6.3058616867897
6.3147786452119
6.3236988146274
6.3326221110141
6.3428832525011
6.353148364303
6.3634173620644
6.3736901365989
6.3860975917295
6.3985102836976
6.4109280751837
6.4233507658037
6.4361170824614
6.4488882959331
6.4616642942338
6.4744447890266
6.4851760505237
6.4959103423129
6.5066476131721
6.5173876584404
6.5264320090721
6.5354782425983
6.5445263147039
6.5535761355811
6.5630235285046
6.5724727187621
6.5819236509475
6.5913762483408
6.5936212982053
6.5958660168601
6.5981071336175
6.6003407822854
6.6025649207212
6.6047803915402
6.6069872089182
6.6091853868418
6.6157760425872
6.6222882783142
6.6287224343289
6.6350788859733
6.6416577436144
6.6481520196343
6.6545621072375
6.6608884093397
6.6696240678772
6.6781966629494
6.6866072891647
6.6948570628849
6.7052660816819
6.715411497826
6.725295679371
6.7349210784357
6.7443385225704
6.7534992745698
6.7624057131307
6.7710604623758
6.7778460695274
6.7844713821637
6.7909376351587
6.7972462359675
6.8024276425222
6.8074993077929
6.812461983573
6.8173164639304
6.8224674574596
6.8274926705162
6.8323930693329
6.8371696429692
6.8429342956904
6.8485110747153
6.8539018208164
6.859108421577
6.8646668829204
6.8700038163002
6.8751216747997
6.8800230749217
6.8841766072836
6.8881646479196
6.8919888335875
6.8956510358046
6.8985192137838
6.9012816230923
6.9039391546308
6.9064927877333
6.908857324872
6.9111269165241
6.9133023631007
6.915384494035
6.9177375596869
6.9199614229172
6.9220574065957
6.924026864484
6.9262043886982
6.9282073131916
6.930037798165
6.9316981013896
6.9331621365414
6.9344667858449
6.9356139850912
6.9366059254333
6.9373060237585
6.9379037336917
6.9384000961938
6.9387963254774
6.9390602392966
6.9392500127519
6.9393663341302
6.939409939788
6.9393752419149
6.9392553131452
6.9390510409693
6.9387633393927
6.9382980213968
6.9377101940501
6.9370014482677
6.9361734279139
6.9351300550232
6.9339471163574
6.9326266069466
6.9311707217272
6.9297893115597
6.9283072891758
6.9267258991708
6.9250466713219
6.9236162715526
6.9221231945659
6.9205681007389
6.9189517503654
6.9173281369575
6.9156482536982
6.9139126998508
6.9121221056914
6.9098978796258
6.9075960169431
6.9052175313109
6.9027634689444
6.8997167232065
6.8965640453161
6.8933071136712
6.8899477204878
6.8865675922611
6.8830926725225
6.8795244001416
6.8758645438362
6.8728554541113
6.8697887502571
6.8666651447911
6.8634855647889
6.8607222426953
6.8579189487544
6.8550761394303
6.852194322973
6.8489705119812
6.845700390062
6.842384558894
6.8390236473686
6.8347574049956
6.8304227168491
6.8260207147101
6.8215525867609
6.8165049266584
6.8113782645798
6.8061740436607
6.8008939495747
6.7972488157359
6.7935694612382
6.7898563303054
6.7861099433734
6.7823307963469
6.7785192806224
6.7746758370858
6.7708009333622
6.7658653142396
6.7608811261581
6.7558492229552
6.750770501713
6.7447521004602
6.7386716947265
6.7325305634409
6.7263301847871
6.721966892829
6.7175757445539
6.7131571562288
6.708711622813
6.7042396154662
6.6997414939243
6.6952176701807
6.690668589764
6.6850623061519
6.6794194743614
6.6737408205278
6.6680271254678
6.6614859803836
6.654901428258
6.6482744501748
6.6416062313653
6.6367619200447
6.631896921793
6.6270115911397
6.622106366693
6.6171816627673
6.6122377750317
6.6072750554708
6.6022938937834
6.5962515855337
6.5901834712343
6.58409014472
6.5779722588082
6.5710266642902
6.5640512331603
6.5570467466391
6.5500141855509
6.5435759290287
6.5371154860318
6.5306333595867
6.5241304048811
6.5188414591291
6.5135394120844
6.5082245326478
6.5028972459444
6.4979471009453
6.4929867517275
6.4880164243087
6.4830363908998
6.4772318106239
6.4714147557438
6.4655855719906
6.4597446451542
6.4526359696468
6.4455110718746
6.4383705272456
6.4312150222038
6.4238845093606
6.4165394989025
6.4091805048557
6.4018083841929
6.3957029483745
6.3895891439782
6.3834672189397
6.3773377151972
6.3722198090683
6.3670969710587
6.3619693665222
6.3568372406299
6.3514362173682
6.3460305791914
6.3406205214007
6.3352062749798
6.3285038745164
6.3217957236076
6.3150821729423
6.3083636328366
6.3006492952783
6.2929293299398
6.2852041953394
6.27747457617
6.2719411159025
6.2664057446807
6.2608686222068
6.2553299984815
6.2497900994571
6.244249028136
6.2387069484092
6.2331640649568
6.2264386462632
6.2197125715073
6.2129861171895
6.2062596255365
6.1986483655194
6.1910377713683
6.1834281820537
6.1758201564605
6.1689021104011
6.1619858385592
6.1550715164591
6.1481596991004
6.1425695656286
6.1369812911407
6.1313949773994
6.1258108906916
6.1206289510797
6.1154491237013
6.110271507025
6.1050962483476
6.0990615491312
6.0930303540466
6.0870028161443
6.0809791324421
6.0736673699546
6.0663617778877
6.0590625992547
6.0517701992865
6.0443427835011
6.0369228663374
6.0295106172008
6.0221065708013
6.016000891293
6.009900990525
6.0038069300208
5.9977190758509
5.9926355859641
5.9875565421979
5.9824820071427
5.977412125886
5.9720679240623
5.9667290608696
5.9613956170487
5.9560677115994
5.949485389137
5.9429118151991
5.9363471314838
5.9297915454252
5.9223096727742
5.9148400484754
5.9073828252229
5.8999383978046
5.894624116524
5.8893165002553
5.8840156019963
5.8787215692496
5.8734345255467
5.8681544685116
5.8628814597009
5.8576156033858
5.8512258010989
5.844846765372
5.8384785976687
5.8321214689158
5.8249323823374
5.8177577165393
5.810597567901
5.8034522629408
5.7969671219591
5.7904943662963
5.7840339955196
5.777586403739
5.7723837134671
5.7671893918655
5.7620034520626
5.7568260775551
5.7520293803289
5.7472401088209
5.7424582938394
5.7376840168622
5.7321215722888
5.7265694954943
5.721027836262
5.715496690595
5.7087913810441
5.7021017434242
5.6954278435313
5.6887698749545
5.6820004389543
5.6752476450165
5.6685114828153
5.6617923177828
5.6562570649738
5.6507333738975
5.6452212096506
5.6397208485561
5.6351289915653
5.6305453841633
5.6259700354589
5.6214030392443
5.616591571892
5.6117894488841
5.6069966906814
5.6022133575821
5.5963138342986
5.5904287859116
5.5845582446292
5.5787023115846
5.5720359483833
5.565388683355
5.5587605129407
5.5521516827185
5.5474323470383
5.5427229158914
5.5380233881076
5.5333338594511
5.5286544018074
5.5239849591982
5.5193255413847
5.5146762022507
5.5090422401542
5.503423187167
5.497819055717
5.4922299301554
5.4859186921058
5.4796267126063
5.473353964661
5.4671006563766
5.4614288623941
5.4557730769564
5.45013321142
5.4445095765442
5.4399705607158
5.4354420912084
5.4309241367901
5.4264168390766
5.4222411317532
5.418074591392
5.4139172149624
5.4097690513631
5.4049423774497
5.4001282401142
5.3953266376066
5.3905376159333
5.3847436340867
5.3789681667724
5.3732111916581
5.3674728175177
5.3616475820573
5.3558415555728
5.3500546394956
5.344287114622
5.3395347467696
5.3347954932118
5.3300692721867
5.325356314495
5.3214174225872
5.3174877754787
5.3135673559351
5.3096562325355
5.3055363664497
5.3014268459486
5.2973276618241
5.2932388457741
5.2882057538929
5.2831884372906
5.2781868746729
5.2732011157426
5.2675396698415
5.2618986613065
5.2562780112412
5.2506778934421
5.2466743966414
5.2426813882811
5.2386988409988
5.234726825713
5.2307653895069
5.226814450463
5.2228739934073
5.2189440480983
5.2141874514634
5.209446304647
5.2047205775377
5.2000103132309
5.1946967429411
5.1894028908977
5.1841286717281
5.1788742372401
5.1741093124994
5.1693606075255
5.1646279922544
5.159911737615
5.1561037088156
5.1523062830553
5.1485194081325
5.1447432059266
5.1412450855267
5.137756118875
5.1342762869543
5.130805623417
5.126771861942
5.1227505139139
5.1187415534694
5.1147450033372
5.1099167219813
5.1051065951559
5.1003145598413
5.0955406856526
5.0906986649186
5.0858753046862
5.0810704663134
5.0762843913015
5.0723392851998
5.0684068388865
5.0644869493448
5.0605798262505
5.0573122273406
5.0540535171027
5.0508036662104
5.0475627317786
5.0441500412607
5.0407472466989
5.0373543253453
5.0339712959528
5.0298130369242
5.0256697524315
5.0215413971303
5.0174279977149
5.0127643677287
5.0081199697812
5.0034946918408
4.9988886757909
4.9955925430853
4.9923062459421
4.9890297454077
4.9857631014424
4.9825063502242
4.9792593983833
4.9760222197818
4.9727948336665
4.9688925990761
4.9650047016775
4.961131092914
4.9572717980961
4.9529219861679
4.9485903566979
4.9442767994673
4.9399814420449
4.9360867051066
4.9322068478369
4.9283417229646
4.9244915838087
4.9213816146544
4.9182813422714
4.9151907056728
4.9121098182496
4.9092557169236
4.9064099643649
4.903572534844
4.9007434556877
4.8974582510953
4.8941843174155
4.8909216188297
4.8876701685578
4.8837466184224
4.8798394587734
4.8759486101734
4.8720741264854
4.8681470288547
4.8642366883971
4.8603429508987
4.8564660416658
4.8532694488953
4.8500841885371
4.8469101495146
4.8437475325831
4.8411010840085
4.8384625820501
4.8358319926671
4.8332093684847
4.8304485645423
4.8276965854661
4.8249534032961
4.8222190318819
4.8188617267755
4.8155177149624
4.8121869420911
4.8088694263738
4.8051126314834
4.8013728168853
4.7976498586766
4.793943887057
4.7912899972347
4.7886447775459
4.7860081849101
4.7833802753632
4.7807610812174
4.7781505051037
4.775548517055
4.7729551326793
4.7698217805797
4.766700993497
4.7635927166512
4.7604969693732
4.7570100074699
4.7535389182685
4.7500835836005
4.7466441229338
4.7435259050391
4.7404206332705
4.7373281552696
4.7342487181673
4.731760779751
4.7292812632074
4.7268101049419
4.7243474155789
4.7220661012956
4.7197920294247
4.7175251722566
4.7152655552746
4.712643284559
4.7100307656761
4.7074279600208
4.7048348781957
4.7017082500967
4.698595753998
4.6954973062093
4.6924129564795
4.6892883910539
4.6861782209221
4.6830822884308
4.6800008143537
4.6774598997128
4.6749286975132
4.672407095156
4.6698952907515
4.6677928445185
4.6656972056371
4.6636083390917
4.6615262965028
4.6593350870076
4.6571514278184
4.6549752899735
4.6528066864237
4.6501460161698
4.6474966875196
4.644858644641
4.6422319044333
4.6392597471323
4.6363020251087
4.6333586130719
4.6304296394922
4.6283315851007
4.6262408913628
4.6241575148028
4.622081510995
4.620012911858
4.6179516197798
4.615897604521
4.6138508814342
4.6113792401023
4.6089182297943
4.6064677955478
4.6040279564993
4.6012810082052
4.5985474538346
4.5958271755363
4.5931202926013
4.590666782621
4.5882241666646
4.5857922931664
4.5833714088005
4.5814156011761
4.5794668703543
4.5775251531813
4.5755905603276
4.5737986774803
4.5720128776421
4.5702331334669
4.5684594707716
4.566402005048
4.564352718192
4.5623115723272
4.5602785787775
4.5578285500886
4.5553903468752
4.5529638870988
4.5505492219844
4.5481040944969
4.5456709781784
4.5432497177409
4.5408405351016
4.5388542131497
4.5368759772266
4.5349057163249
4.5329436290242
4.5313012833781
4.529664603852
4.5280335562767
4.5264081929418
4.5246979882521
4.5229940650106
4.5212963952956
4.5196049930699
4.5175308082443
4.5154660426852
4.5134106426888
4.5113646272283
4.5090508108698
4.5067489519244
4.5044589286711
4.5021808725186
4.5005491045387
4.498923424907
4.4973037915264
4.4956902611315
4.4940828668767
4.4924815127007
4.4908861697729
4.4892968547749
4.4873782700504
4.4854684609821
4.4835673752558
4.4816750345064
4.4795452608021
4.4774265200955
4.4753186986985
4.4732219193834
4.4713219248257
4.4694308801098
4.4675486371801
4.4656754448921
4.4641623752755
4.4626551120972
4.4611535940498
4.4596579331381
4.4582728613085
4.4568927810578
4.4555176664815
4.4541475447206
4.4525586904739
4.4509765424347
4.4494010650567
4.4478322718943
4.4459423916204
4.4440621912927
4.4421915931867
4.4403306525005
4.4384469046194
4.4365729631423
4.4347086777241
4.4328542739586
4.4313257161091
4.4298037447956
4.4282882519688
4.4267794380752
4.4255166841223
4.4242585456744
4.4230049902132
4.4217560714292
4.42044225523
4.4191335560845
4.4178299480064
4.4165314467971
4.4149396393913
4.413355496493
4.4117789680872
4.4102100766653
4.4084365578128
4.4066727477159
4.4049185303288
4.4031740419609
4.401924693722
4.4006802811996
4.3994407644225
4.3982062019605
4.3969766288808
4.3957519514262
4.3945321428747
4.3933172218904
4.3918510387433
4.3903919616578
4.3889399421278
4.3874950053825
4.3858693107314
4.3842525327454
4.3826445634475
4.3810455305571
4.3795970220915
4.3781557262468
4.3767214995468
4.375294594076
4.3741423065556
4.3729946928024
4.371851693902
4.3707134236923
4.3696595566614
4.3686097100823
4.3675638599052
4.3665220349703
4.3653142231511
4.3641118110803
4.3629147661441
4.3617231046871
4.360288021944
4.3588607224165
4.3574411336691
4.3560293157756
4.3546006961862
4.353179940337
4.3517669037373
4.3503618165551
4.3492039744724
4.3480514006871
4.3469039905723
4.3457619469338
4.3448063740683
4.3438544943905
4.3429062773021
4.3419617781405
4.3409684406936
4.3399792000661
4.3389940325
4.3380129559005
4.3368106451398
4.3356144657442
4.3344243718788
4.3332403899967
4.3319024749113
4.3305723103156
4.3292497864648
4.3279350451437
4.3269937185269
4.3260563255455
4.3251228285656
4.3241932881803
4.3232677415569
4.3223460974478
4.3214283314279
4.320514464317
4.319411927783
4.318315051676
4.3172237915907
4.3161381766226
4.3149171767509
4.3137032654553
4.3124963408249
4.311296535863
4.3102100587709
4.3091292970402
4.3080541119871
4.3069847591575
4.3061214801043
4.3052619002922
4.3044059632989
4.3035537848928
4.3027650052088
4.3019794116825
4.3011969821874
4.3004177473217
4.2995146190563
4.2986157701667
4.297721171056
4.2968308409316
4.2957590038361
4.2946933268412
4.2936337429023
4.2925803170543
4.2915147570347
4.2904554019827
4.289402113306
4.2883551258225
4.2874926816642
4.2866343822182
4.2857801262726
4.284930119037
4.2842191129403
4.283511014897
4.2828057962242
4.2821035139035
4.2813651212356
4.2806299580628
4.2798980028391
4.2791692755516
4.278276503708
4.2773885621568
4.2765054091858
4.2756270751417
4.2746349237532
4.2736488644547
4.2726687936681
4.2716948585272
4.2709977694938
4.2703037667528
4.2696128149449
4.2689249766296
4.268240291013
4.2675586692814
4.2668800892346
4.266204573778
4.26538986736
4.2645796024027
4.2637737384523
4.2629723083256
4.2620712853262
4.2611758120307
4.2602857923413
4.2594013643178
4.2586008046918
4.2578047021912
4.2570129226985
4.2562257250564
4.2555904647672
4.2549580859254
4.2543285344726
4.2537019280079
4.2531221198279
4.2525447985093
4.2519699437441
4.2513975877901
4.2507344432906
4.2500746402552
4.2494181519287
4.2487650002098
4.2479789906816
4.2471977844824
4.2464213196237
4.2456496657817
4.2448694631074
4.2440940810779
4.2433233866076
4.2425576188417
4.2419271001224
4.2412997897983
4.2406755898295
4.2400547076597
4.2395355501259
4.2390186470983
4.2385039716684
4.2379915823395
4.2374530216516
4.2369169692545
4.2363834056456
4.2358523527321
4.2352150983502
4.2345653638525
4.2338956206092
4.2332733189743
4.2328560673427
4.2325488794076
4.2323505404533
4.2322595023656
4.2322632659741
4.2323354377793
4.2324753780689
4.232682407031
4.2330047252763
4.2334150223831
4.2339123561574
4.2344957704974
4.2354004045998
4.2364526459093
4.2376504412476
4.2389917071589
4.2407044473486
4.2426005207763
4.2446771351751
4.2469312098468
4.2484425445256
4.250022732176
4.2516711152059
4.2533869620965
4.2551695727291
4.2570183572042
4.2589326799581
4.2609118868538
4.2636059162497
4.2664091811818
4.2693203283072
4.2723379737375
4.2760661150871
4.2799410915298
4.2839608249918
4.2881230272004
4.2909998732748
4.2939396002425
4.2969416162525
4.3000052547319
4.303129877318
4.3063149583458
4.3095599242473
4.312864174787
4.3170788446615
4.32138426755
4.3257793831621
4.3302630854226
4.3354932748004
4.3408362849155
4.3462906720503
4.3518547913626
4.3558772874405
4.3599540710457
4.3640846511046
4.3682684590913
4.3725049525091
4.3767937031386
4.3811342320151
4.3855260284886
4.3909485872327
4.3964457969446
4.4020168341522
4.4076608240241
4.4141155685475
4.4206610479388
4.4272961790225
4.4340196960829
4.4401954927712
4.4464424375853
4.4527598172333
4.4591466127634
4.4644029153378
4.4697044811681
4.4750509292437
4.4804417490646
4.4855384379215
4.4906735131723
4.4958466562931
4.5010575093091
4.5071775348448
4.5133478553831
4.5195679844095
4.5258373989374
4.5333935069325
4.5410185192044
4.5487116588128
4.5564720463894
4.5643187302795
4.5722315140828
4.5802097050658
4.5882523408234
4.5950135536934
4.6018188011677
4.608667711394
4.615559708335
4.6215312347595
4.6275342111544
4.6335683882407
4.6396334562917
4.6461497701812
4.6527007828638
4.6592861931747
4.6659056676372
4.6739682404216
4.6820798249409
4.6902399107865
4.6984479288151
4.7075373858213
4.7166836659595
4.7258861520854
4.7351440417023
4.743457373616
4.7518139978086
4.7602135314299
4.7686553336741
4.7756564223527
4.7826858383844
4.7897433596355
4.7968286616049
4.8036832567201
4.8105632391252
4.8174684030447
4.8243985068264
4.8325644729617
4.8407641878092
4.8489973279715
4.8572635312128
4.8670173983135
4.8768159602778
4.8866587285087
4.8965451049011
4.9062673918011
4.9160306079058
4.92583435715
4.9356779952247
4.943900115688
4.9521493686761
4.960425538532
4.9687282455151
4.976062493181
4.9834169939812
4.9907915873664
4.9981860626356
5.0062717289494
5.0143806319917
5.0225125638399
5.0306672851113
5.0405250403383
5.0504152382629
5.0603375317385
5.0702915110749
5.0810419979001
5.0918284012433
5.1026503366415
5.1135072355181
5.1230796397158
5.1326785290059
5.1423036794351
5.1519546463185
5.1600197212591
5.1681024387297
5.1762026576644
5.184320155051
5.192351096855
5.2003985947249
5.2084625057756
5.2165426551389
5.2261253908465
5.235730429893
5.2453575414533
5.2550064554551
5.2662192980021
5.2774607888531
5.2887305971572
5.3000282789777
5.3108837164724
5.3217642021095
5.332669493744
5.3435991190616
5.3526682449704
5.3617537535775
5.3708555106595
5.3799732473451
5.3881624444087
5.3963642678414
5.4045786079307
5.4128053133037
5.4219598684668
5.431129395787
5.4403137441128
5.4495127326572
5.4605979806936
5.4717039383073
5.482830355826
5.4939769195017
5.5057766686422
5.5175983636856
5.5294417519922
5.5413063990742
5.5515907817261
5.5618907475849
5.5722061592705
5.5825366868148
5.5912120525444
5.599897856177
5.6085940035395
5.6173003339356
5.6260888608348
5.6348875363136
5.6436962572934
5.652514892586
5.6630621195407
5.6736231696733
5.6841978717813
5.6947860162702
5.7069584785908
5.7191481881248
5.731354911539
5.7435783007698
5.7550867618162
5.7666095827891
5.7781466115998
5.7896974805787
5.7992073450417
5.808726377362
5.8182544909117
5.8277914864828
5.8364744269628
5.8451645636641
5.8538618193087
5.86256608194
5.8724177218653
5.8822781063517
5.8921471227821
5.9020246312155
5.9139276998563
5.9258427214566
5.937769511444
5.9497078210943
5.9621396093538
5.974583479783
5.9870392632417
5.9995066112443
6.0101377215623
6.0207770095795
6.0314243902286
6.0420796077133
6.0510495650934
6.0600249411452
6.0690056714775
6.0779916370576
6.0872273942644
6.0964685274551
6.1057149610737
6.1149665950553
6.1261376704308
6.1373160739157
6.1485016765585
6.1596943126204
6.1724650836161
6.1852446524887
6.198032852439
6.2108294015939
6.2226605659668
6.2344986063373
6.2463434284292
6.2581947345436
6.2678672483535
6.2775439547713
6.2872247973405
6.2969096240626
6.3058255505379
6.3147447440406
6.3236671495164
6.3325926829227
6.3428582807652
6.3531278515243
6.3634013107477
6.3736785491126
6.3860881615642
6.398503011325
6.4109229610551
6.4233478101994
6.4361106028891
6.4488782883226
6.4616507546871
6.4744277137468
6.4851547544154
6.4958848221454
6.5066178657299
6.5173536808606
6.5263979186388
6.5354440387408
6.5444919968353
6.5535417031964
6.5584135870353
6.5632859560591
6.5681588014804
6.5730321143257
6.5758721142922
6.578712268394
6.581552574962
6.5843930323326
6.5858858767284
6.5873787620796
6.5888716881475
6.590364654694
6.59102020488
6.5916757628041
6.5923313284462
6.5929869017863
6.5931663559836
6.5933458167393
6.5935252868149
6.5937047413548
