16.9
16.899986067014
16.899972083052
16.899958048123
16.899943962232
16.899872768571
16.899800301822
16.899726562778
16.899651552225
16.899257454487
16.898831684583
16.898374336137
16.897885501865
16.897338774106
16.896757577086
16.896142012406
16.895492181222
16.894660747205
16.893779527492
16.892848696022
16.891868426544
16.890532915527
16.889116000584
16.887618047499
16.886039422199
16.883849382213
16.881522271552
16.879058905877
16.87646010087
16.872675788488
16.868640172428
16.864355343526
16.859823389718
16.852596167567
16.844828836504
16.836528296098
16.827701417503
16.817699128795
16.807112413656
16.795949546052
16.784218739286
16.771928155862
16.759085982623
16.745700338759
16.731779229972
16.718999040211
16.705810050802
16.692217800041
16.678227712009
16.665835952128
16.653155345984
16.640189373941
16.626941458573
16.613379829365
16.59954170891
16.585430526367
16.571049668567
16.554351839543
16.53731377662
16.519940422693
16.502236651241
16.482696822268
16.462781334625
16.442496300359
16.421847703672
16.401908441054
16.381651871624
16.361083080255
16.340207002259
16.321167238026
16.301886422467
16.282368144
16.262615890716
16.243201701092
16.223573136088
16.203733386087
16.183685572543
16.161807766019
16.139694942926
16.117350996413
16.094779736942
16.070132959433
16.04522989885
16.020075309963
15.994673815703
15.96933381012
15.943761704126
15.917961928688
15.891938745851
15.867669555173
15.843216291663
15.818582334952
15.793770927361
15.769906638868
15.745886298956
15.721712742156
15.697388708098
15.67190438733
15.646263038766
15.620467743776
15.594521490688
15.566490466287
15.538292500423
15.509931266297
15.48141030697
15.452283909569
15.423000189573
15.393562845397
15.363975399815
15.335807759902
15.307511665065
15.27909013231
15.25054601199
15.22341448542
15.196178212648
15.168839642067
15.141401101442
15.113550200208
15.085601927215
15.057558707014
15.029422861408
14.999420402269
14.969318800534
14.939120843808
14.90882919398
14.877355800149
14.845787783602
14.814128110237
14.782379573605
14.751503951422
14.720550056885
14.689520477249
14.658417613075
14.628973611495
14.599468565251
14.569904551086
14.54028349923
14.511001795882
14.481668443221
14.452285339439
14.422854268762
14.391995926991
14.361089140952
14.330135985583
14.299138414671
14.266567981113
14.233953174718
14.20129628135
14.168599424811
14.136080645558
14.103526771588
14.070939939716
14.038322091007
14.007328977998
13.976311527931
13.945271477196
13.914210390505
13.884158132469
13.854089279282
13.824005315732
13.793907598052
13.763010866964
13.73210270388
13.70118462852
13.670258041843
13.637631383271
13.604998603044
13.57236139427
13.539721301725
13.506525834461
13.473330785219
13.440137847555
13.406948521854
13.375041115934
13.34313999978
13.311246601127
13.279362154459
13.248972374427
13.218593159032
13.188225672807
13.157870932593
13.1274646999
13.097073509203
13.066698462596
13.036340541615
13.004462144488
12.972605046378
12.940770454208
12.908959440114
12.875965329391
12.842999164767
12.810062225464
12.777155610241
12.744911043605
12.712697982135
12.680517569981
12.648370744639
12.617918428062
12.58749822375
12.557111047261
12.526757643089
12.497112429633
12.467501147445
12.437924593852
12.408383437819
12.377797500927
12.347251264486
12.316745559728
12.286281093332
12.254255828015
12.222278066616
12.190348722938
12.158468549239
12.126463291814
12.09450951316
12.062608093191
12.030759704304
12.000445546156
11.970181072965
11.939967000764
11.909803849955
11.8809867978
11.852217586022
11.823496793515
11.794824855491
11.765809279228
11.736845035647
11.707932681254
11.679072652513
11.648623142367
11.618233307658
11.587903761542
11.557634975608
11.526465407591
11.495361791041
11.464324761836
11.43335476121
11.403391610179
11.373492580764
11.343658219553
11.31388885814
11.285840869276
11.257851709118
11.229921799343
11.202051394659
11.174640025746
11.147287214798
11.119993326291
11.092758601467
11.06427629066
11.03585973915
11.007509330989
10.979225325075
10.949477333009
10.919803970897
10.890205659258
10.860682646919
10.831365247802
10.80212326093
10.772957079759
10.743866876613
10.716493738573
10.689188843532
10.661952495265
10.634784801681
10.608820814275
10.5829203351
10.557083598005
10.531310700778
10.504940211166
10.478637340721
10.452402311549
10.426235230208
10.398408293537
10.37065908659
10.342987854529
10.315394696881
10.287127225808
10.258942644936
10.230841206213
10.202822952361
10.176089123253
10.149431877964
10.122851423659
10.096347744475
10.07156356303
10.046847201022
10.02219880316
9.9976183541062
9.9732659730898
9.94898089299
9.9247632283783
9.9006129788627
9.8750307260538
9.8495247827499
9.8240952653097
9.7987421668553
9.7720028782022
9.745349354349
9.7187817225623
9.6922999279545
9.666307904642
9.6403993196339
9.6145742919714
9.588832704069
9.5649454273835
9.5411306135852
9.5173883430747
9.4937185020045
9.4711012815001
9.4485506903397
9.4260667742424
9.4036494532597
9.3804001443466
9.3572229640332
9.3341179438393
9.3110850064704
9.2863290791623
9.2616570099848
9.2370688283344
9.2125644143553
9.2016195784749
9.1906946007379
9.1798129706524
9.1690022652476
9.1582767323402
9.1476298294152
9.137061011084
9.1265697285431
9.1108221543811
9.0952495065106
9.0798500079514
9.0646218728704
9.0450956433455
9.0258518468498
9.0068868059931
8.9881968774254
8.9624666746355
8.9372599541758
8.9125673404197
8.8883796070263
8.8668724675159
8.8457666964353
8.8250559104029
8.8047337313175
8.7847938814958
8.7652305318386
8.7460378474701
8.7272098153662
8.7108604496697
8.694788025574
8.6789888452717
8.6634589385651
8.6505694484798
8.6378667647145
8.6253487884295
8.6130133190213
8.6009998637586
8.5891606988811
8.577493894562
8.5659974954392
8.5526287536776
8.5394923055894
8.5265851486948
8.5139042708396
8.4992144964313
8.4848316254012
8.4707510696962
8.4569681567154
8.4438654411215
8.4310352684205
8.4184738267686
8.4061769408089
8.3965166648391
8.387021863833
8.3776907168281
8.3685211652842
8.3608093998807
8.3532132986692
8.3457317553877
8.3383636146767
8.3303221652956
8.3224174402364
8.3146479962539
8.3070123740839
8.2975639935164
8.2883237629146
8.2792889491515
8.2704567917355
8.2607530899432
8.2512991900158
8.242091513328
8.2331262452161
8.2273599624258
8.2216960897369
8.2161336668096
8.2106716626435
8.2053090799764
8.200045034858
8.1948786002143
8.1898088315779
8.1834138427381
8.1771761003597
8.1710937197136
8.1651647950158
8.1582759235804
8.1516006813073
8.1451360921774
8.1388790041961
8.1347931226797
8.1307986209492
8.1268946519511
8.1230803008394
8.1193546823388
8.1157170204565
8.1121664965098
8.108702269263
8.1044876979694
8.1004054443767
8.0964539849316
8.0926317617318
8.0883829284068
8.0843017322922
8.0803860136409
8.0766334317858
8.0741140216139
8.0716720987242
8.0693069716068
8.0670178796559
8.0648040891283
8.0626649729991
8.0605998598878
8.058608053038
8.0562504264111
8.0540021791977
8.0518621104647
8.0498289805461
8.0476304280204
8.0455688703206
8.0436426368054
8.0418498886649
8.0406467285834
8.0395106472624
8.0384410615949
8.0374373197867
8.0364987944
8.0356249622881
8.0348152554091
8.0340690774951
8.0332479481674
8.0325185912282
8.0318800378044
8.0313312758616
8.0308175253319
8.0304161033957
8.0301257103843
8.0299448880993
8.0298743612408
8.0298923714165
8.0299980428902
8.0301902180345
8.0304082835952
8.0306819679042
8.0310108164772
8.0313942551493
8.0317993278558
8.0322508440779
8.0327484365921
8.0332917043897
8.0339835160802
8.0347365633818
8.0355502808337
8.0364240745329
8.0375630028182
8.0387884229023
8.0400993847026
8.0414948562936
8.0429979055251
8.0445862770332
8.046259074965
8.0480151510056
8.0495273086946
8.0510951835793
8.0527183115609
8.0543960227547
8.0558469958648
8.0573358690141
8.0588623572102
8.0604261207483
8.0621232253156
8.0638615147342
8.0656406544252
8.0674602851053
8.0697606039182
8.0721214434842
8.0745422018505
8.0770222349997
8.0799057061578
8.0828638198388
8.0858957683212
8.0890005850759
8.0912710696378
8.0935783235923
8.095922060526
8.098301932703
8.1007176105071
8.1031688502659
8.105655367515
8.1081768515865
8.1112901865085
8.1144543257234
8.1176687778657
8.1209330100113
8.1246900675046
8.1285097008001
8.132391252116
8.1363339213848
8.1399726967542
8.1436610543031
8.1473985617765
8.1511845421285
8.1542856292645
8.1574179924006
8.1605814007435
8.1637755190083
8.1667727744919
8.1697961850861
8.1728455576643
8.1759206685629
8.179540573881
8.1831949462592
8.1868834864448
8.1906058680887
8.1951557313492
8.1997542170242
8.2044008249234
8.2090949794364
8.2139086412664
8.2187703184846
8.2236795520941
8.2286356642124
8.232773152413
8.2369422065624
8.2411425904258
8.2453738912818
8.2489624612343
8.2525726522564
8.2562043101871
8.2598572326105
8.2637500984121
8.2676664685601
8.2716061587636
8.2755689618667
8.2804763348042
8.2854180851571
8.2903938828016
8.2954033580893
8.301108302755
8.3068554455736
8.3126443535744
8.3184744531813
8.3237408423325
8.3290397785713
8.3343710000077
8.3397340129525
8.3440600619247
8.3484062697442
8.3527724946054
8.357158504104
8.3612823505686
8.3654232840857
8.3695811796025
8.3737558860861
8.3787133586636
8.3836939507495
8.3886974597535
8.3937236583006
8.3998613776118
8.406031951111
8.412235038057
8.4184702244527
8.4247776271453
8.4311168903057
8.4374877210668
8.4438896149725
8.4491495095592
8.4544298481998
8.4597304872865
8.4650511239579
8.4695470415518
8.4740569368016
8.4785807100362
8.4831182205321
8.4879967376788
8.4928907932271
8.4978002623177
8.5027249998339
8.5088523763085
8.5150028010686
8.5211760452413
8.5273718426554
8.5343863217433
8.541428892941
8.5484992649842
8.5555970104063
8.5606387428
8.5656939544663
8.5707625436665
8.5758443598608
8.5809392655463
8.5860471879365
8.5911680215988
8.5963016406124
8.6026247352341
8.6089667675007
8.6153275487046
8.6217068565665
8.6290149384891
8.6363466773713
8.6437018225147
8.6510800059313
8.6522491535017
8.6534188707851
8.6545891565565
8.655760009605
8.6564194355699
8.6570790407492
8.6577388249344
8.6583987879177
8.6590591921649
8.6597196236546
8.6603789060994
8.661035648077
8.6617103735953
8.6623819263538
8.6630503101132
8.6637155285917
8.6669942822873
8.6701944317247
8.6733163896812
8.6763606012689
8.6794061988689
8.6823706818506
8.685254485603
8.6880580526629
8.6918637535856
8.6955130070498
8.6990070121123
8.7023469806955
8.7065911791713
8.71056276345
8.7142646226665
8.7176996753355
8.7214073242367
8.7247535227178
8.7277429208413
8.7303803226493
8.7319568406835
8.7333779816664
8.7346451412993
8.7357597669281
8.736723288431
8.7375370612808
8.7382024738464
8.7387209330263
8.739165799361
8.7393841176111
8.7393785930137
8.7391519605242
8.7386171300113
8.7377937666126
8.7366859565467
8.7352979249165
8.7341464849006
8.7328576778171
8.7314329294399
8.7298737234979
8.7281815218566
8.7263576952593
8.7244036515336
8.7223208215949
8.7196124459625
8.7167176471959
8.7136389125585
8.7103787628629
8.7064464911363
8.7022855115058
8.6978993736433
8.6932917679623
8.6889049325362
8.6843398170872
8.679598969585
8.6746852271148
8.6706262611728
8.6664592591558
8.662185504161
8.6578064069557
8.6536957447204
8.6494984111027
8.6452153910314
8.6408477017634
8.6356334160195
8.6303062035405
8.6248676029036
8.6193191746632
8.6123097682258
8.6051376377675
8.5978055866109
8.5903164847396
8.5823665063296
8.5742527523291
8.5659781861527
8.5575460664101
8.5505449259946
8.5434421786092
8.5362393409119
8.5289382224278
8.5229707503892
8.5169409485058
8.5108496178929
8.5046976291043
8.4982521841971
8.4917431970475
8.485171546518
8.4785381340322
8.4700732052912
8.461512870301
8.4528588399956
8.4441128549685
8.4335493641135
8.4228599123887
8.4120472544944
8.40111431116
8.3934184246328
8.3856662167099
8.3778585808524
8.3699964839529
8.3620808656478
8.3541125507133
8.3460924116966
8.3380213516399
8.3281149903276
8.3181357780999
8.3080852334971
8.2979649218954
8.286393400725
8.274736011282
8.26299483451
8.2511721437089
8.2426092459929
8.2340058766103
8.2253627782417
8.21668077454
8.2079606609143
8.1992031101448
8.1904088480757
8.1815786344243
8.1708274564722
8.160025758782
8.1491747800285
8.1382758090651
8.1258139958796
8.1132933235793
8.1007154919825
8.0880823930749
8.0765145206116
8.0649032563291
8.053249754266
8.0415555439025
8.0321496469905
8.0227188870018
8.0132638438143
8.0037852623696
7.9950651721792
7.9863261942327
7.9775687807551
7.9687934277496
7.958522160107
7.9482277373877
7.9379108554003
7.9275722437932
7.9148051271788
7.9020073113057
7.8891800202417
7.8763245760584
7.8629820207305
7.8496118030571
7.8362151284012
7.8227935676554
7.8117773815363
7.8007458804491
7.7896996521398
7.7786396252179
7.769616678417
7.7605852902616
7.7515457957232
7.7424986140363
7.7330670921337
7.7236279719109
7.7141816280982
7.7047284672426
7.6928592770872
7.68098065652
7.6690933095369
7.6571979890194
7.6431912319531
7.6291754619734
7.6151517161941
7.6011212501223
7.591227133578
7.5813305169399
7.5714317416708
7.5615312395314
7.5516294154692
7.5417265459841
7.531822967917
7.5219190581453
7.509873376241
7.4978282821473
7.4857843484586
7.4737422122785
7.4601177206961
7.4464970182378
7.4328808413775
7.4192701562945
7.4069520782878
7.394639566513
7.3823330617104
7.3700334105356
7.3601451132606
7.3502617655519
7.3403835988676
7.3305110154078
7.3213545899297
7.3122033747619
7.3030575676455
7.2939174147183
7.2832016387362
7.2724942310827
7.2617954989254
7.2511057919194
7.2380547043261
7.2250180767832
7.2119964185071
7.1989903620087
7.1857300728721
7.1724870242883
7.1592616390341
7.1460547366792
7.1352496009608
7.1244573451374
7.113678153283
7.1029125423632
7.094001045122
7.0850991347682
7.0762069413269
7.0673246797893
7.0579538280287
7.0485943645295
7.0392464456049
7.0299102648764
7.0182832695527
7.0066750662341
6.9950859369944
6.9835162275806
6.9702021077865
6.9569145491428
6.9436539026518
6.9304207736191
6.9211003571936
6.9117939191768
6.9025015741672
6.8932235342455
6.8839599851948
6.874710981103
6.8654766415404
6.8562571286387
6.8450022590629
6.8337699552741
6.8225604185624
6.8113739199199
6.7986721749907
6.7860007760151
6.7733599504834
6.760750170775
6.7493468712151
6.7379693750415
6.7266177598764
6.7152925372988
6.7062332286028
6.6971909831357
6.688165851931
6.6791580679663
6.6708450537709
6.6625469801707
6.6542639070611
6.6459959455182
6.6363132452544
6.6266515376923
6.617010916417
6.607391520866
6.5956458423887
6.5839322613013
6.5722509160156
6.5606020760424
6.5487264750586
6.536885078716
6.5250779359401
6.5133055057638
6.5036736343896
6.4940651607114
6.4844800730994
6.4749187034831
6.4670103023656
6.4591182228247
6.4512424889548
6.4433832136057
6.4351096915935
6.4268545590608
6.4186178526292
6.4103996487428
6.4001934764818
6.3900161133184
6.3798676190638
6.3697481221783
6.3581386092417
6.3465676328515
6.3350352211924
6.3235416649331
6.315413840715
6.3073055751572
6.2992168756829
6.291147850682
6.2849916733131
6.2788470147272
6.2727138875641
6.2665923119303
6.2624605883808
6.2583661443439
6.254320553474
6.2503226581007
6.2463672370797
6.2424560188107
6.2385887218766
6.2347650654364
6.2273304496465
6.2200633557344
6.2129617354447
6.2060235308564
6.1976176273589
6.1894577760273
6.1815402998112
6.1738615140932
6.1654749179888
6.1573830709612
6.1495811531228
6.1420641390371
6.1371808321902
6.1324221841706
6.1277868426979
6.1232733829111
6.1188804233738
6.1146067163066
6.1104509712121
6.1064118820121
6.1014367815392
6.0966461437699
6.0920374656705
6.0876082311238
6.0825896089494
6.077815536621
6.0732821974003
6.0689856037892
6.0662021270964
6.0635249146083
6.0609528544085
6.0584847634193
6.0561194952702
6.0538560291616
6.0516933005786
6.0496302231092
6.0471991796593
6.0449190351382
6.0427878528062
6.0408036651842
6.0387018536919
6.0367890288011
6.0350624869339
6.0335193407742
6.0325441591369
6.0316571747221
6.0308575100021
6.0301442139208
6.0295163675406
6.028973172646
6.0285137844836
6.0281373321201
6.0277871415767
6.0275593513075
6.0274524799266
6.0274650072059
6.0276230565948
6.0279324033571
6.0283910233763
6.028996717111
6.029524336496
6.0301269033323
6.0308036989838
6.0315539308551
6.0323768348099
6.0332717639001
6.0342380232369
6.0352748877915
6.0366208219581
6.0380676461782
6.0396141977089
6.0412592682904
6.0432282424225
6.0453191398635
6.0475304273067
6.0498604042612
6.0520831020705
6.0544018368265
6.0568155687376
6.0593229652141
6.0614360682752
6.0636102235219
6.0658448833024
6.0681393731632
6.0703370005089
6.0725859492827
6.0748857749745
6.0772359958248
6.0800320312091
6.0828949511567
6.0858240831944
6.0888187231914
6.0925018348321
6.0962774118473
6.1001443592423
6.104101491804
6.1081885429691
6.1123654499113
6.1166311968825
6.1209845056513
6.1246710543504
6.1284169347024
6.1322216069418
6.1360843221952
6.1394165879412
6.1427901559541
6.1462046864762
6.1496597808633
6.1533750004714
6.1571352302184
6.1609400701984
6.1647890922446
6.169549385592
6.1743742872953
6.1792631022703
6.1842150863781
6.1898248588229
6.1955118047252
6.2012750326727
6.2071134785707
6.2124063181622
6.2177582207799
6.223168620343
6.2286366809355
6.2331208447311
6.2376423882023
6.2422010066575
6.2467962892197
6.2511851287309
6.2556063623695
6.2600597258652
6.2645449223672
6.2698709106828
6.2752403155543
6.2806527181121
6.2861076675608
6.2926964296364
6.2993449396377
6.3060525223823
6.3128184082536
6.31960195037
6.3264418510917
6.3333375254109
6.3402881373583
6.346056675059
6.351861817158
6.3577032594548
6.3635805190121
6.3686577375955
6.3737609574894
6.3788899737261
6.384044532094
6.3896424095207
6.3952696065419
6.4009258667675
6.4066109072874
6.4136120273579
6.4206554716015
6.4277407897389
6.434867480939
6.4427826669224
6.450747166215
6.4587604304396
6.4668217396733
6.4739798243283
6.4811746102033
6.4884057716466
6.4956727422656
6.5016122178404
6.5075750052265
6.5135609206427
6.5195696923064
6.5253797553158
6.5312106852048
6.5370623108555
6.5429344324831
6.5499491263397
6.5569923201965
6.5640637334171
6.5711630540352
6.5796518517389
6.5881793631529
6.5967451467158
6.6053486652135
6.6138047324376
6.6222961493126
6.63082256276
6.6393833835507
6.6464114522776
6.6534621235613
6.6605352158673
6.6676303954847
6.6738073454027
6.6800006680357
6.6862102313981
6.6924358621309
6.6992861262606
6.7061554022207
6.7130435155468
6.7199502672068
6.7284481346264
6.7369734732149
6.7455259753494
6.7541052829012
6.763492990421
6.7729118534693
6.7823615192412
6.7918414669073
6.800126198804
6.8084334488535
6.8167630226269
6.8251145105619
6.8319363636153
6.8387725229542
6.8456228719542
6.8524872205309
6.8592142539631
6.8659544472734
6.8727076843142
6.8794738237769
6.8876167117817
6.8957778410563
6.9039570153135
6.912154008235
6.9218887875735
6.9316479946131
6.9414313287174
6.951238394236
6.9607223536045
6.9702278870377
6.9797547754576
6.9893025775379
6.9970695504709
7.0048500496662
7.0126439630514
7.0204510476092
7.0272985894948
7.0341560546823
7.0410233548675
7.0479003667873
7.0555664840377
7.0632443979333
7.0709339857704
7.0786351023803
7.0881211226136
7.0976241682699
7.1071440222855
7.1166804182306
7.126995022624
7.1373284093731
7.1476803455148
7.1580504346199
7.1669882773389
7.1759392612883
7.1849032689764
7.1938799889019
7.2012051495961
7.2085385977468
7.2158802570686
7.2232299892515
7.2305210160229
7.2378198103938
7.2451262914457
7.2524403562225
7.2613127184375
7.2701959508625
7.2790899129164
7.2879944357309
7.2985246618322
7.3090692037719
7.3196278522028
7.3302003047163
7.3402870212633
7.3503859283832
7.360496889711
7.370619559212
7.3787831553089
7.3869541894121
7.3951325914428
7.403318177193
7.410540223253
7.417767734059
7.4250006492184
7.4322388785825
7.4404051052431
7.4485779173602
7.45675722716
7.4649429265091
7.4750508113661
7.4851681265531
7.4952947163784
7.5054303776825
7.5091774547702
7.5129257415611
7.5166752293794
7.5204259094795
7.5241811739106
7.5279356429619
7.5316741007272
7.5353785986769
7.538341061102
7.541277774269
7.5441888123618
7.5470742497409
7.5523751084959
7.5575880425555
7.5627134961092
7.5677519329563
7.5735668756825
7.5792627968558
7.5848404192039
7.5903004769392
7.5976261750025
7.6047323306454
7.6116208349517
7.618293605846
7.6261878646111
7.6337637819068
7.641024832615
7.6479746152708
7.6527448651679
7.6573596895108
7.661820347038
7.6661281496193
7.6702843958867
7.6742903097661
7.6781471507545
7.6818562047986
7.6860958785254
7.6901285071145
7.6939562212518
7.6975811953456
7.7013536194207
7.7048839278251
7.70817494081
7.7112296078289
7.7138153862514
7.7162084828208
7.7184109859476
7.720425181178
7.7219715194157
7.7233879864375
7.724675806298
7.7258362962359
7.7268250061018
7.727700224887
7.7284630085977
7.7291144469131
7.729726617602
7.7301949034331
7.730520879579
7.730706152118
7.7307463259942
7.7305976469924
7.7302625896077
7.7297437104306
7.7290437940713
7.7281650092063
7.727109725449
7.7258805275255
7.7247086203692
7.7234156910971
7.7220031206287
7.7204724629545
7.7190466409109
7.717533474669
7.7159338688868
7.7142487837349
7.7123639607417
7.7103845541166
7.7083116347905
7.7061463016631
7.7034164497589
7.7005558465197
7.6975663119102
7.6944497125941
7.6908482823106
7.6870952907814
7.6831931048102
7.6791442600446
7.6753875101325
7.6715161340996
7.6675317392354
7.6634362082951
7.6600110669243
7.6565137602416
7.6529451497449
7.6493062107721
7.6457928043104
7.6422177110505
7.638581660012
7.6348854148029
7.6304647370992
7.6259630531164
7.6213815150755
7.6167213056332
7.6110027094332
7.6051734806827
7.5992355484094
7.5931909367023
7.5870217494371
7.5807489519988
7.5743743493906
7.5679000519938
7.5625334401215
7.5571023008592
7.5516075638653
7.5460503980605
7.5413232661747
7.5365530853857
7.5317404172478
7.526885884488
7.5216372817913
7.5163419177881
7.5110004707943
7.5056136464502
7.4988451427438
7.4920086271684
7.4851053583662
7.4781366424763
7.4701224689776
7.4620267927736
7.4538513470578
7.4455980763614
7.4398054712759
7.4339765042633
7.4281117373113
7.4222118099324
7.4162773359508
7.410308817948
7.4043068091466
7.3982718926784
7.3907560572583
7.3831916486193
7.3755796746007
7.3679211899603
7.3590262474044
7.3500721495027
7.3410603339049
7.3319924359694
7.3254996441648
7.3189796019465
7.3124328052704
7.30585983158
7.2992612327986
7.2926374427564
7.2859889493516
7.2793162757872
7.2711789011118
7.2630074087955
7.2548026355792
7.2465654734822
7.2371834994397
7.2277620623605
7.2183022861235
7.2088054953083
7.2001445284933
7.1914546732437
7.1827366647304
7.1739916053271
7.1669372846891
7.1598663069051
7.1527790505608
7.1456760523499
7.139096568759
7.1325042688024
7.1258994602881
7.1192824951255
7.1115266244605
7.1037550200823
7.0959681589654
7.0881665552128
7.0785987848644
7.0690104728973
7.0594024365759
7.0497756003451
7.0398840175502
7.0299743024967
7.0200472143091
7.0101038705098
7.0019304297526
6.9937469178138
6.9855537005234
6.9773514556044
6.9705719354973
6.963786735966
6.9569960832577
6.9502002834502
6.9430527436736
6.9359000363944
6.9287424244241
6.921580204164
6.91264119681
6.9036959214193
6.8947448621727
6.8857885587011
6.8754068754489
6.8650194889445
6.8546270653763
6.8442304981795
6.8368731699243
6.8295143116368
6.8221541463002
6.8147929867538
6.8074311207414
6.8000687121585
6.7927059851591
6.785343203492
6.7763682742359
6.7673939889489
6.7584207312025
6.7494489488264
6.7392697118669
6.7290933749431
6.7189204243545
6.7087515715922
6.6995337634495
6.6903200196513
6.6811106111592
6.6719062065197
6.6645095271135
6.6571164059435
6.6497269905313
6.6423415966286
6.6355040484035
6.6286702167101
6.6218402346245
6.6150142831448
6.6070205997216
6.5990328487221
6.5910512377596
6.5830760170673
6.5733433613262
6.5636209033394
6.5539089827699
6.5442080611381
6.5343118401865
6.5244277382845
6.514556016193
6.5046973165292
6.49661134183
6.4885344396565
6.4804667141592
6.4724085897095
6.4657245420545
6.4590472770091
6.4523768808928
6.4457135233351
6.4386894751205
6.4316734755717
6.424665631894
6.4176660886243
6.4089713671203
6.4002898550628
6.3916217440821
6.3829672898769
6.3730340867762
6.3631194376907
6.3532235664898
6.3433469439057
6.3363517672089
6.3293664582689
6.3223910919619
6.3154258384932
6.3084708432769
6.301526124126
6.2945917631488
6.2876678848634
6.279238799335
6.2708255716386
6.2624283385379
6.2540473062461
6.2445521701286
6.2350782573427
6.2256257099699
6.2161949066627
6.207653951267
6.1991310819624
6.1906263247066
6.1821401164511
6.1753219458031
6.1685158437606
6.1617218365819
6.1549401250848
6.1486668162001
6.1424041368463
6.1361521279824
6.1299108811687
6.1226190733166
6.1153421403299
6.1080801471937
6.1008332048323
6.0920188289548
6.0832270252179
6.0744578842405
6.0657116258794
6.0593089786971
6.0529187310448
6.0465409186055
6.040175621525
6.0367005209393
6.0332311845093
6.0297830200758
6.0263741366923
6.0230139301629
6.0196981765201
6.016426579084
6.0131988385283
6.0081156240943
6.0031431954261
5.9982804144408
5.993526128147
5.9875828983402
5.9818141587925
5.9762176411638
5.9707910825804
5.9639271203881
5.9573469529608
5.9510458487556
5.9450190472372
5.940591778602
5.9363203356464
5.9322027710723
5.9282370753841
5.9244212856485
5.9207536120523
5.9172322250999
5.9138552512543
5.9102905136937
5.9068974807305
5.9036738499576
5.90061724947
5.8976390245263
5.8948335057012
5.8921983654812
5.8897311239396
5.8876062110836
5.8856199506462
5.8837706611263
5.8820564886858
5.8806244772559
5.8792999117006
5.8780816196449
5.8769683373485
5.8759568254419
5.8750484704329
5.8742421466963
5.873536680956
5.8728687986521
5.8723229598266
5.8718976997713
5.8715915015294
5.87139146214
5.8713296856406
5.871404401026
5.8716137204042
5.871940667007
5.8723892822174
5.8729581107282
5.8736455029926
5.8743491082403
5.8751429305343
5.8760260257792
5.8769973188263
5.8779884719341
5.8790557687687
5.8801984543664
5.8814157160801
5.8828144495208
5.8842985251893
5.8858670316058
5.8875190139089
5.8894919962704
5.8915698827903
5.8937514232185
5.8960352879331
5.8984870046573
5.9010441666055
5.9037055230556
5.9064696476587
5.909033265576
5.9116776011907
5.9144018174165
5.917204901693
5.9197594963667
5.9223750597126
5.9250510207672
5.9277867295548
5.9306317813416
5.9335375473106
5.9365034431727
5.9395288429015
5.9430543030181
5.9466557067582
5.9503322264272
5.9540829803501
5.9582781097487
5.962560399419
5.966928834977
5.9713822720217
5.9756573307413
5.9800062446839
5.9844282358918
5.9889223261769
5.9928674033459
5.9968653676441
6.0009157338232
6.0050179014603
6.0089427813348
6.0129131090341
6.016928478842
6.0209884373928
6.0255374600973
6.0301401659544
6.0347960224704
6.0395044563803
6.0449663139666
6.0504958114085
6.0560921920672
6.0617546144165
6.0675542225168
6.0734200305151
6.0793513208588
6.0853471915255
6.090653976402
6.0960093516154
6.1014128664459
6.1068639096663
6.1117336739603
6.1166400906758
6.1215828447536
6.1265615568074
6.1317769696293
6.1370305782945
6.1423220341123
6.1476509521372
6.1538860898279
6.1601707537568
6.1665044215831
6.1728865165664
6.1798924879013
6.186954660209
6.1940724098125
6.2012449752706
6.2079025829612
6.2146057613536
6.2213540694366
6.228146873261
6.2339898834345
6.239864827107
6.2457714310074
6.2517093257733
6.2574335573116
6.2631860742928
6.2689666325632
6.2747749488199
6.2813864119081
6.2880328174084
6.2947138207226
6.3014290390634
6.3091966568359
6.3170086045652
6.3248643890966
6.3327634287468
6.3406557836561
6.3485899258623
6.3565654220176
6.3645816523747
6.3715040317532
6.378455922337
6.3854370653583
6.3924470608526
6.3987071147693
6.4049896043054
6.411294339641
6.4176210792114
6.424376364385
6.431156111776
6.4379600940938
6.44478805239
6.4528501500866
6.4609447480789
6.4690714924789
6.4772299752224
6.4860624712776
6.4949310445376
6.5038352919328
6.5127746676943
6.5208602394941
6.5289737409653
6.5371149111175
6.5452833077968
6.5522333343546
6.5592025968995
6.5661909309768
6.5731980930957
6.5800512466313
6.5869219968592
6.5938101858329
6.6007156232667
6.6087159772318
6.6167389067185
6.6247841742467
6.6328515066892
6.64216693392
6.651510949738
6.6608832168773
6.6702833070915
6.6794726879751
6.6886879015805
6.6979286777798
6.7071945611559
6.7150398018157
6.7229026002482
6.7307828011844
6.7386801265719
6.7457614195123
6.7528561759688
6.7599642748177
6.7670855532461
6.7748481415379
6.7826260263354
6.790419051389
6.7982270327278
6.8075304426229
6.8168545207243
6.8261990167013
6.8355636267779
6.845573920041
6.8556065305734
6.8656611903734
6.8757374854307
6.8846431830522
6.8935653381104
6.902503792885
6.9114582210614
6.9190172651489
6.9265874372014
6.9341686338275
6.9417606866647
6.9493047775457
6.9568593451099
6.9644242826046
6.9719994563854
6.9809274830556
6.9898693648626
6.9988249321157
7.0077939819966
7.0181371276492
7.0284976749301
7.0388753870024
7.0492699345394
7.0592302180679
7.0692055111058
7.079195643949
7.0892002642076
7.0975245713471
7.1058586656602
7.1142024517084
7.1225557273864
7.1300855152561
7.1376228364352
7.1451676108473
7.1527197245984
7.1611197160783
7.1695285553232
7.177946131683
7.1863723101815
7.196500017379
7.2066397768318
7.2167914074594
7.2269546759067
7.2376942831895
7.2484464608686
7.2592110294771
7.2699876615902
7.2793142500428
7.2886496176805
7.2979936695691
7.3073461543643
7.3151899476104
7.3230395268001
7.3308948251809
7.3387557222884
7.3466893692197
7.3546285652403
7.3625732363962
7.3705232861814
7.3800428835904
7.3895699477215
7.3991043552052
7.4086459520084
7.4196400334414
7.4306433032868
7.4416555938669
7.4526766445098
7.4630487836026
7.4734284031488
7.4838153985916
7.4942094865071
7.497742632889
7.5012765821686
7.5048113273379
7.5083468612742
7.5118831771647
7.5154202688682
7.518958130167
7.5224967548212
7.5262416945489
7.529957203994
7.5336321903795
7.537267579614
7.5408681475825
7.544432122627
7.5479596241751
7.5514507727469
7.5574613653498
7.5633620483846
7.5691534370782
7.5748361650719
7.5816349023847
7.5882733810896
7.5947527308044
7.6010740976904
7.6091433549647
7.616944286026
7.6244794602522
7.6317514980507
7.6393488246985
7.6466425378526
7.6536358872558
7.6603323117717
7.6657406267778
7.6709428372346
7.6759408455461
7.6807367684179
7.6844594848262
7.6880529625981
7.6915182123271
7.6948563058358
7.6980851270439
7.7011874827733
7.704164401509
7.7070169331963
7.7103578735922
7.7135139295473
7.7164869986355
7.7192790080806
7.7223332632779
7.7251427910386
7.7277106132465
7.7300398627719
7.7320146356695
7.7337837051794
7.7353494879394
7.7367146551334
7.7376693247076
7.738496886135
7.7391985790587
7.7397757763356
7.7401871476698
7.7405010754519
7.7407184450817
7.7408401764589
7.7408634676154
7.7407650401915
7.7405461847754
7.7402082145729
7.7396297619701
7.7388747065969
7.7379454030759
7.736844262993
7.7354907376924
7.7339491098924
7.732222067305
7.7303125203705
7.7285628671684
7.7266869182363
7.7246862045613
7.7225625101337
7.7207435727644
7.7188449285456
7.7168674045524
7.7148119009578
7.712656788481
7.7104237611751
7.7081136630831
7.705727362756
7.7026859228221
7.6995317858763
7.6962664858713
7.6928915872773
7.6887501435337
7.6844592294482
7.6800212910556
7.6754389059597
7.6719620831079
7.6684086810635
7.6647796501701
7.6610760099152
7.6572987562137
7.653448773696
7.6495269931146
7.6455343803335
7.6407553585179
7.6358813514457
7.6309138174623
7.6258542674952
7.6201738249957
7.6143852636971
7.60849043402
7.6024913460965
7.5969037586455
7.591231495812
7.5854758856341
7.5796385144534
7.5746984060615
7.5697028715016
7.5646526684335
7.5595486786398
7.554676321946
7.5497572368407
7.5447920582468
7.5397814637728
7.5339780591077
7.5281166497792
7.5221981662314
7.5162235756316
7.5090704181382
7.5018412193379
7.4945374539812
7.4871606943706
7.479632483079
7.4720326257059
7.4643625227526
7.4566238544199
7.4500845811584
7.4434988722586
7.4368674984782
7.4301914664498
7.4244631004302
7.4187032934617
7.4129125289957
7.4070913612371
7.4009153911367
7.3947066565573
7.3884657157922
7.3821931602614
7.3745047364357
7.366771135518
7.3589933267838
7.3511723333832
7.3422835311003
7.3333421256735
7.3243494111844
7.3153068839897
7.3071127055508
7.2988799376839
7.2906094188074
7.2823023478994
7.2756113671918
7.268897818602
7.2621621312603
7.2554048824722
7.2491014444141
7.2427800822036
7.2364411477557
7.2300850340555
7.2225756692728
7.2150435128354
7.2074891214536
7.1999130873751
7.1906075159854
7.1812712962436
7.171905386949
7.1625108542511
7.1529101142297
7.1432815585887
7.1336260725257
7.1239449027033
7.1160327534529
7.1081045451441
7.1001607043536
7.0922019590062
7.0856104142474
7.0790092315085
7.072398671046
7.0657790675961
7.0587572023103
7.0517257933737
7.0446851482512
7.0376356062886
7.0287956633633
7.0199428325225
7.0110776881984
7.0022008592062
6.9919294153913
6.9816439466692
6.9713452454534
6.9610343348772
6.9538116165352
6.9465835502
6.9393503937746
6.9321124924687
6.9248701663366
6.9176236152945
6.9103730974325
6.90311890765
6.8942011081138
6.8852786166501
6.8763518872014
6.8674214339013
6.8572151096522
6.8470051331836
6.8367921011072
6.8265768336643
6.8192108579556
6.8118442313778
6.8044771656512
6.79710996397
6.7897429044732
6.7823761387991
6.775009880201
6.7676443835376
6.7587432297757
6.7498438649523
6.7409466446233
6.7320519902443
6.7220064732822
6.711965148296
6.7019284587681
6.6918970668773
6.6827608793404
6.6736297325665
6.6645038769853
6.6553839416103
6.6479899172661
6.6406000954689
6.6332146156957
6.6258337841641
6.618985503861
6.6121414839445
6.605301851574
6.5984667838068
6.5905171980438
6.5825741703391
6.5746378954027
6.5667086122286
6.5570984554748
6.5474992011979
6.5379111604553
6.5283347663814
6.5185739205294
6.5088257947061
6.4990906249016
6.4893690139627
6.4813411910003
6.4733229061311
6.4653142550021
6.4573156426311
6.4506380980832
6.4439677191168
6.4373045871525
6.4306488680288
6.4236461543644
6.4166518643409
6.4096660992098
6.402688998947
6.3940781775177
6.3854809327327
6.3768974417981
6.3683279476114
6.3585396654763
6.348770166669
6.3390196523994
6.3292885670298
6.3223344004962
6.3153903558849
6.3084565023515
6.3015330049881
6.2946200042231
6.2877175117677
6.280825604202
6.2739444015882
6.2656060570726
6.2572837347562
6.2489775601669
6.2406877292142
6.2313224484758
6.2219784267562
6.212655790596
6.2033548995377
6.1949133686452
6.1864899834347
6.1780847626102
6.169698124444
6.1629271985525
6.1561684731827
6.149421970563
6.1426878859624
6.1364482327478
6.1302193438337
6.1240012568785
6.1177940611031
6.1105665345321
6.1033539496994
6.096156366071
6.0889738899557
6.0802498896842
6.0715611242654
6.0630029570663
6.0546865762711
6.0476237610437
6.0407687908703
6.0341187198784
6.027670724004
6.0205611755577
6.0137065476171
6.0071027595863
6.0007460134427
5.9950319765742
5.9895266290822
5.9842268486373
5.9791299109066
5.975054538176
5.9711149543217
5.9673095056383
5.9636367340737
5.9603575015761
5.9571891101448
5.9541303468038
5.9511800721857
5.9479623931925
5.9448811909921
5.9419347976722
5.9391216199885
5.9359493304765
5.9329602520074
5.930151750467
5.9275213529918
5.9250079448487
5.9226762162671
5.9205234802603
5.9185473818531
5.9169972625017
5.9155725882934
5.9142717734675
5.9130935037608
5.9121799362614
5.9113543728578
5.9106158916988
5.9099636656234
5.9093759670679
5.9088796053303
5.9084736063387
5.9081570504115
5.9078943025022
5.9077569557615
5.9077434254843
5.9078522160155
5.9081184067073
5.9085347855393
5.9090992171876
5.9098097921766
5.9105882312319
5.911486227655
5.9125021917923
5.9136348636033
5.9146527120484
5.9157475911749
5.9169186774055
5.9181652967221
5.9193963906275
5.9206919661853
5.9220514025096
5.923474130997
5.9251935810179
5.9269955730309
5.9288792020932
5.9308436158265
5.9333074743227
5.9358849921016
5.9385746761097
5.9413751597377
5.9443415474246
5.9474199534305
5.9506088398785
5.9539069737086
5.9567423691615
5.9596519605062
5.9626348839129
5.9656905202559
5.9683238354242
5.9710078065741
5.9737419612946
5.9765258996536
5.9795062288509
5.9825405651664
5.9856283913154
5.988769227815
5.992692788848
5.9966944027784
6.0007731578327
6.0049282071237
6.0097597348815
6.0146880593513
6.019711867925
6.0248300488761
6.0285777637198
6.0323733900971
6.03621646239
6.0401065917745
6.0440433767326
6.0480263259425
6.0520550016688
6.0561290037744
6.0611213649878
6.0661787886078
6.071300530405
6.0764859074669
6.0824398015968
6.0884734731988
6.0945858644324
6.1007760986622
6.1064851714743
6.11225725906
6.1180915537261
6.1239875437514
6.1287890925284
6.1336298930126
6.138509550423
6.1434277972161
6.1480071616988
6.1526188731166
6.157262647206
6.1619382379993
6.1674332606746
6.1729707839704
6.1785503764866
6.1841716427703
6.1911011032121
6.19809147611
6.2051419970546
6.2122519961384
6.21962354926
6.227056362079
6.2345495930125
6.2421026733078
6.2483563108978
6.2546493781539
6.2609814069521
6.2673521589839
6.2726323484777
6.2779383062202
6.2832698010933
6.288626661691
6.2942695058112
6.299939730847
6.3056370872394
6.3113613524724
6.3185406759875
6.3257610395004
6.333021975356
6.3403230618019
6.3488717066589
6.3574734077737
6.3661274317129
6.3748332105151
6.3810137620581
6.3872195289266
6.3934502640223
6.3997057828568
6.4059858882241
6.4122903058164
6.4186188044383
6.4249711822127
6.4327510988947
6.4405657979561
6.4484148738168
6.4562979695704
6.465295846978
6.4743365454334
6.4834194691334
6.4925441777679
6.5008475255727
6.5091842468414
6.517553874029
6.5259562006645
6.5327086872077
6.5394816321551
6.5462748145654
6.5530881211815
6.5594039068721
6.5657365503148
6.5720858961964
6.5784518200523
6.5859517320782
6.5934740760894
6.6010186107728
6.6085851236105
6.6179058956893
6.6272590138434
6.6366440386933
6.6460606102508
6.6557510155656
6.6654736697985
6.6752280723974
6.6850139626867
6.6930333370415
6.7010731331636
6.7091330700633
6.7172130656212
6.7238753541183
6.7305509010702
6.737239574001
6.7439412901132
6.7510136040272
6.7581001008545
6.765200636889
6.7723150906666
6.7812452617519
6.7901967727282
6.7991693493603
6.8081627557979
6.8186440606176
6.8291527249603
6.8396883090212
6.850250517072
6.8576817686147
6.8651257813611
6.8725824094268
6.880051560377
6.8875331299474
6.8950269467327
6.9025328758364
6.9100508065786
6.9192757894549
6.9285183429953
6.9377782260894
6.9470552380895
6.9576427052989
6.9682517330459
6.9788819554869
6.9895331410281
6.9972424919692
7.0049624662589
7.0126929317315
7.0204338091379
7.0281850076577
7.0359463691134
7.0437177716373
7.0514991183333
7.0609181928716
7.0703514165365
7.0797985798827
7.0892595134788
7.099974189275
7.1107059077108
7.1214543566851
7.1322193476211
7.1420458747706
7.1518856444048
7.1617383958281
7.1716040734832
7.1796055546528
7.187615226259
7.1956329622018
7.2036587253512
7.2111089939071
7.2185659766843
7.226029587224
7.2334997659546
7.2422084481873
7.2509257975432
7.2596516836026
7.2683860006374
7.2790138652952
7.2896537686783
7.3003054766969
7.3109688210678
7.3218834788128
7.3328097999397
7.343747507908
7.3546965151879
7.3637434731165
7.3727977888422
7.3818592986739
7.3909279956537
7.3984873176658
7.4060514398705
7.413620285466
7.4211938197572
7.4291703636162
7.4371519396659
7.4451384663499
7.4531298816964
7.4630369442738
7.4729512390378
7.4828726145859
7.4928009529009
7.5042161348487
7.5156400791458
7.5270725434851
7.5385134042946
7.5419040631244
7.5452954309383
7.5486875030639
7.5520802748916
7.554006258258
7.5559324645608
7.5578588928905
7.5597855423349
7.5607552178656
7.5617249490466
7.5626947357603
7.5636645778889
7.5641261678984
7.5645878321371
7.5650495990757
7.5655112123499
