0.0004
0.00039983105024003
0.00039971454067407
0.0003996500443078
0.00039963713757396
0.00040033182575088
0.00040225467788232
0.00040535649742955
0.0004095899622661
0.00044605603397561
0.00050479564839363
0.00058184510862181
0.00067359334914238
0.00078244267279217
0.00090193936576945
0.0010300897488949
0.0011650640843979
0.001335260797794
0.001511616131326
0.0016927700015323
0.0018773982572453
0.00211868123285
0.0023629762698545
0.0026094480385905
0.0028570790912178
0.0031820349703556
0.0035074464969614
0.0038330149951986
0.0041580087255578
0.0046020459383365
0.0050444749542668
0.0054853238600541
0.0059240339122358
0.0065753565107447
0.0072216975697554
0.0078626079148658
0.0084987325623794
0.0091755209120344
0.0098448973864397
0.01050417631896
0.011159240704268
0.011819965512513
0.012468661145137
0.013097046918039
0.013724517718191
0.014296855435163
0.014855279022014
0.01539006511678
0.015925245218117
0.016402199478072
0.016869615317028
0.017323335180538
0.017775245333751
0.01823522272421
0.01868844171709
0.019132379744555
0.019573936898931
0.020081665035255
0.02058124314215
0.02106834030194
0.021553284268175
0.022089911742361
0.022613653890608
0.023114850108759
0.023616385255851
0.024114917191061
0.024596980206257
0.025049729841827
0.025504684768266
0.025937768070262
0.026357246105631
0.02675499781482
0.027152723225832
0.027554780892762
0.027947096097548
0.02832476878938
0.028701154284361
0.029118822665283
0.029526851704837
0.029919411431472
0.030310996814111
0.030750026621843
0.031175691560383
0.031577619492314
0.031980770375935
0.032405517839616
0.032812464898333
0.033186811818395
0.033564810814502
0.033945437543944
0.034309177211975
0.034644080352927
0.034981104427887
0.035327333519591
0.035660839412525
0.035974056024323
0.036287429077975
0.036631430013513
0.036964282530252
0.037278793323205
0.03759340448476
0.037950828526656
0.038294666044155
0.038614220421204
0.038935675405409
0.039291098346957
0.039628300630369
0.039931515813577
0.04023940735143
0.040567408292498
0.04087607681321
0.041150125989705
0.041428447946783
0.041724314580344
0.042004551728382
0.042258693525516
0.042514689667008
0.042797913239679
0.043068389923042
0.043317557420257
0.043567861886402
0.043856862807322
0.044132156141127
0.044382944472173
0.044636150751576
0.044928792419594
0.045203501353519
0.045444417124501
0.045690570201191
0.045968962228056
0.046226511777585
0.046445397772205
0.046670427879229
0.046922437777203
0.047156065374616
0.047357740897309
0.047563182070584
0.047796999991945
0.048016265186087
0.048210866768299
0.048407682973827
0.048640201061383
0.048858804375339
0.049052644774046
0.049249318505089
0.049486684703756
0.04970687367756
0.049894609617888
0.050087721294381
0.050320529208777
0.050532007715737
0.050702899305178
0.050881265490014
0.051095529426502
0.051288994013795
0.051444929801622
0.051606679627381
0.051801101292927
0.051978869007399
0.052127955275449
0.052280483177918
0.052467480881691
0.052640076784974
0.052787230914328
0.052937614057443
0.053127637193452
0.053301412132077
0.053444640510575
0.053593083541357
0.053784561017529
0.053955222650417
0.054085632733963
0.0542241263975
0.054405579875789
0.054564459044926
0.054681188118993
0.054805720162227
0.0549691467545
0.055113535187204
0.055224421729231
0.055340244492407
0.055491624376832
0.055627656385039
0.055736761073469
0.055849576835666
0.056000298055516
0.056135561235571
0.056242110825893
0.056353581794225
0.056508146542779
0.056643195399688
0.056740265776947
0.056845295615174
0.056997478635755
0.057126313938172
0.057210266483906
0.057303605907714
0.057442524235304
0.057559926733392
0.057638391369607
0.057723620066081
0.057848043722861
0.057955576754336
0.058033527501865
0.0581158932023
0.058235185231498
0.058339384490395
0.05841603657829
0.058497350030716
0.058619769297972
0.058724360421672
0.058794391564723
0.058871712826912
0.058997077142292
0.05909956210037
0.059157116673134
0.059224845775438
0.059343613035915
0.059438711026521
0.059489555281017
0.05954922196258
0.059653875332369
0.059739456780359
0.05979136156948
0.059848772771078
0.059944065278319
0.060023968880386
0.060076325467211
0.060133260782548
0.06022874756843
0.06030800427651
0.060356244853044
0.060410869336713
0.060511485529912
0.060590852746877
0.060628028036351
0.060675162453391
0.060776052388999
0.06085204048703
0.060879926031505
0.060918536474146
0.061008828731888
0.061077383080326
0.061106744991652
0.061143247485871
0.061221269593818
0.061282761545679
0.061315107129132
0.061352269410423
0.061426351295906
0.061485283823368
0.061515942289814
0.061552138118841
0.06163047052843
0.061689883350258
0.061711772508755
0.061742558426652
0.061826260943827
0.061885299644385
0.061895389071725
0.061917329913691
0.061996568297951
0.06205138634103
0.062060738778643
0.062079414718643
0.062145926979185
0.062193817371514
0.062208976143797
0.062229693469205
0.062287927959354
0.062331258952852
0.06234757962309
0.062368858716265
0.062428199873224
0.062470973644833
0.062481365371426
0.062499191134542
0.062565820225337
0.062609633641407
0.062607409531152
0.062616883637369
0.062686124741304
0.062729054009506
0.062721130229863
0.062724887533092
0.062784308022405
0.062822144163943
0.062821480328565
0.06282785150683
0.062875534249285
0.062907493898669
0.062911728743868
0.062920757586771
0.062965155708872
0.06299474354503
0.062996186175095
0.063003670159817
0.063053948730753
0.063084373079522
0.063074630664364
0.063075194879483
0.063133610263048
0.063165524433197
0.063144442551094
0.06313672071736
0.063191593854883
0.063221510608678
0.063205429034931
0.06319874432318
0.063240645699785
0.063264765499186
0.063257983969724
0.063256426982185
0.063290305735975
0.063310120856709
0.06330422132434
0.063303336992626
0.063339310117131
0.063358575884353
0.063344503410039
0.063338711618308
0.063353720379374
0.063362154756299
0.06334650595711
0.063291156511132
0.063199613914471
0.063086490663267
0.062956640826338
0.062818112537134
0.062605764688421
0.062383925476357
0.062151402970823
0.061919676999862
0.061631170862467
0.061341486792231
0.061048144292172
0.060759194955112
0.060373079984957
0.059986532509658
0.059592854542925
0.059210082822658
0.058891931843996
0.058565664331661
0.058217229478249
0.057882007309
0.057605984064696
0.057305021251366
0.056944992842631
0.056609916713489
0.056404059237673
0.056162118727338
0.055845892872498
0.055552473753568
0.055377659783084
0.055182101165693
0.054952883620237
0.054730114161028
0.054542542634655
0.05434726323633
0.054139295282712
0.053934772753327
0.05371332905261
0.05348702395619
0.053249368069962
0.053017423304539
0.0527776860713
0.052524508274414
0.052237954081011
0.051967047690054
0.051784824954353
0.051562980723284
0.051250883633474
0.050972123437573
0.050848113610962
0.050688269070667
0.050464356131344
0.050254237151298
0.050126870666709
0.049986530317743
0.049828102059942
0.049671574931751
0.049515781665519
0.049355445052364
0.049187072651828
0.049021284305738
0.048829831468684
0.04863276474854
0.048421737695428
0.048217475199757
0.048036760193438
0.047830800472128
0.047564326511536
0.04732339740423
0.047215148614983
0.04709147683314
0.046944996447357
0.046801307209196
0.046677072839375
0.046548042919878
0.046411696525915
0.046276861412121
0.046116233008333
0.045951554455957
0.04577720550779
0.045607294216538
0.045440826468888
0.045255608635174
0.045024952655932
0.04481400074985
0.044712718870199
0.044598321218771
0.044463338077439
0.044331522472486
0.044218748277934
0.044100980229541
0.043975155593848
0.043851052823186
0.043710212278252
0.043564391361001
0.043407146900176
0.043254521197463
0.043114746657326
0.042956468472313
0.042754369778297
0.042569987351108
0.042480883805684
0.042378912836183
0.04225661214258
0.042137395555047
0.042037015136227
0.041931479442619
0.041817611899165
0.041705392939254
0.041581151345926
0.041451780420155
0.04131097252009
0.041174436325302
0.041051389575691
0.040911403651916
0.040731760777598
0.040567599364424
0.040486580377379
0.040393388136664
0.040280596020187
0.040170912266945
0.040079810344972
0.039983418299609
0.039878345226555
0.039774957348077
0.039663872623975
0.039547400338689
0.039419155321838
0.039295036518209
0.03918608633023
0.039061281116169
0.038899829328221
0.038752164732255
0.038681386073523
0.038580268474891
0.038414748518192
0.038268785986182
0.038211738684783
0.038134607493642
0.038024893604085
0.037920115255235
0.037849422710372
0.037771438181281
0.037682877134608
0.037595416534433
0.037505486051492
0.037411414080949
0.037309418051473
0.037209600037883
0.037107101335835
0.036996088252826
0.036865514687341
0.036742202935287
0.036663898628274
0.036560859722476
0.036402046125762
0.036262797909652
0.036214184152357
0.036138780596457
0.036013235799308
0.035899036864523
0.035844553159481
0.035778501911985
0.035695858672984
0.03561461275795
0.035543182428694
0.03546726554157
0.035384132294709
0.03530222598724
0.035213227430411
0.035119400972686
0.035015093296026
0.03491429359305
0.034828851611345
0.034728178605436
0.034592393780368
0.034469677691969
0.034413278559813
0.034346202131989
0.034262146650772
0.034180514894537
0.034114500781937
0.034043844232971
0.033965708739201
0.033888808870989
0.033807202510812
0.033720829159473
0.033624287834726
0.033531004096413
0.033451731075504
0.033358747096359
0.03323438913289
0.033121463602711
0.033072455803361
0.032997434719007
0.032867392315312
0.032753800311197
0.032713754275942
0.03265642382137
0.032571083673601
0.032489865078133
0.032437171181603
0.032378110537698
0.032309843337911
0.032242428706734
0.032174186311863
0.032102233671846
0.032023297287425
0.031946108356808
0.031868456066469
0.031783287159294
0.031681095812819
0.031584953836322
0.031527228237271
0.031448304942293
0.031321856975334
0.031211784088932
0.0311769173575
0.031119223577012
0.031018906004972
0.030928096290291
0.030886825343921
0.030835580989542
0.030769993359443
0.030705575205706
0.030649952787159
0.03059035243731
0.030524372438552
0.030459397905963
0.030389885117024
0.03031602727375
0.030232875046395
0.03015267355172
0.030086821069809
0.030007697323131
0.029898204976151
0.02979977835052
0.029762275170746
0.029700093651299
0.029586012540981
0.029487201655827
0.029455432165655
0.02940815203203
0.029336301451033
0.029267722754688
0.029223119862315
0.029173035172362
0.029115126062176
0.029057859623072
0.028999059176652
0.028936978102752
0.028868697214991
0.028801952567495
0.028735319975243
0.028661569954021
0.02857168611632
0.028487534974374
0.028440672195985
0.028373460988391
0.028260681724559
0.028163546387809
0.028136392184672
0.028088249828784
0.028001460278614
0.02792296056353
0.02788814928753
0.027844601661881
0.027788717588739
0.027733686960292
0.027685464821857
0.027633773807706
0.027576520375622
0.027520126249265
0.027459515632678
0.027394916292084
0.027321759437785
0.02725131502203
0.027195213812273
0.027126411033866
0.027028539792236
0.026941275335992
0.02690481870879
0.026859768893592
0.026801309912532
0.02674455303214
0.026699688486518
0.026651220960458
0.026597083655435
0.026543749540398
0.026487055974512
0.026426678074413
0.026358553890409
0.0262927833919
0.026238158644345
0.026172549616971
0.026081872641611
0.026000267104902
0.025969760908906
0.025917697972049
0.025819915452674
0.025735833301315
0.025711000533176
0.025671951771869
0.025610059257649
0.025551364463391
0.025515260138845
0.025474097699094
0.025425777125007
0.025377984320839
0.025329726555002
0.025278591775118
0.025222140800439
0.025166921313407
0.025111418493442
0.025050054813602
0.024975504970318
0.024905553227302
0.024865962664734
0.024809096900796
0.024713429131076
0.024631194182688
0.024609565747033
0.024568975490298
0.024492898958631
0.024424734969967
0.024396754544693
0.024360625770639
0.02431294317746
0.024266069328536
0.024226341100369
0.024183474653148
0.024135681989578
0.024088574471042
0.024038025832158
0.023984133115438
0.023923172850508
0.023864375625156
0.023816520339475
0.023758163082219
0.023675792786989
0.023602170777103
0.023570914708978
0.023532300671496
0.023482032829359
0.023433331582946
0.023395188619621
0.023353791715597
0.02330720558052
0.023261378923016
0.023213635196441
0.023162499077963
0.023104266157172
0.023048152974492
0.023002631897278
0.022947483416954
0.022870495812072
0.022801283657181
0.022775455738241
0.02273147068907
0.02264920318756
0.022578245254845
0.022556738614539
0.022523206492436
0.022470263070332
0.022420078903528
0.022389082957761
0.022353648575049
0.022311838543661
0.022270547382589
0.022229365332723
0.022185562537707
0.022136901335414
0.022089361778953
0.022042468062858
0.02199028535414
0.021926261352074
0.021866316043284
0.021833077019374
0.021784908909655
0.021703365537509
0.021633231521312
0.021614635698735
0.021579934047808
0.021515200264903
0.021457096190632
0.021432901112466
0.021401696278129
0.021360471028884
0.021319990847073
0.021285776162656
0.021248769343734
0.021207336660556
0.021166535955054
0.021123272371379
0.021076966143977
0.021024240817703
0.020973465175484
0.020932973627122
0.020883158974542
0.020812098998226
0.020748709081148
0.020722127669818
0.020689038088095
0.020645647290226
0.020603631036892
0.020570928506606
0.020535344259325
0.020495171402503
0.02045565993663
0.020414658284644
0.020370665765602
0.02032043809458
0.020272054417316
0.02023299730892
0.020185502241674
0.020118890747149
0.020059065375711
0.020037162165038
0.019999288676892
0.019927730367623
0.019866129234023
0.019847922942989
0.019819087013121
0.019773070141931
0.019729502923673
0.019702896240162
0.019672358359096
0.019636178711829
0.01960045040183
0.019564954807414
0.019527146251698
0.019485065026978
0.019443957073497
0.019403480741214
0.019358370008269
0.019302903472939
0.019250987760771
0.01922242446013
0.019180735475523
0.019109701023605
0.019048702305426
0.019032997128029
0.01900303234702
0.018946435014026
0.018895736654928
0.018875027664896
0.018848094511604
0.018812265698565
0.018777093351461
0.018747550307286
0.018715537876632
0.01867962483478
0.018644257290234
0.018606795944264
0.018566667667665
0.018520929741421
0.018476882496202
0.018441782648539
0.018398513026053
0.018336634267007
0.018281469807511
0.018258452034806
0.018229712097943
0.018191905032066
0.018155310357106
0.018126922790675
0.0180959874608
0.018060993020039
0.018026581658821
0.017990984908433
0.017952737619189
0.017908972871184
0.017866832062806
0.017833010775631
0.017791740591153
0.017733610717337
0.017681452627237
0.017662633008819
0.017629753331574
0.017567234472527
0.017513463841878
0.017497773336013
0.017472725208333
0.017432552741733
0.017394533754797
0.017371412350216
0.01734482319085
0.017313255746904
0.017282085169131
0.01725117945631
0.017218228208438
0.017181501686783
0.017145630602399
0.017110404805798
0.017071083237515
0.017022618841315
0.016977281824633
0.016952553501027
0.01691623798629
0.016854025659984
0.016800662597322
0.01678717851993
0.016761110176026
0.016711542901581
0.016667175649247
0.016649203458526
0.016625738649746
0.016594425994145
0.01656368917257
0.016537927504584
0.016509985554046
0.016478602124216
0.016447696570876
0.016414998626462
0.016379945803937
0.01633994540404
0.016301431035326
0.016270841628045
0.016233036582756
0.016178801804336
0.016130491144573
0.016110453724667
0.016085365013456
0.016052275600108
0.016020252269332
0.015995463206216
0.015968425444977
0.0159378077744
0.015907701094896
0.015876584353255
0.015843127804713
0.015804805050549
0.015767910457464
0.01573838230597
0.015702272060311
0.015651268121955
0.015605537133107
0.015589245149746
0.015560512067961
0.015505550496045
0.0154583309328
0.015444741861672
0.015422875197037
0.015387635095558
0.015354294621352
0.01533410275956
0.01531084813438
0.015283201328748
0.015255900516153
0.015228848825083
0.015199992751891
0.015167810223382
0.015136377990129
0.01510552816105
0.015071064976684
0.01502853965158
0.014988769110402
0.014967198656208
0.014935375494703
0.014880634976467
0.014833729225365
0.014822082136206
0.014799284253606
0.014755660159939
0.014716645482555
0.014700979779714
0.01468045256201
0.014652985889512
0.014626023216362
0.014603463058748
0.014578978192478
0.014551459882981
0.014524359073626
0.014495683722431
0.014464933793092
0.014429829023128
0.014396029066614
0.014369209510667
0.014336018355108
0.014288319630294
0.014245853123845
0.014228309830923
0.014206306259796
0.014177239987573
0.014149112726043
0.014127367346571
0.014103636577169
0.014076746608455
0.014050305754854
0.014022990114821
0.01399360738794
0.013959927719319
0.013927507071027
0.013901612398375
0.013869895821956
0.013825007513945
0.013784781575368
0.013770582667192
0.013745371630614
0.013696944363855
0.013655369564901
0.013643518532077
0.013624345726264
0.013593348942524
0.013564027871944
0.013546315042178
0.013525896802676
0.013501601848367
0.013477609731329
0.01345384221614
0.013428481786033
0.013400186591655
0.013372551535961
0.013345439162453
0.013315134627156
0.01327770948699
0.013242716049489
0.01322381635978
0.013195840816461
0.013147576734212
0.013106250743083
0.013096114161846
0.013076101844527
0.013037644685663
0.013003269064958
0.012989544196961
0.012971518648708
0.01294735885878
0.012923641119099
0.012903813676956
0.012882286456196
0.012858082786486
0.012834245443845
0.012809020205087
0.012781964328073
0.012751067532351
0.012721319933269
0.012697736125577
0.012668519448419
0.012626477197021
0.012589061422824
0.012573651146335
0.012554299072086
0.012528707335455
0.012503943439202
0.01248481394702
0.012463930845955
0.012440258651088
0.012416981679831
0.012392937616829
0.012367067256925
0.012337401612137
0.012308846855736
0.01228606824448
0.012258139184346
0.012218558010622
0.012183101309343
0.012170668677764
0.012148485793796
0.012105745795052
0.012069073868504
0.012058693993886
0.012041834915717
0.012014516284076
0.011988677361218
0.011973096414241
0.01195512448319
0.011933728702305
0.011912598561087
0.011891667335579
0.011869329319998
0.011844400650471
0.011820053601625
0.011796169948147
0.011769465372236
0.011736469119169
0.01170562084888
0.011689007234278
0.011664359144832
0.011621748697903
0.011585282717344
0.011576416833275
0.011558804393003
0.011524855700682
0.011494521655703
0.011482460197023
0.011466593326315
0.01144530190518
0.011424399033607
0.011406935063953
0.011387969234848
0.011366640300782
0.01134563347901
0.011323399669816
0.011299549510373
0.011272309116637
0.011246082121541
0.011225299112306
0.011199535163534
0.011162429721605
0.011129416213698
0.011115846749184
0.011098792489129
0.011076223244865
0.011054384634651
0.011037523742301
0.011019113203368
0.0109982387482
0.01097771267954
0.01095651136081
0.010933695777473
0.01090752613348
0.010882337591461
0.010862261111089
0.010837627765977
0.010802685391748
0.010771392150364
0.010760469043838
0.010740914624747
0.010703161539214
0.010670780597299
0.010661658870331
0.010646803930693
0.010622696124773
0.010599895654199
0.010586163168167
0.010570316914998
0.010551445172973
0.010532807075316
0.010514344637641
0.010494639074727
0.010472644917761
0.01045116393206
0.010430093538104
0.010406529179441
0.010377402800248
0.010350174956845
0.010335539674522
0.010313792839234
0.010276145954075
0.010243939146225
0.01023615521844
0.01022062755654
0.010190636653502
0.010163845665692
0.01015322181486
0.010139231079249
0.01012044287981
0.010101996897532
0.010086591216998
0.010069858000367
0.010051036934707
0.010032499701961
0.010012877429508
0.0099918269728044
0.0099677815394163
0.0099446308189501
0.0099262918685853
0.0099035473779
0.0098707713706376
0.0098416151296333
0.0098296477801974
0.0098145987741835
0.009794673602694
0.0097753937693032
0.0097605136172247
0.0097442635432445
0.0097258357970759
0.0097077155036685
0.0096889995225134
0.0096688562868655
0.0096457478871578
0.0096235064628347
0.0096057886992027
0.0095840392391883
0.0095531689065011
0.0095255272017309
0.0095159081113308
0.0094986494516915
0.0094652826972612
0.0094366711403933
0.0094286371925226
0.0094155302417738
0.0093942373901018
0.0093741001274711
0.0093619813181023
0.0093479933296438
0.0093313307771147
0.0093148741159613
0.0092985725890631
0.0092811721264162
0.009261748911834
0.0092427788860198
0.0092241723970186
0.0092033604733924
0.0091776302364804
0.0091535786183874
0.0091406673863111
0.0091214623912605
0.0090881851375201
0.0090597232378455
0.0090528717641154
0.0090391659292664
0.009012657968761
0.0089889822335514
0.0089796106842847
0.0089672602576022
0.0089506664016762
0.0089343744077463
0.0089207709772831
0.0089059937366199
0.008889370979812
0.0088729986675502
0.0088556667073332
0.0088370722608432
0.0088158306500183
0.0087953795347284
0.0087791828920572
0.0087590892369501
0.0087301218757662
0.0087043567622132
0.008693791116544
0.008680499862859
0.0086628963016798
0.0086458630669532
0.0086327199102078
0.0086183653732325
0.0086020854669572
0.0085860771243458
0.0085695428266568
0.0085517463256123
0.0085313277495339
0.0085116756176622
0.0084960262972891
0.0084768099405638
0.0084495239454791
0.0084250944930853
0.0084166104597909
0.0084013656500718
0.0083718654335659
0.0083465735792366
0.0083394868925171
0.0083279116096745
0.008309094273104
0.008291298708166
0.008280594787435
0.008268237685083
0.0082535155615414
0.0082389751265737
0.0082245718534677
0.0082091968224944
0.0081920333489675
0.0081752703529997
0.0081588293063313
0.0081404376222043
0.008117695978467
0.0080964388561817
0.0080850376745512
0.0080680670951204
0.0080386435281514
0.0080134815649763
0.0080074403575534
0.0079953330959959
0.0079718960844496
0.0079509654445873
0.0079426902698629
0.0079317795624218
0.0079171151802034
0.0079027173464899
0.0078906974261603
0.0078776393954818
0.0078629495166544
0.0078484808347804
0.0078331634542952
0.0078167297024551
0.0077979553481355
0.0077798797621546
0.0077793505329952
0.0077788200695251
0.0077782884092567
0.0077777555886313
0.0077773390823585
0.0077773214046959
0.0077778350692171
0.0077788591476459
0.0077800130975472
0.0077814637137337
0.0077832038377569
0.0077852264788148
0.0077993377889671
0.0078195588606981
0.007845192469448
0.007875605250971
0.0079849084041143
0.0081202194492736
0.0082755946442384
0.0084429745559238
0.008624767234914
0.0088131868850548
0.009006662328447
0.0092028403777961
0.0094663866014356
0.0097319379756513
0.0099992339982926
0.010266407628329
0.010616516380471
0.010966079767552
0.01131552660812
0.011663284824867
0.012135662784218
0.012606346199108
0.013077020675412
0.013543648440269
0.014088749118531
0.014636423259193
0.015196165922468
0.015744824192596
0.016096436587649
0.016451224946246
0.016812260358945
0.017170116112392
0.017518422296238
0.01786699861204
0.018217182379859
0.018564781544412
0.018989800111512
0.01941410025679
0.01984031906937
0.020261739497529
0.020738571980407
0.021220145100662
0.02171827180171
0.022203778170551
0.022518494630626
0.022838058684272
0.023166784392782
0.023491699568552
0.023803990611856
0.02411749482211
0.024434188216994
0.024747962205187
0.025122172846701
0.025496693312621
0.025875060285567
0.026248154186453
0.026659753653697
0.027078774577279
0.027519985543851
0.027946831864858
0.028217759385956
0.028495351551362
0.02878491872847
0.029070415917197
0.029340978928558
0.029613641423275
0.029890801604448
0.030165008280811
0.030489051249531
0.030814338265152
0.031145118309638
0.03147042777889
0.03182224058062
0.032184027349458
0.032573358967261
0.032946788166394
0.033176021781276
0.03341359569379
0.033665642599969
0.033913520451204
0.034144636600572
0.034378657075217
0.034618312248588
0.03485508645337
0.035132535284927
0.035412135991017
0.035698800788192
0.035979905374384
0.03627629399936
0.036585083266481
0.036926429013929
0.03725061327028
0.037441979864653
0.037643220027703
0.037861177334352
0.038074942486954
0.038270407331303
0.038469517151554
0.038675290451185
0.038878295464343
0.03911348902713
0.039351702938262
0.039598462887228
0.039839639652112
0.04008607852791
0.04034704236876
0.040644849602299
0.040924597246817
0.041082670755136
0.041251962200049
0.041439957350028
0.041623749006238
0.041787867079046
0.041956324995602
0.042132430346684
0.042305869709632
0.042503471305325
0.042704937969054
0.042916391858284
0.043122255808793
0.043324441474964
0.043542937888653
0.043801764003397
0.044041988884342
0.044171162711077
0.044312714167621
0.044474729407933
0.044632513370585
0.044769344345671
0.044911176968826
0.045061626316284
0.045209482838807
0.045374060124697
0.045543318404076
0.045723959950217
0.045899002980797
0.046062674876054
0.046244087773469
0.04646849593262
0.046674080556268
0.046778358281294
0.046895994930933
0.047035646825354
0.047171011771127
0.0472842061614
0.047403037152273
0.047531452868112
0.047657312178039
0.047793147648614
0.04793444757271
0.048088478023257
0.048236889120338
0.048367470086151
0.048516897631474
0.048711251154396
0.048886812083129
0.048969709858791
0.049066787567367
0.049187243847182
0.049303330180197
0.049396080456145
0.049495076904609
0.049604624320731
0.04971161572721
0.049822599430128
0.049939792350281
0.05007100262152
0.050196558710471
0.050298977186699
0.05042106887843
0.05058940032325
0.050739154469291
0.050789837694198
0.050881999762815
0.05106367854478
0.051216741704631
0.051253101751978
0.051317955294201
0.051429515357169
0.05153349576943
0.051590681557509
0.051657862129137
0.051739341595753
0.051819245907553
0.051896306184422
0.051978446400248
0.052070319474375
0.052159185224865
0.052244938165967
0.052341080258097
0.05246162452739
0.052572263529721
0.052618731185858
0.052702159662112
0.05287065021317
0.053007205260447
0.053010968263378
0.053060279210627
0.053197370160787
0.053312960081361
0.053335537160064
0.053377616231445
0.053447045325167
0.053514440075995
0.05356201860031
0.053616095200353
0.053680064144177
0.053742490910162
0.053805275798702
0.053873873337097
0.05395512102041
0.054031797802516
0.054082198432275
0.054153983825194
0.054276020204782
0.054377946163338
0.054403304680403
0.054444569025583
0.054511584299653
0.054574512441997
0.054612958736302
0.054658582712565
0.054715966668224
0.054771161380217
0.054818890788262
0.054874246274817
0.054946051594391
0.055012268207202
0.055042711275668
0.055096347281462
0.055203308494353
0.055290303771645
0.055276021811863
0.055307105855397
0.05543453054051
0.055532713067526
0.055521247390874
0.055539675731136
0.055606271986064
0.055665856554614
0.055682284433802
0.055709400113085
0.055751795431898
0.055792812973743
0.055823773027921
0.055860794170116
0.055909208557897
0.055954670118623
0.05598356555727
0.056025234263122
0.056095992548699
0.056156072991592
0.056143940095513
0.056171874239843
0.056290442891043
0.056376800872459
0.056338719445858
0.056345616359509
0.056437121821498
0.056509366555996
0.056500680363085
0.056511072784824
0.056548311540657
0.056583701013048
0.056598468087836
0.056620292958485
0.056653111615686
0.056684341645453
0.056705663989254
0.056734308726074
0.056778542983884
0.056817772984221
0.056817709240848
0.056842515073468
0.056924644679007
0.056985205700867
0.056977044995427
0.05698643304319
0.057023607123043
0.057056975265877
0.057065112453848
0.0570809214398
0.057108955268177
0.057135134041453
0.057147904725587
0.057168723602613
0.057206480569305
0.057239009181106
0.057230973681526
0.057247190625472
0.057318716455044
0.057370111786581
0.057320152562593
0.05731814620742
0.057417901650769
0.05748705785296
0.057447679132811
0.057440041975885
0.057483430659171
0.057519658918057
0.057518151095314
0.057518698141111
0.05749212944722
0.057382840414547
0.057204909855126
0.056985597727098
0.056695878889719
0.056420283119176
0.0562390214604
0.05604562265571
0.055836116554685
0.055628590960775
0.055405583463984
0.055179394921759
0.054946805857035
0.054717841644439
0.05443769942099
0.054153696374266
0.053857419811092
0.053570159902786
0.053305981131088
0.053007126725657
0.052622030745402
0.052278346361769
0.052143020920932
0.051989347764208
0.051811128344984
0.051634780341441
0.051476994614947
0.05131528994746
0.051148117081425
0.050982365445658
0.050764907056438
0.050545481273724
0.050319794346724
0.050098889968137
0.049855835716425
0.049592989625892
0.049279386853806
0.048992087880954
0.048861355536777
0.04871709458787
0.04855232286571
0.048390681787915
0.048247601806293
0.048100354199881
0.047946482674306
0.047794428745264
0.047609079423562
0.04741990321383
0.047220813312548
0.047027010827442
0.04683954802411
0.04662987705971
0.046365750464338
0.046126138336571
0.046018571539699
0.045896828397989
0.045753918416979
0.045613763255873
0.04549198854958
0.045365731278218
0.045232539647923
0.045100862416649
0.044943545937729
0.044782174208719
0.04461098399485
0.044444334961595
0.044284209726652
0.044104696401421
0.043878229365437
0.043671999617473
0.043575661568411
0.043466215971228
0.043336532607027
0.043209754640486
0.04310125082059
0.04298799864288
0.042867195335278
0.042747952666666
0.042611087082062
0.042469559419475
0.042317260885916
0.042169356613781
0.042033016485673
0.04187857640677
0.041681105241675
0.041501141803052
0.041415041095431
0.041316399527034
0.041198015715846
0.041082577973978
0.040985337548461
0.040883128526366
0.040772905104682
0.040664253952698
0.040543606218622
0.04041796922856
0.04028116239427
0.040148526761579
0.040029389655949
0.039893588891514
0.039718738592862
0.039559105078201
0.039480807502435
0.039390594598442
0.039281244066999
0.039174890170972
0.039086609704928
0.038993186114231
0.038891333130174
0.038791100578285
0.038683337373918
0.038570316045606
0.038445783701345
0.038325271001617
0.038219730029832
0.038098703309802
0.037941871928649
0.037798467894828
0.037729806114883
0.037631749574552
0.037471366944912
0.037329834964715
0.037274220341538
0.037199198203602
0.037092695096175
0.036990950346834
0.036922074353222
0.036846108742584
0.036759820875698
0.036674622658496
0.036587158917618
0.036495606508995
0.036396201370105
0.036298951234124
0.03619971716427
0.036092043195816
0.035964985706576
0.035845078569276
0.035769296846786
0.035669616203184
0.035516174226938
0.03538143428237
0.035333505822076
0.03526008646944
0.035139108565425
0.035028800180027
0.034975139313539
0.034910407004748
0.034829703992614
0.034750396891672
0.03468049131478
0.034606177608149
0.03452470028316
0.03444447087863
0.034357953312112
0.034266562421291
0.034164572384755
0.034066113206595
0.033983765595936
0.033886424840407
0.033754605621788
0.033635490859018
0.033585967959103
0.033509077225687
0.0333747261016
0.033257261513544
0.033215398126416
0.033156502295295
0.033070631488413
0.032988401533679
0.032932810354904
0.032871168771646
0.032800801812455
0.032731249376992
0.03265923195186
0.032583535251364
0.032500763847484
0.032419857490779
0.032338825937432
0.032249668771601
0.032141950344883
0.032040944397846
0.031982588472927
0.031901589779341
0.031769933909509
0.031655613591132
0.031619615268512
0.03156082019077
0.03146025166947
0.031368572293469
0.031324867993227
0.031271677120602
0.031204999702095
0.031139344257008
0.031080748184196
0.031018292809107
0.03094953454207
0.030881846149934
0.030809140028357
0.030731839862277
0.030644562109286
0.030560543080618
0.03049348003105
0.030412008607528
0.030297533923093
0.030195093088941
0.030157112261847
0.030094066221511
0.029978925724442
0.029878699179657
0.029844852587297
0.029796158639465
0.029724377265357
0.029655441471679
0.029608341066748
0.029556025778547
0.029496196443379
0.029437038788777
0.029375403483011
0.029310421199347
0.029238966275495
0.029169199210999
0.029100676566427
0.029024344252531
0.028930216718921
0.028842476521931
0.028795699591815
0.028727614987005
0.028612080246728
0.028512579185823
0.028484012527995
0.028435085290873
0.028349449722774
0.028271266894736
0.028234126231179
0.028188803393115
0.028131967632101
0.028075914869502
0.028025209378615
0.027971098592403
0.027911384918266
0.027852623386028
0.027789747746135
0.027722549426888
0.027645950753093
0.02757240675441
0.02751613541494
0.027446081137151
0.027344526974776
0.027254401498095
0.027224161074535
0.027170940084176
0.027070383809011
0.026983082334433
0.026954650567057
0.026913185356706
0.026851774073877
0.026792624985399
0.026751650771744
0.026706143454925
0.026654103733189
0.026602635981515
0.02654866248209
0.026491645299681
0.026428704296439
0.026367310308378
0.026307992111591
0.026241217033302
0.026157459892937
0.02607979429462
0.026041274539282
0.025982714848447
0.025879675796871
0.025791536389973
0.025768156478885
0.025726460506407
0.025652211371272
0.025584300074136
0.025552009245214
0.025512590457435
0.025463236769957
0.025414492630113
0.025369805796196
0.025322102630095
0.025269405064998
0.0252175627614
0.025162194470506
0.025102786180133
0.025034571269625
0.02496922294978
0.024921005678046
0.024859664966486
0.024768359909845
0.024687912888599
0.0246632619976
0.024617447169862
0.024528356634109
0.024451171022725
0.02442678043458
0.024390833862809
0.02433745341257
0.024285899110271
0.024249715871864
0.024209559996801
0.024163684956406
0.024118301078875
0.024070375812122
0.024019689512486
0.023963599381587
0.023908928108464
0.023856757686921
0.023797523881572
0.023722196171481
0.023652656895805
0.023620313844163
0.023569135624908
0.023476239549955
0.023397243282741
0.02337774346816
0.023341638927245
0.023276378635085
0.023216591879671
0.023188147856391
0.023153429543706
0.023110046098018
0.023067140712041
0.023027326943956
0.022984831722021
0.022937877088181
0.022891691183673
0.022842365338127
0.022789290603548
0.022728023138769
0.022669433393764
0.022627474946735
0.02257309376956
0.022490351527492
0.022417896099909
0.022391349028919
0.02235714706849
0.02231152564375
0.022267040996552
0.02223198611974
0.022194117279792
0.022152019617681
0.022110402775899
0.02206443072253
0.022015708963582
0.02196121834227
0.021908468899247
0.021863611303602
0.021809462275419
0.021733921475441
0.021666337945024
0.021637633570254
0.02160231375661
0.021556487821057
0.021512088064854
0.021477244384678
0.021439446340681
0.021396924543931
0.021355098374009
0.02131149967699
0.021264755460243
0.021211414237511
0.021160049507272
0.021118828138327
0.021068591238965
0.020997902674808
0.020934494147567
0.020911426726477
0.020871593685408
0.020796504922949
0.020731763855012
0.020712248775199
0.020681807278694
0.020633825651044
0.020588281298419
0.020559917452564
0.020527540778029
0.020489398850998
0.020451725333781
0.020414010540638
0.020373889811404
0.020329290666137
0.020285732716693
0.020242959891329
0.020195234465131
0.020136410533215
0.020081415711159
0.020051513606089
0.020007716611221
0.019932889233613
0.019868637101426
0.019851876439558
0.019820396477151
0.019761608743963
0.019708769466522
0.019686594618727
0.019658087767772
0.01962055578932
0.019583678189166
0.019552283570671
0.019518348281997
0.019480369484385
0.019442975887195
0.019403340189191
0.019360873212308
0.019312417396816
0.019265787992672
0.019229028403567
0.019183537535986
0.019118153213706
0.019059946968535
0.019035900460302
0.019005829315715
0.018966273111005
0.018927952057904
0.018898133876098
0.018865692021185
0.018829094925593
0.018793083208684
0.018755521579199
0.018715249580112
0.018669327422959
0.01862507517512
0.018589252313151
0.018545656452368
0.018484426968555
0.018429480597018
0.018409746330181
0.018375103321457
0.018308958743472
0.018252162539446
0.018235850546353
0.018209638249008
0.018167457819404
0.018127533239982
0.018103321994477
0.018075497305607
0.018042517717435
0.018009931034519
0.017977461680361
0.017942891298993
0.017904449604244
0.017866883728604
0.017829725247494
0.017788341583573
0.017737510267609
0.017689923098954
0.017663808807146
0.017625536140502
0.017560041532789
0.01750389260123
0.017489820490236
0.017462459462643
0.017410252272254
0.017363561440377
0.017344788909445
0.017320247838134
0.017287492719085
0.017255324347967
0.017228337922281
0.017199091248829
0.017166290871783
0.017133977546858
0.017099633708601
0.017062867805504
0.017021010901272
0.016980685665961
0.016948424998451
0.016908672026583
0.016851838856844
0.016801183529992
0.016780095442563
0.016753756750082
0.016719101124201
0.016685555255598
0.016659532479127
0.016631173828471
0.016599095152897
0.016567549429783
0.016534897770107
0.016499811004386
0.016459654061131
0.016420989410587
0.016389998622916
0.016352141987743
0.016298743085473
0.016250851314108
0.016233687883122
0.01620356583525
0.016146129442703
0.016096752252212
0.016082421113251
0.016059485302742
0.016022655605758
0.015987796086156
0.015966599542957
0.01594222158683
0.01591327992684
0.015884699577859
0.01585634085897
0.015826104676186
0.015792402991787
0.015759486274824
0.01572716523835
0.015691073893114
0.015646564901365
0.015604935983944
0.015582306450114
0.015548996714117
0.015491816185753
0.015442793286106
0.015430490144931
0.015406605313763
0.01536110451258
0.015320380398724
0.015303909684292
0.015282395001319
0.015253679761268
0.015225488768132
0.015201845956087
0.015176202332404
0.015147400951838
0.015119037479639
0.01508901909915
0.015056835770169
0.015020103055483
0.01498473689566
0.014956680094425
0.014921975704646
0.014872133932756
0.014827751426737
0.014809389968389
0.014786381501524
0.014756018115042
0.01472663133258
0.014703886802313
0.01467907811391
0.014650985824051
0.01462336054909
0.014594789233391
0.014564070750983
0.01452888680925
0.014495013068812
0.014467902251711
0.014434735996681
0.014387865356918
0.014345848935814
0.014330941479123
0.014304568814625
0.014254019952839
0.01421061045696
0.014198181750605
0.014178129411571
0.014145765275376
0.014115146786169
0.014096624425225
0.014075286965182
0.014049916091539
0.014024860569236
0.014000023116556
0.01397352959133
0.013943984100469
0.013915126190281
0.013886788455401
0.013855131499985
0.013816068099438
0.0137795357962
0.013759743712405
0.013730512268764
0.013680177531566
0.013637061008638
0.013626411369822
0.013605489407747
0.013565380584929
0.013529518782037
0.013515157028742
0.013496321345434
0.013471103378034
0.013446346375318
0.013425635048287
0.013403155519817
0.013377891034414
0.013353008658516
0.013326668566468
0.01329842407908
0.013266182407807
0.013235137969282
0.013210498671279
0.013180001320463
0.013136164274468
0.013097139806456
0.013081032041267
0.013060824011314
0.013034124358015
0.013008287058119
0.012988313986397
0.012966516494252
0.012941816446389
0.012917528602871
0.012892434002687
0.0128654394368
0.01283449532976
0.012804708295339
0.012780923833338
0.012751784044502
0.012710527743326
0.01267356066104
0.01266053661713
0.012637380662469
0.012592863933221
0.012554652029156
0.012543779579853
0.012526173246093
0.012497694399377
0.012470755117386
0.012454486017323
0.012435730192571
0.012413411865128
0.012391371215413
0.012369534227143
0.012346233275134
0.012320235289515
0.012294843761672
0.012269932211758
0.012242085441452
0.012207691113888
0.012175532808205
0.01215817828064
0.012132474289446
0.012088105022507
0.012050119198804
0.012040821927559
0.012022440311589
0.011987092891535
0.011955499043891
0.011942894877276
0.011926336399377
0.011904138908444
0.011882346974724
0.011864129311852
0.011844349298256
0.011822109546349
0.011800206194519
0.011777025601438
0.01175216217393
0.01172376798224
0.011696430069947
0.011674760758611
0.011647910777377
0.01160926463171
0.011574873877052
0.011560717791566
0.011542937108924
0.011519419590152
0.011496662711436
0.011479085070087
0.011459895479903
0.011438142453818
0.011416752405635
0.011394655679784
0.01137088017453
0.011343616013219
0.011317372870511
0.011296440586448
0.011270771786994
0.011234387113666
0.011201795734595
0.011190380240762
0.011169995761028
0.011130700834123
0.011096988199088
0.011087457578349
0.011071967757605
0.011046858671717
0.011023109877391
0.011008793228018
0.010992278273275
0.010972615889482
0.010953197337565
0.010933960609658
0.010913430724137
0.010890519609435
0.010868142944761
0.010846191299454
0.010821646110896
0.01079131637004
0.010762961460847
0.010747696723111
0.010725042313734
0.010685866656605
0.010652342906285
0.010644203396303
0.010628018719551
0.010596807785373
0.010568921577337
0.010557840268628
0.010543259421447
0.010523690635364
0.010504478717313
0.010488428406869
0.010470997348318
0.010451394005946
0.010432086573635
0.010411650242196
0.010389728041558
0.010364689378425
0.010340582175032
0.010321479760582
0.010297797193004
0.01026368558115
0.010233336856046
0.010220866244033
0.010205191394188
0.010184445778857
0.010164371783089
0.01014887420512
0.010131951877643
0.010112764330665
0.010093896972528
0.010074408736449
0.010053436277785
0.010029379995397
0.010006225700442
0.0099877725240451
0.0099651288768607
0.0099330050680659
0.0099042370230692
0.0098942013503858
0.0098762278066156
0.0098415176046956
0.0098117479823218
0.0098033669832462
0.0097897137806338
0.0097675520891371
0.0097465923247252
0.0097339701982355
0.0097194045344535
0.0097020572068012
0.0096849245614048
0.0096679532549284
0.0096498389866203
0.0096296205826229
0.0096098739224915
0.0095905049747972
0.0095688427938416
0.0095420662831726
0.0095170354604895
0.0095035845865509
0.0094835937038534
0.0094489805350757
0.0094193703512303
0.0094122191365489
0.0093979465482552
0.0093703732285034
0.0093457425287777
0.0093359782638029
0.0093231179972341
0.0093058464705972
0.0092888894516891
0.0092747277712418
0.0092593454734907
0.0092420435634263
0.0092250025430677
0.0092069639121882
0.0091876121211416
0.0091655066058351
0.009144223680423
0.0091273654488309
0.0091064560353222
0.0090763219717705
0.009049516550965
0.0090385161329194
0.0090246820364657
0.0090063642691441
0.0089886398065968
0.0089749606915602
0.0089600219630183
0.008943080972853
0.0089264226140017
0.0089092166409808
0.0088906983217744
0.0088694535947475
0.0088490059918481
0.0088327182741165
0.0088127231357766
0.0087843407267748
0.0087589272691337
0.0087500868547419
0.0087342209993813
0.0087035418873182
0.0086772357470876
0.0086698520252135
0.0086578032600681
0.0086382270371054
0.0086197133460313
0.0086085727100242
0.0085957133330602
0.008580394736966
0.0085652653857186
0.0085502787094247
0.0085342815758535
0.0085164245849546
0.0084989842471739
0.0084818783399788
0.0084627444832392
0.0084390881413108
0.0084169752964498
0.0084051067229243
0.008387450446587
0.0083568533630991
0.008330684509395
0.0083243879152928
0.0083117880248767
0.0082874152678225
0.0082656470025661
0.0082570322354197
0.0082456782038803
0.00823042217896
0.0082154436491091
0.0082029373103932
0.0081893516392298
0.0081740690418816
0.0081590166831606
0.0081430820389557
0.0081259865392041
0.0081064570027602
0.0080876542843449
0.0080727637546996
0.008054289714578
0.0080276558271392
0.0080039665851516
0.0079942533013914
0.0079820337103723
0.0079658488220857
0.0079501883273861
0.0079381047959296
0.007924907373446
0.0079099395568588
0.0078952214181737
0.0078800198452019
0.0078636576350099
0.0078448843605796
0.0078268158255494
0.0078124282748816
0.0077947605983123
0.0077696723656424
0.0077472108998902
0.0077394121636219
0.007725396334435
0.0076982714703929
0.0076750165408409
0.0076685021673882
0.0076578602283136
0.0076405588024888
0.0076241969045433
0.0076143559520202
0.0076029948355228
0.0075894590272956
0.0075760902543923
0.0075628477021287
0.0075487115890957
0.0075329309672687
0.0075175185710092
0.007502402423158
0.0074854925698513
0.0074645827352681
0.0074450379650324
0.0074345563595109
0.0074189532588606
0.0073918986551901
0.0073687629401679
0.0073661539088259
0.0073632491797436
0.0073601052978424
0.0073567747454468
0.0073548357307582
0.0073528553593176
0.0073508385718591
0.0073487898468836
0.0073481998700397
0.007347607692976
0.0073470133956366
0.007346417055236
0.0073462339965691
0.007346050755306
0.007345867333512
0.0073456837332301
0.0073455156361127
0.0073454030988465
0.0073453660687432
0.0073454023367583
0.0073454872125208
0.0073456240116421
0.0073458122278431
0.0073460513597079
0.0073479934793584
0.0073511360547378
0.0073554217040458
0.0073607956280758
0.0074019793528644
0.0074636599800624
0.0075416899553581
0.007632123933612
0.00777441566525
0.0079307174308905
0.0080977708295311
0.0082713688271777
0.008484149631584
0.0087014839893645
0.0089223503382781
0.0091446283973982
0.009436049062806
0.009728230534907
0.010021210101128
0.01031343767612
0.010705778889526
0.01109698955933
0.011487743611745
0.011876189436062
0.012389768928648
0.012901968750949
0.013415870664295
0.013924109490143
0.014451800290265
0.014986626410773
0.015543845322345
0.016086255135669
0.016405466653862
0.016729417718417
0.017060709454169
0.017389679168618
0.017710125784445
0.018030804177999
0.018352485160912
0.018672202793636
0.019092015686635
0.01951041390329
0.019929165538344
0.020343675753096
0.020852398888304
0.021364710873405
0.021892021335481
0.022405716194956
0.022716601151333
0.02303198342838
0.02335585620004
0.023676093672587
0.023984514798982
0.024293903097231
0.024606022038903
0.024915343953521
0.025292608911351
0.025669963516829
0.026050875622633
0.026426416792947
0.02684242862161
0.0272670228732
0.027716909986856
0.028150637713412
0.028410841381935
0.028678115884437
0.028957418900886
0.029233075279574
0.029494708312919
0.029758184407458
0.030025456429588
0.030290127873294
0.030613652083392
0.030937878465051
0.031266500724455
0.031589935057134
0.031950317202416
0.032320948511966
0.032720375604133
0.033102511419146
0.033325186543503
0.033556254565418
0.033801470555447
0.034042853157735
0.034268426212325
0.034496613267424
0.03472977097161
0.034960310322784
0.035237636242572
0.035516714736341
0.035802097864707
0.036082074931065
0.036381790866805
0.036694683381683
0.03704238579956
0.037371394046859
0.03755639838558
0.037751471694334
0.037963075901971
0.038170854609869
0.038361271365881
0.03855503497374
0.038754755359828
0.038951992032933
0.039186535758381
0.039423663060425
0.039668473164599
0.039907914677578
0.040156588731048
0.040420430407774
0.040723036328802
0.041006229442681
0.04115937689205
0.041323871759684
0.041506830800345
0.041685918267829
0.041846230502955
0.042010587025807
0.042181914605375
0.042350829506669
0.04254774254293
0.04274813704831
0.042957768070878
0.043161994412773
0.043364891913548
0.043584775794231
0.043846916510808
0.044089226032292
0.044214368346452
0.044352021654407
0.044509929072853
0.044663911586614
0.044797772307248
0.044936349725306
0.045082894656261
0.045227082397001
0.045390960253665
0.045559161546197
0.045738043976792
0.045911506925404
0.046075190665181
0.046257215691706
0.046483941424381
0.046690789803091
0.046791906084805
0.046906488699872
0.04704288252345
0.047175260816595
0.047286226698874
0.047402559420857
0.047527869245084
0.047650835121492
0.047786050588545
0.047926409315148
0.048078870466005
0.048225872931484
0.048356040277763
0.048505587070585
0.048701563254518
0.048877853975007
0.04895827705044
0.049052968769347
0.049170849263226
0.049284598546074
0.049375696444693
0.049472787576415
0.049579863725828
0.049684576241392
0.049795052784645
0.049911447603681
0.050041292783766
0.050165628900487
0.050267467891232
0.050389436055241
0.050558932333706
0.050709105558887
0.050771758362222
0.050849340519888
0.050951315438836
0.05104902388957
0.051122901206929
0.051203371882589
0.051294826776907
0.051383867859494
0.051473080205098
0.051568940060796
0.051679523801617
0.051784535521453
0.051862526512333
0.051961175556057
0.052107982721538
0.052235929914945
0.052264560379226
0.052335900609148
0.05249899712575
0.052633215476116
0.052653036672635
0.052701975054895
0.052798461035871
0.052887456592013
0.052930586822651
0.052984018209538
0.053052173695021
0.053118822989489
0.053180105080485
0.053246800436952
0.053323764897489
0.05339776611728
0.053464163930631
0.053541650388007
0.053644859559256
0.05373802174099
0.053764746688323
0.053829215800063
0.053980045394432
0.05409904882591
0.054088607308603
0.054123505397584
0.054245220671652
0.054346097102123
0.05435797600459
0.054389308109935
0.054447996716382
0.0545046781451
0.054541173984877
0.054584383764343
0.054637883339573
0.054689833113218
0.054738629845112
0.054793716632783
0.054862354266505
0.054926321223857
0.0549597255582
0.05501550532684
0.055123484766822
0.055211047516632
0.05522519024666
0.055255738974591
0.05531269481978
0.055365634641707
0.055393794488639
0.055429328778499
0.055476850994947
0.055522277641113
0.055558109140895
0.055601757236474
0.055662112605214
0.055716984143299
0.055734480889155
0.05577547748456
0.055870311530096
0.055945229398031
0.055919498004916
0.055939615755985
0.056056993507821
0.056145005019312
0.056124617957448
0.056134530275766
0.056193275295357
0.056244972804655
0.056253622889907
0.05627317075847
0.05630828365295
0.056342060190263
0.056364312338382
0.056392797975744
0.056432926215291
0.056470153759612
0.056488759021329
0.056520380613899
0.056581480208868
0.056631958372612
0.056609986798138
0.056628172766392
0.056736978628367
0.05681383423892
0.056768329028205
0.056767761076018
0.056851647005453
0.056916410304093
0.056901666310844
0.056906109499391
0.056937617339674
0.056967264452241
0.056975753641018
0.056991441207138
0.057018346775743
0.057043678814462
0.057057352336915
0.057078558631864
0.057115712993728
0.057147868091765
0.057139324039082
0.057155860136931
0.057230017837519
0.057282725096957
0.057268920991644
0.057272815623008
0.057304742098736
0.057332867379604
0.057335579915738
0.057346093010393
0.057369027378965
0.057390125183657
0.057400100350482
0.05740701646809
0.057394834473815
0.057348768595983
0.05727138895013
0.057175710862609
0.057065783154406
0.056948623724102
0.056769222998908
0.056581726014539
0.056384793731975
0.05618868539606
0.055945128302457
0.055700061900654
0.055450777699743
0.055205425439944
0.054889594800593
0.054569789536671
0.054235750250056
0.053913563950523
0.053680334304017
0.053438062283745
0.053175182401167
0.052921312346911
0.052703574369825
0.052474045458769
0.052218495009094
0.051973135363269
0.051769989346072
0.051550062725165
0.051293532453951
0.051050223842852
0.050872169751822
0.05067514486972
0.050439621133691
0.050215976867329
0.050052515842579
0.049874357504213
0.04966868399144
0.049470468863568
0.049305833329138
0.049131186358587
0.048937444516154
0.048749405803517
0.048577249374548
0.04839580495612
0.048194737582981
0.048000648253084
0.047830933227209
0.047647700126543
0.047434690871714
0.047232409109119
0.047083273656471
0.046915018886815
0.046706544744515
0.046510849957079
0.046380742178724
0.046233300608293
0.046053074324751
0.045881255455815
0.045753431311611
0.045614480039458
0.045455627915375
0.045301538344037
0.045164989578236
0.045020403744648
0.044860049961784
0.044704456005675
0.044561374905133
0.044408241616292
0.04423324584284
0.044065883757386
0.043934355585886
0.043786045942665
0.043601303500096
0.043428694372807
0.043318905944864
0.043189659908479
0.043021887644611
0.042864581989524
0.042762428607018
0.042646815236889
0.042507553873574
0.042373307908337
0.042264319462746
0.042147260237888
0.042015657052008
0.041887554364961
0.041767849767338
0.041640533947448
0.041497390344714
0.04135930810856
0.04124063708339
0.041109097955266
0.040949233868373
0.040799027861953
0.040700134396113
0.040581676682359
0.04042237461754
0.040275275445761
0.040190460131336
0.040089146181019
0.039957875669676
0.039833184813138
0.039745180991901
0.039647854842773
0.039534738106564
0.039424663968866
0.03932552586637
0.039219910176631
0.039101835222786
0.038987138722217
0.03888097149056
0.038765693583756
0.038630575384816
0.038502082661399
0.038408212855435
0.038297369447938
0.038149680529
0.038013898527441
0.037939348442063
0.037845725031139
0.037715156562518
0.037593835767046
0.037521638805573
0.037437678075424
0.037334026338536
0.037233831687499
0.037152139115253
0.03706392795032
0.036964283287509
0.036867073759126
0.036774379055983
0.036675111360374
0.036562139152972
0.036453381909729
0.036362942014509
0.036259802354994
0.036128605790465
0.036006832526621
0.035936263001509
0.035846066218342
0.035715231745805
0.035596093920126
0.03553527772841
0.035459395240447
0.035357184200348
0.035260046556639
0.035192700464554
0.035117678102098
0.035030108399394
0.034944612921526
0.03486557978266
0.03478116666735
0.034686405689827
0.034594343825791
0.0345092990445
0.03441563064504
0.03430304709701
0.034196735461697
0.034125632063698
0.034037301242046
0.033911576756544
0.033797790608457
0.033743623087046
0.033671286456358
0.033564598313511
0.033465907499062
0.033410199852401
0.033344454606439
0.033262577578263
0.033183096642075
0.033116779616217
0.033045147878682
0.032964287141389
0.032885281739998
0.032808551105637
0.032725936026173
0.032630922668283
0.032539716077262
0.032467101367653
0.032381722116232
0.032268008250286
0.032163833209291
0.032111100805888
0.032038958348781
0.031927031495671
0.031826203508963
0.031779528274881
0.03171938113295
0.031636565698716
0.031557585620942
0.031502440969216
0.031440996907733
0.031369506640281
0.031299502228769
0.031232816412366
0.03116156098312
0.031081434060364
0.031003619397606
0.030932267691641
0.030852558522152
0.030754353510139
0.030662347526878
0.030606584548258
0.030533367725218
0.030422282757243
0.030323216938912
0.030282025811598
0.03022378621775
0.030134149354971
0.030051304489325
0.03000577812079
0.02995176009523
0.029884575560367
0.029819052816496
0.029762579983381
0.029701725105328
0.029633269109142
0.029566311889412
0.029500216860886
0.029428739899579
0.029345776145183
0.029266395212274
0.029206273290281
0.029133240516215
0.029031408433755
0.028939361909032
0.028898864152901
0.028839360109688
0.028741337912099
0.028653743396224
0.028616235024397
0.028566780438575
0.028497957513655
0.028431987489688
0.028384955113284
0.028332730102712
0.02827237272007
0.028213120995208
0.028154947559625
0.028092830524043
0.028022958847336
0.027955142538018
0.027893602810489
0.02782387930558
0.027735883827705
0.027654122185862
0.027609530742394
0.027547347467703
0.027447023126274
0.027358760090093
0.027326483876366
0.027278327386592
0.027201707426862
0.027130790731723
0.027092222738598
0.027046466298861
0.026989916207422
0.0269345185001
0.026885069127583
0.026831962830671
0.02677249315131
0.026714278974469
0.026655997523897
0.026592735455342
0.026518708376692
0.026448113280264
0.026397416137818
0.026333685430376
0.026240749977419
0.026157850514417
0.026126235095362
0.026076160907769
0.025989115302252
0.025911788380429
0.025880695406524
0.025839022633429
0.025780791394688
0.025724659781734
0.025683567612258
0.025638153142899
0.025586063064414
0.025534822516423
0.025483093210763
0.025427918878118
0.025365881588555
0.025305704575857
0.025251735682054
0.025189744866133
0.025109703426102
0.025035939071605
0.024999855015814
0.024946196939407
0.024854466476026
0.024774741393909
0.024748907634767
0.024708336578794
0.024642036959317
0.024580505774428
0.024547089944318
0.024507547546277
0.024459062389285
0.024411379546612
0.024367381379571
0.024320290154754
0.024267791454949
0.024216369364804
0.02416427688406
0.024107551519262
0.024040703050392
0.02397715346162
0.023933878794017
0.023877562256652
0.023791908151933
0.023716446340147
0.023691458287373
0.023648694564214
0.023570726222893
0.023501759483611
0.023475410675267
0.023439665201532
0.023389672704702
0.023341222816293
0.023304803135356
0.023264735434683
0.023219094648524
0.023174126451227
0.023127633733979
0.023078101335271
0.023022444009737
0.022968483078693
0.022920652037616
0.022865006819637
0.022791667043545
0.022724588447694
0.022695081537807
0.022648237945732
0.022563863412526
0.02249129672777
0.022470246223197
0.022435549710607
0.022377587521293
0.022323626231985
0.022294253566352
0.0222596013636
0.022217424776189
0.022175813979114
0.022136311487169
0.022094154386937
0.022047335224979
0.022001454108848
0.021954534831767
0.021903305867944
0.021842578846712
0.021785005850736
0.021747683677438
0.02169749522955
0.021618272420594
0.021549232200227
0.021529212477174
0.021492230802793
0.021421984395691
0.021360040946934
0.021337338675155
0.021306245193326
0.021262764546153
0.021220429682565
0.021187871560001
0.021152183979561
0.021111756374901
0.021071876675609
0.021029853497737
0.020985126285747
0.020934901741133
0.020886226617643
0.020843523085378
0.020793293824257
0.020725941806137
0.020664735573836
0.020640292498916
0.020599000316974
0.020521250937475
0.020454954122816
0.020437499812007
0.020407430003248
0.020356267825856
0.020308500679606
0.020282432241387
0.020251753181759
0.020214627910313
0.020177911199523
0.020142268177664
0.020104313397487
0.020062284733648
0.020021082559182
0.019978640854477
0.019932204081854
0.019876907741217
0.019824596334334
0.019792067962066
0.019747060296818
0.019673822277004
0.019610560631945
0.019594243367048
0.019561887750477
0.019498319350331
0.019442395341981
0.019422579745835
0.019395220705197
0.019356956142515
0.019319563748536
0.0192903018322
0.019258310742776
0.019222214050036
0.019186575254489
0.019148483481168
0.019107971008348
0.019062506591059
0.019018455252752
0.018980111723313
0.018934618646257
0.018872803673512
0.018816910495805
0.018791184000774
0.018759926462701
0.018719528384783
0.018680571285867
0.018650459940496
0.018617511047908
0.018579848060711
0.018542968811484
0.018506588964391
0.018467125399784
0.018421253804415
0.018377254619734
0.018343170636375
0.018301551281408
0.018243111636552
0.018190405422604
0.018168976165473
0.018134917250393
0.018074685095387
0.018021883503384
0.018003113036772
0.017975793921789
0.017934418818855
0.017895186187131
0.017870075556845
0.017841397828245
0.01780733116448
0.017773856709119
0.017741633143681
0.017707053781086
0.017668037131135
0.017630070640818
0.017594560296516
0.017554505171163
0.017504389455233
0.017457640696293
0.017431953169817
0.017395214512691
0.01733415707299
0.017281076142394
0.017264738668122
0.017237075594195
0.017188479589603
0.01714440318081
0.017124157308699
0.017098684521114
0.017065475171409
0.017032999526453
0.017005613318573
0.016975874031847
0.016942259323168
0.016909273187869
0.016875685407061
0.016839362257977
0.01679726971046
0.016756919068548
0.016726313105876
0.016688163046869
0.016633010921201
0.016583807305462
0.016566480993541
0.016536438938156
0.016480101056506
0.016431185932148
0.016415422218099
0.016391721849732
0.0163554009617
0.016320766410035
0.016298200331158
0.016272606634641
0.0162425600448
0.016212934974296
0.016183341281852
0.016151745983225
0.016116349430898
0.016081872142644
0.016049242841969
0.016012303128127
0.015965714253363
0.015922446656847
0.015900478249181
0.01586733382195
0.015809469361782
0.015759819238065
0.015746678228365
0.015722600019197
0.01567864522074
0.015638790911133
0.015620924260058
0.01559843048656
0.015569315404937
0.015540695998257
0.015515759431252
0.015488831722157
0.015458646272646
0.015428979350495
0.015398025291834
0.015364624364304
0.01532600396944
0.015288999368238
0.015261477137441
0.015226527317611
0.015174723129241
0.015128934297076
0.015114841762751
0.015088206242172
0.015035681901467
0.014990428699136
0.01497702560039
0.014956273290299
0.014924150117788
0.014893369123191
0.014873021861176
0.01485005783619
0.014823325840965
0.014796904352321
0.01476976902561
0.014740901800812
0.014708725453365
0.01467736211998
0.014647426393132
0.014613435388292
0.014570296565664
0.014530371016008
0.014511424571988
0.01448145228588
0.014427001307115
0.014380763866978
0.014370032879295
0.014348876205938
0.014309018200904
0.014272880299181
0.014256992195038
0.014236967692781
0.014211173864146
0.014185722308819
0.014163015704753
0.014138585894053
0.014111351353427
0.014084556374928
0.014056113276096
0.014025469389328
0.013990095743919
0.013956211020546
0.013931377713122
0.013899389737414
0.0138510929775
0.013808698705672
0.013792904968865
0.013772526838882
0.0137451852306
0.013718603099957
0.013697920492998
0.01367544887554
0.013650245714309
0.013625369609822
0.013598497364678
0.013569837469255
0.013537451967045
0.013506168365608
0.013480311594721
0.013448715282169
0.013403985590053
0.013364064653654
0.013347346740772
0.013326528766082
0.013299179220675
0.013272720834715
0.013252220872061
0.013229859817467
0.013204519383391
0.013179612577825
0.01315396990759
0.013126355058966
0.013094632248642
0.01306411771733
0.013039967491433
0.01301029448696
0.0129681377928
0.012930388287017
0.012917070422341
0.012893511233541
0.01284842866005
0.012809652299359
0.012798363256587
0.012780327765515
0.012751420151427
0.012724041269055
0.012707300936452
0.012688050769482
0.012665186952009
0.012642616040986
0.012620243762315
0.012596364786905
0.012569696226554
0.012543662399705
0.012518284931548
0.012489855406395
0.012454615608616
0.01242170299281
0.012404116199187
0.012377991168115
0.012332813386956
0.012294119114637
0.012284511215738
0.012265771103841
0.012230047689443
0.012198042001973
0.012185017031816
0.012168030293446
0.012145387972174
0.012123156566403
0.01210445345954
0.012084161699689
0.012061352434235
0.012038896890342
0.012015198532454
0.011989752525849
0.011960630346001
0.011932613619456
0.011910637522227
0.011883298370429
0.011843755913664
0.011808606791131
0.011794246789539
0.011776165534102
0.011752213759132
0.011729029409103
0.011711117971771
0.011691569302796
0.011669425424036
0.011647644514564
0.011625069675186
0.01160079809066
0.011573000788088
0.011546235536985
0.011524810451459
0.011498556134866
0.011461366558518
0.011428057714005
0.011416465640469
0.011395643577644
0.01135533460553
0.011320796134887
0.011311170524897
0.01129541058857
0.011269755191591
0.011245495332041
0.011230932417838
0.011214123148322
0.011194108752327
0.011174336027737
0.011154716299816
0.011133786582514
0.011110448856768
0.011087649555225
0.011065203282583
0.011040129240324
0.011009191854075
0.010980258430015
0.010964653794664
0.010941485668118
0.0109013907707
0.01086710252553
0.010858877632892
0.010842372946746
0.010810385535889
0.010781833920108
0.010770591885965
0.010755755778524
0.010735806471009
0.010716217180625
0.010699870473233
0.010682117396201
0.010662158534913
0.010642496411579
0.010621636738392
0.010599274244213
0.010573761480663
0.01054918942527
0.010529637739819
0.010505429525685
0.010470612360591
0.010439629501753
0.010426884190922
0.010410876010039
0.010389702278234
0.010369213941816
0.010353390509126
0.010336114537666
0.010316528231338
0.01029726907867
0.010277376251624
0.010255967793398
0.010231409382788
0.01020777286899
0.010188947067925
0.010165840813184
0.010133050798046
0.010103688603474
0.010093449570492
0.010075113689713
0.010039709913628
0.010009341775449
0.010000779565274
0.0099868455963438
0.0099642453497118
0.0099428677911535
0.0099299790022183
0.0099151099680289
0.0098974061291786
0.0098799215002968
0.0098625963489628
0.0098441050107085
0.0098234658264306
0.0098033087495775
0.0097835440171576
0.0097614361886696
0.0097341022556966
0.009708552634286
0.0096948358323801
0.0096744425841216
0.0096391234970573
0.0096089098152079
0.0096016079049435
0.0095870472315366
0.009558934633006
0.0095338172407305
0.0095238440693343
0.0095107174396359
0.0094930981419678
0.0094757989449505
0.0094613409879933
0.0094456386967601
0.009427978576825
0.0094105851060481
0.0093921742569893
0.0093724222416528
0.009349856969558
0.0093281325918419
0.0093109380996866
0.0092896048464287
0.0092588475808171
0.0092314908017811
0.0092202727226087
0.0092061622731954
0.0091874770334995
0.0091693961901741
0.0091554404875061
0.0091402007306932
0.0091229206179466
0.0091059281343706
0.0090883689928731
0.0090694726314066
0.0090477980791353
0.0090269359111607
0.0090103106532298
0.0089899031283557
0.0089609379549472
0.00893500309992
0.0089259879938536
0.0089097981195414
0.0088784778705213
0.0088516257741208
0.0088441003383945
0.0088318112436687
0.0088118365639289
0.0087929461822466
0.0087815828760553
0.0087684662087905
0.0087528418542203
0.0087374098552762
0.0087221191816638
0.0087057986980026
0.0086875830419726
0.0086697918284689
0.0086523339196334
0.0086328087704281
0.008608673155072
0.008586111385207
0.0085739994385608
0.0085559804176405
0.0085247520844096
0.0084980453685126
0.0084916278035801
0.0084787736071577
0.0084538962726978
0.0084316794908861
0.0084228952013706
0.0084113147482152
0.0083957522688449
0.0083804723691474
0.0083677147972469
0.0083538565525621
0.0083382684125344
0.0083229146819804
0.0083066559601842
0.0082892142332797
0.0082692920889257
0.0082501106091563
0.0082349128648535
0.0082160605800458
0.0081888860657241
0.008164715481809
0.0081548038397929
0.0081423359754298
0.0081258238346521
0.00810984655697
0.0080975175273402
0.0080840524464544
0.0080687817357932
0.0080537657010824
0.0080382553118397
0.0080215610163747
0.0080024071967718
0.0079839723740366
0.0079692930382787
0.0079512671318876
0.0079256702004597
0.0079027534448522
0.0078947968859428
0.0078804976099893
0.0078528245482973
0.0078290994942969
0.0078224526786146
0.0078115955784902
0.0077939459345509
0.0077772543813686
0.0077672137054537
0.0077556225977443
0.0077418135519878
0.0077281748467275
0.0077146637445042
0.0077002412397408
0.0076841413153042
0.0076684170437833
0.0076529945984496
0.0076357422398007
0.0076144090347905
0.0075944685956008
0.007583775224691
0.0075678567559426
0.0075402550904546
0.0075166516377317
0.0075109859164089
0.0074996299192378
0.0074776464581886
0.0074580137654833
0.0074502514970176
0.0074400173648342
0.0074262628647763
0.0074127582296792
0.0074014830264111
0.0073892342132877
0.0073754549269455
0.0073618831100878
0.007357618795004
0.0073533130716957
0.007348974836623
0.0073446125838228
0.0073432026845961
0.0073417910632391
0.0073403778719934
0.0073389632526802
0.007337547336316
0.0073361302422807
0.0073347120814324
0.0073332929570405
0.0073323798287295
0.0073314663648817
0.0073305525879327
0.007329638519264
0.0073293657407662
0.0073290929386319
0.007328820113374
0.007328547265498
0.0073283642313721
0.0073281811874415
0.0073279981338531
0.0073278150707522
0.0073276453751458
0.0073275233055534
0.0073274659640092
0.0073274714920417
0.0073275224241381
0.0073276187461853
0.0073277600456443
0.0073279459136726
0.0073295296855822
0.0073321684563195
0.0073358151529678
0.0073404246895817
0.0073762873542636
0.0074306125247576
0.007499837716293
0.0075806476176915
0.0077185143840957
0.0078716867253573
0.0080366133427271
0.0082087180734737
0.0084164178521377
0.0086289811515331
0.0088452988402592
0.0090632212927962
0.0093495860445826
0.0096368851054298
0.0099251095462545
0.010212680814376
0.010597440161205
0.010981157521205
0.011364452529475
0.011745562040104
0.012252947067798
0.012758822342139
0.013265931182525
0.01376772725488
0.014300678939824
0.014839790266434
0.015399136345239
0.015944384837139
0.016269062419301
0.016598160776832
0.016934345858294
0.017268069983726
0.017593171698218
0.017918481158236
0.018244833629078
0.018569138708829
0.018990978505137
0.019411465421089
0.019832467853024
0.020249149014557
0.020754596434196
0.021263852329567
0.021788497133357
0.022299560424342
0.02261062244101
0.022926243759848
0.023250425648927
0.023570983687158
0.023879708848739
0.024189406212408
0.024501827904544
0.024811465594888
0.02518910346971
0.025566799099535
0.025947967228925
0.026323808238485
0.026741360735987
0.027167269819635
0.027617957840793
0.028052678051355
0.028314561807348
0.028583426258044
0.02886423955914
0.029141369726261
0.029404448236918
0.029669370712494
0.029938119921686
0.030204236822948
0.030528696508915
0.030853888429945
0.031183547809435
0.031507988860549
0.031868549403857
0.032239340712417
0.032638849631473
0.033021158086271
0.033244758695428
0.033476738009514
0.03372286273088
0.033965137641524
0.034191570713492
0.034420622472258
0.034654662593794
0.034886070759508
0.035164109275277
0.035443902571788
0.03573000475431
0.036010697980232
0.036311196105093
0.036624767519881
0.036972898080891
0.037302452729421
0.037488427507307
0.037684430368796
0.037896935378183
0.038105591657749
0.038296854648514
0.03849146966345
0.038692066323271
0.03889016011137
0.039125404714931
0.039363245638354
0.039608799728197
0.039848970407248
0.040098275857285
0.040362685579589
0.040665698426615
0.04094938475
0.041103290381516
0.041268518399976
0.041452196870803
0.041631985662704
0.041792969678677
0.041958003251339
0.042130028444045
0.042299626250489
0.042497153088245
0.042698167792651
0.042908434785337
0.043113287528044
0.043316840981247
0.043537314823575
0.043799884484779
0.044042697988927
0.044168490904943
0.044306769913727
0.044465287862172
0.044619864538503
0.044754293991337
0.044893445028447
0.045040582821474
0.045185349926976
0.045349770493783
0.045518520900701
0.045697968547176
0.045871986825181
0.046036259195291
0.046218820867384
0.04644595661926
0.046653272414509
0.046754925447053
0.046870025335474
0.047006925010354
0.047139795753244
0.047251232417935
0.047368040216751
0.047493841470149
0.047617287482417
0.047752973333763
0.047893806915843
0.048046754633747
0.048194235535337
0.048324929612317
0.048474959814548
0.048671315222614
0.048848029569347
0.048928900631543
0.049024024178631
0.049142326836722
0.049256487192218
0.049347978047105
0.049445465859208
0.049552952770271
0.049658066390526
0.049768947161506
0.049885749802826
0.050016012472406
0.050140758982254
0.050243055025461
0.050365445914264
0.050535282939565
0.050685830288701
0.050748855721782
0.050826797704635
0.050929124893863
0.051027176546045
0.051101381786902
0.051182183616009
0.051273981669134
0.051363357739951
0.051452914674006
0.051549121929992
0.051660060828776
0.051765421678093
0.051843804178879
0.051942817617295
0.052089924907766
0.052218197197594
0.052247283690163
0.052318990231018
0.052482256315416
0.052616705290879
0.052636882500356
0.052686136128598
0.052782889637908
0.052872146916988
0.052915534331391
0.052969222234668
0.053037642599324
0.053104548623333
0.053166091420768
0.053233050135093
0.053310285744931
0.053384552658573
0.053451246086916
0.053529024971978
0.053632520346637
0.053725968602102
0.053753047104184
0.053817819015699
0.053968832668137
0.054088065599971
0.054077955603191
0.054113127371351
0.054235012042605
0.054336076515786
0.054348176433733
0.054379719550532
0.054438616571069
0.054495498056027
0.054532186183659
0.05457558940257
0.054629287771328
0.054681432148411
0.054730449268418
0.054785757148524
0.054854619151033
0.054918806618174
0.054952468189577
0.055008492532689
0.05511668814534
0.055204476709383
0.055218800498635
0.055249525928726
0.055306656327448
0.055359766868046
0.055388090789626
0.055423789959181
0.055471480928953
0.055517072988632
0.055553090988519
0.055596925666368
0.055657469283016
0.055712526119681
0.055730234230657
0.055771432352896
0.055866446207349
0.05594155038517
0.055916030183303
0.055936333230615
0.056053841491961
0.056141998406679
0.056121768100194
0.056131827130581
0.056190708963046
0.056242539991563
0.056251313066116
0.056270984120195
0.056306223261392
0.056340123193216
0.056362510030715
0.056391130657848
0.05643139565709
0.056468757726444
0.05648752153546
0.056519299337704
0.056580551238559
0.056631181023135
0.056609378473309
0.056627720229236
0.056736652778266
0.056813643915949
0.056768275206477
0.056767833762557
0.056851831303952
0.056916706268548
0.056902059517545
0.056906599735983
0.056938207297785
0.056967951384876
0.056976535931773
0.056992319271215
0.057019322125846
0.057044749968345
0.057058538011477
0.057079858067265
0.057117125595818
0.057149392427971
0.057140978599765
0.057157640280931
0.057231914396372
0.057284739580652
0.057271022103838
0.05727500233025
0.057307014744722
0.057335224070143
0.057338016668799
0.05734861025405
0.057371626869073
0.057392805377232
0.057398716909553
0.057403213112913
0.057374919287974
0.057214353287215
0.056966506933541
0.056700351151106
0.056396165989224
0.056105284614009
0.055877172809588
0.055634085970538
0.055361549897721
0.055098641146618
0.054874766831712
0.054639716205519
0.05438220361052
0.054132685303515
0.053906157451211
0.053669008400952
0.053408845356575
0.053157784274518
0.052937754708628
0.05270344155267
0.052437441016153
0.052183632968238
0.051986634191131
0.05177080700581
0.051515103629729
0.051272897034172
0.051098329094262
0.050906386138878
0.05068071187671
0.050464740958195
0.050296605624428
0.050116431003051
0.049913790653483
0.049717463823368
0.049543463645592
0.049360314639546
0.049158723428605
0.048963329040801
0.04878487128857
0.048595457462039
0.048382048719921
0.048177500700676
0.048011892523796
0.04782935342829
0.047609995097664
0.047403343423948
0.047261413059575
0.04710005203217
0.046899789028808
0.046710726558793
0.046579948985995
0.046434966465592
0.046264255680741
0.046099713384988
0.045964475570357
0.045820194677901
0.04565916766469
0.045502640642061
0.045357677951491
0.045204276994976
0.045033188703628
0.044868068252335
0.044724560940623
0.044567767478141
0.044381709338094
0.044205889486591
0.044082836937674
0.043940210297896
0.043756574142019
0.043585534464282
0.043479267663241
0.043355895105368
0.043200853602598
0.043053309818418
0.042946330185701
0.042829096239238
0.042694042159349
0.042562816965757
0.04244544137057
0.042320832794977
0.042182179178205
0.042047546551881
0.041923060370059
0.041788956486299
0.041633905261673
0.041486006930069
0.041373614010811
0.041244148746501
0.041077608584272
0.040923216744889
0.040831731426493
0.04072073381212
0.040571540470406
0.04043228677945
0.040345699947258
0.040246423552096
0.040125420290779
0.040008604137213
0.039913482114909
0.039811086384735
0.039695773372648
0.039583383471416
0.039477067289453
0.039363657970608
0.039235466813732
0.039111916127599
0.03900724775906
0.038889669041985
0.038743598823495
0.038607170668732
0.038522742589007
0.038418453360134
0.0382728709293
0.03813938553898
0.038066968787476
0.037978625428241
0.037861946824251
0.037751084770331
0.037673515867757
0.037587452353514
0.037487277684279
0.037389616583001
0.037300324451389
0.037205119247419
0.037098536773525
0.036994983290496
0.036899039917658
0.036794166824372
0.036669755996171
0.036551852932199
0.036469343519037
0.036369505670687
0.036232040051646
0.036106659937932
0.036042566030388
0.035959637544493
0.035840690631611
0.035730422992182
0.035666544379614
0.035591734397596
0.035499027773342
0.035409203344291
0.035334985083909
0.03525487150493
0.035164474227457
0.035076204392081
0.034991078342107
0.034899703296472
0.03479521403184
0.03469476219743
0.034612956114888
0.034518262372019
0.034395009287035
0.034281366167621
0.034219831616345
0.034138524335679
0.034016493867216
0.033905992381236
0.033852330358382
0.033784309560904
0.033691706113867
0.033603528142415
0.033542100615444
0.033473702596463
0.033394064440952
0.033316179980176
0.033242920514027
0.033164689155843
0.033076840433006
0.032991504923009
0.032912879873886
0.032825679461352
0.032719565541538
0.032619765842232
0.032556259649676
0.032475175384965
0.032355939987288
0.03224884824412
0.032201260406833
0.032135901367343
0.032037418628537
0.031946350832179
0.03189560513829
0.031835591963083
0.031760974610397
0.031688350478584
0.031626610013522
0.03156003576339
0.0314850698622
0.03141177708073
0.031339896336201
0.031262346818428
0.03117275912435
0.031086905482563
0.031020270840762
0.030940624491554
0.030832010649586
0.030733200884063
0.030686641529974
0.030620651531279
0.030515083723886
0.030420376094541
0.030378226485271
0.030323319697071
0.030247380625912
0.030174749177818
0.03012338195489
0.030066287249918
0.030000146569515
0.029935287658762
0.029872420670582
0.029805289563286
0.029729814795145
0.029656539916931
0.029589693955298
0.029514476066139
0.029420631833194
0.029333095540151
0.029282867614155
0.029214883983082
0.02910839622352
0.029014100783706
0.028977374738831
0.028924068662694
0.028840685651413
0.028763542498808
0.028721287761926
0.028671203585272
0.02860919021452
0.028548557896702
0.028495223234087
0.028437876523811
0.028373552736128
0.028310609496743
0.028247974871357
0.02818011241861
0.028101006088344
0.028025454170307
0.027969838196341
0.027901064662556
0.027802867383899
0.027714728682289
0.027678705409833
0.027623763301318
0.027530742999108
0.027447857025296
0.027413431625776
0.027367723139452
0.02730407608833
0.02724286912724
0.027198504361948
0.027149397615192
0.027092915684624
0.027037405347108
0.026982031253336
0.026922948026322
0.026856510937589
0.0267920521779
0.026733955748717
0.026667643216569
0.026582902068191
0.026504517120248
0.026464164565174
0.026406007640886
0.026309279866853
0.026224719001524
0.026195626560112
0.026151146973524
0.02607950086043
0.026013065012929
0.025976839540657
0.02593397237646
0.025881283178906
0.025829553790573
0.025782465984581
0.025732004860006
0.025675651047566
0.025620470582337
0.02556488062149
0.02550443000968
0.025433402840595
0.025365793064444
0.025318665895342
0.025258309623206
0.025168250330201
0.02508845475827
0.025060175106741
0.025013626127008
0.024930740951558
0.024857246010596
0.024828368782604
0.024789501029864
0.024735273811769
0.024682835772136
0.024643782353962
0.024600755131483
0.024551620071792
0.024503245088319
0.024453742884972
0.02440097882581
0.024341667353624
0.024284156852548
0.024232975703479
0.024173755733382
0.02409638033114
0.024025380843213
0.023992600531218
0.023942158967663
0.023853494541015
0.023776849993522
0.023753343789009
0.023715595512247
0.023653331409635
0.023595416982402
0.023563787020808
0.023526470540005
0.023480958156702
0.023436118936308
0.023394027844692
0.023349060406886
0.023299043002698
0.023250042130431
0.023200180000859
0.023145788604898
0.023081446576273
0.023020385518596
0.022980000488184
0.022926469754683
0.022843323195798
0.022770511313826
0.022748019891176
0.022708037577304
0.022633643921455
0.022567908552808
0.022543213457014
0.022509632519778
0.022462783782707
0.022417252898836
0.022382483045742
0.02234433188432
0.022301031298229
0.022258342992684
0.022213729837107
0.022166222733782
0.022112847116238
0.022061117649581
0.022015622193913
0.021962333553718
0.021891349015559
0.021826676700112
0.021799734323766
0.021755511953283
0.021673921926203
0.021604055227631
0.021584722006997
0.021552227524432
0.021497567502586
0.0214465671701
0.021418619785646
0.02138574237269
0.021345908446643
0.021306555594109
0.021268669919534
0.021228295765622
0.021183533838474
0.021139664115122
0.021094670799059
0.021045466072796
0.020986941490512
0.020931541082721
0.02089656768356
0.020848736001967
0.020771857717991
0.020705199306834
0.020687032859375
0.020652269253637
0.020585145876143
0.02052598561479
0.020504554540119
0.020475169502918
0.020434186558022
0.020394191676031
0.020363021509371
0.020328926286688
0.020290408847551
0.020252398009549
0.020212020799119
0.020169058180971
0.020120812978033
0.020074071810299
0.02003336167763
0.019985193237204
0.019920022092521
0.01986099105256
0.019833439969734
0.019800066358546
0.019757023433968
0.019715532537119
0.019683474962533
0.019648380712218
0.019608216238625
0.019568909268211
0.019530378643871
0.019488547526354
0.019439862732979
0.019393177530045
0.019357045859178
0.019313025817458
0.019251433360466
0.019195798056093
0.019172626031239
0.019136406184374
0.019073192575873
0.019017614231344
0.018997271219956
0.018968034449946
0.018924115291063
0.01888246879093
0.018855658311163
0.018825065848233
0.018788717599514
0.01875302711565
0.018718846931493
0.01868213787276
0.018640656014698
0.018600309090666
0.018562784302332
0.018520438454821
0.018467436770093
0.018417987346557
0.018390583759712
0.018351708510394
0.018287644529878
0.018231796426163
0.018214005313252
0.018184498792236
0.018133337585933
0.018086854650943
0.018065125901143
0.018037920131118
0.018002554182193
0.017967994606666
0.017938880049371
0.017907254481644
0.017871470439061
0.017836373921623
0.017800853050899
0.017762401270168
0.017717768572265
0.017675001102671
0.017642653075756
0.017602382753145
0.01754428957704
0.017492400449255
0.017473691737995
0.017441830221369
0.017382829783266
0.017331451990442
0.017314381743115
0.01728907340114
0.017250625974608
0.017213957761124
0.017189896884465
0.017162639507525
0.017130646497688
0.017099122661562
0.017067758971367
0.017034250254313
0.016996656742113
0.016960057224876
0.016925634127677
0.016886623633441
0.016837354402975
0.016791606302552
0.016768259599471
0.016733269046924
0.016672580019629
0.016620381758891
0.016606085411908
0.016580473891626
0.016534322037901
0.01649239641829
0.016473249696483
0.016449273338827
0.016418347904957
0.01638796648683
0.016361475722105
0.016332869289421
0.016300780507271
0.016269257871659
0.016236541592315
0.016201200667476
0.016160257671161
0.016121050759409
0.0160920470396
0.01605520425564
0.016000598640255
0.015952305253505
0.015937149504936
0.015908983599675
0.015854040697658
0.015806570142176
0.015792078730029
0.015769973777012
0.015736073737802
0.015703575891292
0.015681901288795
0.015657477816316
0.015629069119759
0.015601005613937
0.015572254344412
0.015541651556795
0.015507498296259
0.015474224419183
0.015442676537401
0.015406795144409
0.015361142942859
0.01531891780871
0.015298888116308
0.015267313294163
0.015210161593326
0.015161543110353
0.015149906704405
0.015127474601961
0.015085727705737
0.015047796504175
0.015030792815545
0.015009488865489
0.014982163331595
0.014955210458542
0.014931097411416
0.014905161897573
0.014876240956573
0.014847798842669
0.014817739948947
0.014785317872624
0.01474781010747
0.014711907663893
0.01468581193986
0.014652122881977
0.01460114404167
0.01455640103269
0.014539737916531
0.014518224171213
0.014489347360388
0.014461271088947
0.014439427092112
0.014415694353252
0.01438907943732
0.014362808985138
0.014334425321894
0.014304160989258
0.014269978214763
0.014236954052123
0.014209598557207
0.014176213226242
0.014129029286901
0.01408689798767
0.014069194482034
0.014047174684129
0.014018272212455
0.013990312915197
0.013968642374367
0.013945006864335
0.013918222418855
0.013891898371371
0.013864818151552
0.01383565407471
0.013802148820803
0.013769920951089
0.013744415982278
0.013713094205393
0.013668626965395
0.013628797309684
0.013614664399912
0.013589773879334
0.013542282901266
0.013501408528086
0.013489418624404
0.013470338536064
0.013439826937867
0.013410926159662
0.013393221030485
0.013372870805819
0.013348707228399
0.013324855962969
0.013301226097098
0.013276004345398
0.013247833366219
0.013220334687953
0.01319355172737
0.013163546736541
0.013126352670428
0.013091614691936
0.013073024629033
0.013045454199593
0.012997850943146
0.01295705851436
0.012946844081697
0.012927038279561
0.012889399607212
0.012855662587672
0.01284186998992
0.012823910753907
0.012799997954268
0.012776521316008
0.012756761017695
0.012735324823906
0.012711229704565
0.012687510150027
0.012662496876379
0.012635636383922
0.012604889209199
0.012575311536006
0.012552127064895
0.012523288461572
0.012481586608012
0.012444512769895
0.012429348204975
0.012410260630972
0.012384983324259
0.01236051588993
0.012341609691015
0.012320976938974
0.012297606848086
0.012274620085978
0.01225079811562
0.012225187682896
0.01219586086742
0.012167622105513
0.012145004854496
0.012117302885026
0.012078087450403
0.012042957408205
0.012030691787461
0.012008710714451
0.011966217944336
0.011929799170784
0.011919617584994
0.011902974968321
0.011875906706032
0.011850310710177
0.011834937485605
0.011817196124167
0.011796074608997
0.011775208867526
0.011754508166539
0.011732426157665
0.011707804750498
0.011683751453532
0.011660070815013
0.011633621494639
0.011600994457101
0.011570478751092
0.011553997255091
0.011529554131373
0.01148729420287
0.011451145227737
0.011442438347771
0.011425015025416
0.011391291244722
0.011361185599122
0.011349312557318
0.011333653039998
0.01131260453509
0.011291936841443
0.011274689581582
0.011255959607192
0.011234903441825
0.011214160707472
0.011192158470752
0.011168571864859
0.011141663857451
0.011115747864122
0.011095121526737
0.011069590862527
0.011032887114753
0.01100022090992
0.010986768837265
0.01096987910563
0.010947545943187
0.010925935828732
0.010909243394115
0.010891019715945
0.010870359922301
0.010850045533496
0.010829065794001
0.010806488331668
0.010780590158823
0.010755664029859
0.01073580672907
0.010711441027053
0.010676876266806
0.010645921226475
0.010635103154307
0.010615761690987
0.010578454259348
0.010546446782131
0.010537400036358
0.010522696981681
0.010498866997414
0.010476325700027
0.010462727638381
0.010447042886624
0.010428369939849
0.010409928759789
0.010391657845328
0.010372157470341
0.010350392357093
0.010329135870311
0.010308295534648
0.0102849858595
0.010256168523023
0.010229231593144
0.01021475857686
0.010193255751141
0.010156038174343
0.010124194806171
0.010116476359046
0.010101116626677
0.01007149106724
0.01004501847183
0.01003449260433
0.010020645591657
0.010002065718681
0.0099838239242072
0.0099685762633788
0.009952017156899
0.0099333940194799
0.0099150524120202
0.0098956411381511
0.0098748159078333
0.0098510245095455
0.0098281199026829
0.0098099911843603
0.0097875021947698
0.0097550851828543
0.0097262500177361
0.0097144187594094
0.0096995400562366
0.0096798408537477
0.0096607788249159
0.0096460642094979
0.0096299964046735
0.0096117781528582
0.0095938632467677
0.0095753517111855
0.0095554310903932
0.0095325828959766
0.0095105908696151
0.0094930616467935
0.0094715485938657
0.0094410219444392
0.009413686908339
0.0094041723546019
0.0093871022156297
0.009354098889213
0.0093258006639466
0.0093178588254229
0.009304899543666
0.0092838443885331
0.0092639319526384
0.0092519502403745
0.0092381210812283
0.0092216492377594
0.0092053804181524
0.0091892613355781
0.0091720570034315
0.009152855327401
0.0091341011106196
0.0091156984924068
0.0090951178535349
0.0090696796609897
0.00904589967357
0.0090331267024989
0.00901413269593
0.0089812276767518
0.0089530840964436
0.0089463095133139
0.0089327565038883
0.0089065417988698
0.0088831290791456
0.0088738649361532
0.0088616553835828
0.0088452506508053
0.0088291440414309
0.0088156953735818
0.0088010869081648
0.0087846553701726
0.0087684710542174
0.0087513339012423
0.0087329500893739
0.0087119522941646
0.0086917351456898
0.0086757155556927
0.0086558462152519
0.0086272102324823
0.0086017384030696
0.0085912889405717
0.0085781464839893
0.008560743086447
0.0085439034043824
0.0085309078675569
0.0085167153056681
0.0085006200558734
0.0084847932931054
0.0084684458969343
0.0084508510952875
0.0084306647964209
0.0084112361424363
0.0083957634883364
0.0083767657116646
0.0083497930240421
0.0083256434043394
0.0083172515247667
0.0083021795300069
0.0082730225351726
0.0082480233976685
0.00824101308617
0.0082295680747292
0.0082109680310314
0.0081933774906794
0.0081827937515357
0.0081705765619607
0.0081560224226412
0.0081416479464533
0.0081274082716425
0.008112208273094
0.0080952407220144
0.0080786690935531
0.008062415716511
0.0080442344466885
0.0080217538084094
0.0080007405335206
0.0079894679133032
0.0079726919318333
0.0079436107868555
0.0079187404830913
0.0079127638908855
0.0079007942928368
0.0078776318379212
0.0078569452533673
0.007848762110411
0.0078379752007084
0.00782347973551
0.0078092477229136
0.0077973645716425
0.0077844556369933
0.0077699340629893
0.0077556312089333
0.0077404894337541
0.007724244281744
0.0077056856263712
0.007687817764068
0.007673669561075
0.0076561142899051
0.0076308008737789
0.0076082872456533
0.0075990595124251
0.0075874492108142
0.0075720696875236
0.0075571884263294
0.007545706784181
0.0075331664841119
0.0075189437277437
0.0075049581379181
0.0074905123952276
0.0074749635804305
0.0074571233186632
0.0074399527915437
0.0074262811770866
0.007409491191425
0.0073856464787584
0.007364299158995
0.0073631766496219
0.0073620267941969
0.0073608517426792
0.0073596534950213
0.0073584338952453
0.0073571946188934
0.0073559372194028
0.0073546631418236
0.0073541678081405
0.0073536702653395
0.0073531705828721
0.0073526688281133
0.0073521650663596
0.0073516593607936
0.0073511517726885
0.0073506423614858
0.007350461773812
0.0073502809678136
0.0073500999459563
0.0073499187106786
0.0073497372643922
0.0073495556094821
0.0073493737483068
0.0073491916831992
0.0073491460676347
0.0073491004394673
0.0073490547987327
0.0073490091454668
0.0073489850238928
0.0073489608988371
0.0073489367703049
0.0073489126383015
0.0073489019258118
0.0073488912126398
0.0073488804987858
0.0073488697842504
0.0073488667020925
0.0073488636177262
0.0073488605301584
0.0073488574483279
