0
0.020135365484601
0.040270730969203
0.060406096453804
0.080541461938406
0.18121828936141
0.28189511678442
0.38257194420743
0.48324877163043
0.98663290874547
1.4900170458605
1.9934011829755
2.4967853200906
3.0250247051056
3.5532640901207
4.0815034751357
4.6097428601508
5.2485139867254
5.8872851132999
6.5260562398745
7.1648273664491
7.9877784904469
8.8107296144447
9.6336807384426
10.45663186244
11.534979037036
12.613326211631
13.691673386226
14.770020560821
16.24945790682
17.72889525282
19.208332598819
20.687769944819
22.898226736416
25.108683528013
27.31914031961
29.529597111208
31.890746829496
34.251896547785
36.613046266074
38.974195984362
41.335345702651
43.69649542094
46.057645139229
48.418794857517
50.511595912103
52.604396966689
54.697198021275
56.789999075861
58.596467723662
60.402936371462
62.209405019263
64.015873667063
65.826993411531
67.638113155998
69.449232900465
71.260352644932
73.32246234607
75.384572047209
77.446681748347
79.508791449486
81.742006084682
83.975220719878
86.208435355075
88.441649990271
90.562333538334
92.683017086397
94.80370063446
96.924384182523
98.832264695558
100.74014520859
102.64802572163
104.55590623466
106.40980193773
108.26369764079
110.11759334385
111.97148904692
113.97333686827
115.97518468962
117.97703251098
119.97888033233
122.14252258607
124.30616483981
126.46980709355
128.63344934729
130.7715753565
132.9097013657
135.04782737491
137.18595338412
139.16392435144
141.14189531876
143.11986628608
145.0978372534
146.98732911243
148.87682097146
150.76631283049
152.65580468952
154.62323343914
156.59066218876
158.55809093838
160.52551968801
162.63853825996
164.75155683191
166.86457540386
168.97759397581
171.12362226027
173.26965054473
175.41567882919
177.56170711365
179.59494019293
181.62817327221
183.66140635149
185.69463943077
187.61938899867
189.54413856657
191.46888813446
193.39363770236
195.34034628399
197.28705486562
199.23376344724
201.18047202887
203.24948396299
205.31849589711
207.38750783122
209.45651976534
211.59969253493
213.74286530452
215.8860380741
218.02921084369
220.1079036637
222.18659648371
224.26528930372
226.34398212373
228.30745423702
230.2709263503
232.23439846358
234.19787057687
236.13526723673
238.07266389658
240.01006055644
241.9474572163
243.9755529679
246.0036487195
248.0317444711
250.0598402227
252.18785849042
254.31587675813
256.44389502585
258.57191329356
260.68590138671
262.79988947987
264.91387757303
267.02786566618
269.03480701476
271.04174836334
273.04868971192
275.0556310605
276.99619184665
278.9367526328
280.87731341895
282.81787420509
284.80912134158
286.80036847807
288.79161561456
290.78286275105
292.88307604825
294.98328934544
297.08350264264
299.18371593984
301.31957552796
303.45543511608
305.5912947042
307.72715429232
309.78082581465
311.83449733697
313.88816885929
315.94184038162
317.8998507166
319.85786105159
321.81587138657
323.77388172156
325.73610453105
327.69832734054
329.66055015003
331.62277295951
333.68453555826
335.74629815701
337.80806075576
339.86982335451
342.00995579521
344.15008823592
346.29022067663
348.43035311733
350.52941218398
352.62847125062
354.72753031726
356.8265893839
358.81708546947
360.80758155505
362.79807764063
364.78857372621
366.73481746439
368.68106120257
370.62730494075
372.57354867893
374.59113443469
376.60872019045
378.6263059462
380.64389170196
382.76784727245
384.89180284294
387.01575841343
389.13971398392
391.27535589071
393.41099779751
395.5466397043
397.6822816111
399.71839611003
401.75451060896
403.79062510789
405.82673960682
407.77523992008
409.72374023333
411.67224054659
413.62074085984
415.59601425844
417.57128765703
419.54656105563
421.52183445422
423.60982406734
425.69781368046
427.78580329357
429.87379290669
432.02834780805
434.1829027094
436.33745761076
438.49201251212
440.5810030726
442.66999363308
444.75898419356
446.84797475404
448.82038066605
450.79278657807
452.76519249008
454.73759840209
456.68165773558
458.62571706907
460.56977640256
462.51383573605
464.55150242131
466.58916910656
468.62683579182
470.66450247707
472.81284031771
474.96117815834
477.10951599898
479.25785383961
481.39669029008
483.53552674054
485.67436319101
487.81319964147
489.83092292014
491.8486461988
493.86636947746
495.88409275612
497.81720939603
499.75032603593
501.68344267584
503.61655931574
505.59948279938
507.58240628301
509.56532976665
511.54825325028
513.6626413759
515.77702950151
517.89141762713
520.00580575274
522.17810303726
524.35040032178
526.52269760629
528.69499489081
530.77375098887
532.85250708693
534.93126318498
537.01001928304
538.95938211792
540.90874495279
542.85810778767
544.80747062255
546.74408295753
548.68069529252
550.6173076275
552.55391996248
554.61128802123
556.66865607999
558.72602413874
560.78339219749
562.95999784383
565.13660349018
567.31320913653
569.48981478287
571.63305411205
573.77629344122
575.9195327704
578.06277209957
580.05785805603
582.05294401249
584.04802996895
586.04311592541
587.95520108183
589.86728623824
591.77937139465
593.69145655107
595.68052831139
597.66960007172
599.65867183204
601.64774359237
603.79257690401
605.93741021566
608.0822435273
610.22707683894
611.18697217915
612.14686751936
613.10676285957
614.06665819978
615.02655353999
615.98644888019
616.9463442204
617.90623956061
619.3604616514
620.81468374219
622.26890583298
623.72312792377
625.61195665265
627.50078538153
629.38961411041
631.2784428393
633.92484899219
636.57125514508
639.21766129797
641.86406745086
644.26412416167
646.66418087248
649.06423758329
651.4642942941
653.8643510049
656.26440771571
658.66446442652
661.06452113733
663.18673573243
665.30895032754
667.43116492264
669.55337951774
671.34298283132
673.13258614491
674.92218945849
676.71179277207
678.48038883302
680.24898489397
682.01758095492
683.78617701587
685.87620420899
687.9662314021
690.05625859522
692.14628578833
694.61478195604
697.08327812375
699.55177429146
702.02027045917
704.4171677333
706.81406500744
709.21096228157
711.6078595557
713.52748315009
715.44710674448
717.36673033887
719.28635393326
720.92730095901
722.56824798477
724.20919501052
725.85014203628
727.67028030186
729.49041856744
731.31055683303
733.13069509861
735.42795660139
737.72521810418
740.02247960697
742.31974110975
744.90587324759
747.49200538544
750.07813752328
752.66426966112
754.36521975757
756.06616985401
757.76711995045
759.46807004689
761.16902014334
762.86997023978
764.57092033622
766.27187043267
768.46479923195
770.65772803124
772.85065683052
775.04358562981
777.66506981053
780.28655399124
782.90803817196
785.52952235267
787.28948082227
789.04943929187
790.80939776147
792.56935623107
794.32931470067
796.08927317027
797.84923163987
799.60919010947
801.81146495375
804.01373979803
806.2160146423
808.41828948658
810.95762917618
813.49696886579
816.03630855539
818.57564824499
820.34494235932
822.11423647365
823.88353058798
825.65282470231
827.42211881664
829.19141293097
830.9607070453
832.73000115963
834.91308646333
837.09617176704
839.27925707074
841.46234237445
843.96238216953
846.46242196461
848.96246175969
851.46250155476
853.2533811113
855.04426066784
856.83514022437
858.62601978091
860.41689933745
862.20777889398
863.99865845052
865.78953800706
867.96311427225
870.13669053743
872.31026680262
874.48384306781
876.94233888269
879.40083469757
881.85933051246
884.31782632734
886.552043334
888.78626034066
891.02047734733
893.25469435399
895.06258830972
896.87048226546
898.67837622119
900.48627017693
902.16743734595
903.84860451497
905.52977168398
907.210938853
909.1744451128
911.13795137259
913.10145763238
915.06496389218
917.4451475018
919.82533111143
922.20551472106
924.58569833069
927.00362168152
929.42154503235
931.83946838318
934.25739173401
936.25412753607
938.25086333813
940.2475991402
942.24433494226
943.92155811359
945.59878128491
947.27600445623
948.95322762755
950.73023198317
952.50723633879
954.28424069441
956.06124505003
958.25369801234
960.44615097465
962.63860393697
964.83105689928
967.31748144507
969.80390599085
972.29033053664
974.77675508243
976.559523305
978.34229152758
980.12505975016
981.90782797273
983.69059619531
985.47336441788
987.25613264046
989.03890086304
991.20711834669
993.37533583034
995.54355331399
997.71177079764
1000.1678493343
1002.623927871
1005.0800064077
1007.5360849444
1009.7702130598
1012.0043411751
1014.2384692905
1016.4725974058
1018.281863012
1020.0911286181
1021.9003942242
1023.7096598304
1025.3919607601
1027.0742616897
1028.7565626194
1030.4388635491
1032.4015650174
1034.3642664858
1036.3269679541
1038.2896694224
1040.6650568694
1043.0404443164
1045.4158317635
1047.7912192105
1050.2027777319
1052.6143362534
1055.0258947749
1057.4374532964
1059.4336592637
1061.4298652309
1063.4260711982
1065.4222771655
1067.1040705479
1068.7858639304
1070.4676573128
1072.1494506952
1073.9311299145
1075.7128091338
1077.494488353
1079.2761675723
1081.4684013047
1083.660635037
1085.8528687694
1088.0451025017
1090.5241375123
1093.0031725229
1095.4822075334
1097.961242544
1100.1858757315
1102.4105089189
1104.6351421064
1106.8597752939
1108.6448570023
1110.4299387107
1112.2150204192
1114.0001021276
1115.6712624043
1117.342422681
1119.0135829576
1120.6847432343
1122.6606460832
1124.636548932
1126.6124517809
1128.5883546297
1130.9893438777
1133.3903331257
1135.7913223737
1138.1923116217
1140.6087981821
1143.0252847425
1145.441771303
1147.8582578634
1149.8350912121
1151.8119245608
1153.7887579096
1155.7655912583
1157.4303183053
1159.0950453524
1160.7597723994
1162.4244994464
1164.2087931363
1165.9930868262
1167.777380516
1169.5616742059
1171.7740937195
1173.9865132331
1176.1989327467
1178.4113522604
1180.9065697729
1183.4017872855
1185.8970047981
1188.3922223107
1190.1589072229
1191.9255921351
1193.6922770473
1195.4589619595
1197.2256468717
1198.9923317839
1200.7590166961
1202.5257016083
1204.6957731985
1206.8658447887
1209.035916379
1211.2059879692
1213.6843948867
1216.1628018042
1218.6412087217
1221.1196156392
1223.36898779
1225.6183599407
1227.8677320914
1230.1171042421
1231.9193300753
1233.7215559085
1235.5237817416
1237.3260075748
1238.9910138381
1240.6560201014
1242.3210263647
1243.9860326281
1245.9391837789
1247.8923349296
1249.8454860804
1251.7986372312
1254.1845452231
1256.570453215
1258.9563612068
1261.3422691987
1263.7764467322
1266.2106242658
1268.6448017993
1271.0789793328
1273.0817519406
1275.0845245483
1277.0872971561
1279.0900697638
1280.7599818906
1282.4298940173
1284.099806144
1285.7697182708
1287.5352139469
1289.3007096231
1291.0662052992
1292.8317009754
1295.0201323061
1297.2085636368
1299.3969949676
1301.5854262983
1304.0836318384
1306.5818373784
1309.0800429185
1311.5782484586
1313.3620701565
1315.1458918543
1316.9297135522
1318.71353525
1320.4973569479
1322.2811786457
1324.0650003436
1325.8488220414
1328.0204024679
1330.1919828944
1332.3635633208
1334.5351437473
1336.9955336155
1339.4559234837
1341.9163133519
1344.3767032201
1346.6124028623
1348.8481025046
1351.0838021468
1353.3195017891
1355.1273505878
1356.9351993865
1358.7430481852
1360.5508969839
1362.2315005847
1363.9121041855
1365.5927077862
1367.273311387
1369.2367196857
1371.2001279845
1373.1635362832
1375.1269445819
1377.5074678627
1379.8879911436
1382.2685144244
1384.6490377052
1387.0675468809
1389.4860560566
1391.9045652323
1394.323074408
1396.3208541278
1398.3186338476
1400.3164135674
1402.3141932872
1403.9925732317
1405.6709531762
1407.3493331207
1409.0277130652
1410.8056013236
1412.583489582
1414.3613778403
1416.1392660987
1418.3327360407
1420.5262059826
1422.7196759246
1424.9131458665
1427.4021600741
1429.8911742817
1432.3801884893
1434.8692026969
1436.6531325178
1438.4370623387
1440.2209921596
1442.0049219805
1443.7888518014
1445.5727816223
1447.3567114431
1449.140641264
1451.3107787726
1453.4809162811
1455.6510537897
1457.8211912982
1460.2813736612
1462.7415560241
1465.2017383871
1467.66192075
1469.8999192089
1472.1379176679
1474.3759161268
1476.6139145858
1478.4237208834
1480.2335271809
1482.0433334785
1483.8531397761
1485.5335711074
1487.2140024388
1488.8944337701
1490.5748651015
1492.5364145519
1494.4979640024
1496.4595134528
1498.4210629032
1500.8007311525
1503.1803994018
1505.5600676511
1507.9397359004
1510.3609948059
1512.7822537114
1515.203512617
1517.6247715225
1519.6255833341
1521.6263951457
1523.6272069574
1525.628018769
1527.3065990485
1528.985179328
1530.6637596075
1532.3423398871
1534.1177819965
1535.8932241059
1537.6686662153
1539.4441083247
1541.6352558264
1543.8264033281
1546.0175508298
1548.2086983315
1550.6996484348
1553.190598538
1555.6815486413
1558.1724987446
1559.9581294961
1561.7437602475
1563.529390999
1565.3150217505
1567.100652502
1568.8862832535
1570.671914005
1572.4575447564
1574.6284003806
1576.7992560048
1578.9701116289
1581.1409672531
1583.6005875153
1586.0602077776
1588.5198280399
1590.9794483021
1593.2168382338
1595.4542281655
1597.6916180972
1599.9290080289
1601.7390392877
1603.5490705465
1605.3591018053
1607.1691330641
1608.8503365172
1610.5315399703
1612.2127434235
1613.8939468766
1615.8562159304
1617.8184849843
1619.7807540381
1621.743023092
1624.1231299393
1626.5032367865
1628.8833436338
1631.2634504811
1633.6849324759
1636.1064144708
1638.5278964657
1640.9493784605
1642.9502154397
1644.9510524188
1646.9518893979
1648.9527263771
1650.6312550971
1652.3097838172
1653.9883125372
1655.6668412573
1657.4423139149
1659.2177865725
1660.9932592302
1662.7687318878
1664.9602392259
1667.1517465641
1669.3432539022
1671.5347612404
1674.0267006028
1676.5186399652
1679.0105793276
1681.5025186901
1683.2880049782
1685.0734912663
1686.8589775545
1688.6444638426
1690.4299501307
1692.2154364189
1694.000922707
1695.7864089951
1697.9576671261
1700.128925257
1702.300183388
1704.4714415189
1706.9321806605
1709.392919802
1711.8536589435
1714.3143980851
1716.5525528132
1718.7907075413
1721.0288622694
1723.2670169975
1725.0767789145
1726.8865408316
1728.6963027487
1730.5060646658
1732.1865047539
1733.8669448421
1735.5473849302
1737.2278250184
1739.1897217303
1741.1516184421
1743.113515154
1745.0754118659
1747.4563345628
1749.8372572597
1752.2181799566
1754.5991026535
1757.0222119176
1759.4453211817
1761.8684304458
1764.2915397099
1766.2929005985
1768.2942614871
1770.2956223757
1772.2969832644
1773.9747171777
1775.6524510909
1777.3301850042
1779.0079189175
1780.78226074
1782.5566025626
1784.3309443851
1786.1052862076
1788.2965893039
1790.4878924003
1792.6791954967
1794.870498593
1797.3640948845
1799.8576911759
1802.3512874673
1804.8448837588
1806.6302766326
1808.4156695065
1810.2010623803
1811.9864552541
1813.771848128
1815.5572410018
1817.3426338757
1819.1280267495
1821.2997507847
1823.4714748198
1825.643198855
1827.8149228901
1830.2765661935
1832.7382094969
1835.1998528003
1837.6614961036
1839.9000440343
1842.1385919649
1844.3771398955
1846.6156878261
1848.4250622236
1850.234436621
1852.0438110185
1853.8531854159
1855.5330460146
1857.2129066133
1858.892767212
1860.5726278106
1862.534409155
1864.4961904994
1866.4579718438
1868.4197531882
1870.8014148626
1873.1830765369
1875.5647382113
1877.9463998857
1880.3705673698
1882.7947348538
1885.2189023379
1887.6430698219
1889.6445765511
1891.6460832803
1893.6475900095
1895.6490967387
1897.3261769243
1899.0032571099
1900.6803372955
1902.3574174811
1904.1310776786
1905.9047378762
1907.6783980737
1909.4520582712
1911.6434151877
1913.8347721042
1916.0261290207
1918.2174859372
1920.7122526631
1923.2070193891
1925.701786115
1928.196552841
1929.981715424
1931.766878007
1933.5520405899
1935.3372031729
1937.1223657559
1938.9075283388
1940.6926909218
1942.4778535048
1944.6498939392
1946.8219343736
1948.9939748081
1951.1660152425
1953.628456274
1956.0908973056
1958.5533383371
1961.0157793687
1963.2547138282
1965.4936482877
1967.7325827472
1969.9715172067
1971.7805570709
1973.589596935
1975.3986367992
1977.2076766633
1978.8869890323
1980.5663014013
1982.2456137703
1983.9249261393
1985.8865422384
1987.8481583375
1989.8097744367
1991.7713905358
1994.1536199711
1996.5358494064
1998.9180788418
2001.3003082771
2003.7253374425
2006.1503666078
2008.5753957732
2011.0004249385
2013.0020593825
2015.0036938265
2017.0053282706
2019.0069627146
2020.6835097006
2022.3600566867
2024.0366036727
2025.7131506588
2027.4862390778
2029.2593274968
2031.0324159158
2032.8055043348
2034.9968656692
2037.1882270036
2039.3795883379
2041.5709496723
2044.0665978484
2046.5622460246
2049.0578942007
2051.5535423768
2053.3385347516
2055.1235271264
2056.9085195012
2058.693511876
2060.4785042508
2062.2634966256
2064.0484890004
2065.8334813752
2068.0057488039
2070.1780162327
2072.3502836614
2074.5225510902
2076.985546357
2079.4485416238
2081.9115368906
2084.3745321574
2086.6137141642
2088.852896171
2091.0920781778
2093.3312601847
2095.1400502472
2096.9488403098
2098.7576303724
2100.5664204349
2102.2453534729
2103.9242865108
2105.6032195487
2107.2821525866
2109.2436689649
2111.2051853432
2113.1667017214
2115.1282180997
2117.5108430968
2119.8934680939
2122.276093091
2124.6587180882
2127.0843112064
2129.5099043246
2131.9354974428
2134.3610905611
2136.3627836683
2138.3644767755
2140.3661698827
2142.36786299
2144.0440430216
2145.7202230532
2147.3964030848
2149.0725831164
2150.8453030342
2152.618022952
2154.3907428698
2156.1634627877
2158.3548474147
2160.5462320418
2162.7376166688
2164.9290012958
2167.4252297496
2169.9214582034
2172.4176866572
2174.913915111
2176.6987759186
2178.4836367262
2180.2684975338
2182.0533583414
2183.838219149
2185.6230799566
2187.4079407641
2189.1928015717
2191.3652156951
2193.5376298185
2195.7100439419
2197.8824580652
2200.3458323736
2202.8092066819
2205.2725809902
2207.7359552986
2209.9753087734
2212.2146622483
2214.4540157231
2216.693369198
2218.501988013
2220.310606828
2222.1192256431
2223.9278444581
2225.6065150458
2227.2851856335
2228.9638562212
2230.642526809
2232.6039703376
2234.5654138663
2236.526857395
2238.4883009236
2240.8711882261
2243.2540755286
2245.6369628311
2248.0198501336
2250.4458188019
2252.8717874702
2255.2977561385
2257.7237248069
2259.7254556221
2261.7271864373
2263.7289172525
2265.7306480678
2267.4065822371
2269.0825164064
2270.7584505758
2272.4343847451
2274.2068584508
2275.9793321564
2277.7518058621
2279.5242795678
2281.7156777564
2283.907075945
2286.0984741336
2288.2898723222
2290.786479962
2293.2830876019
2295.7796952417
2298.2763028816
2300.0610762189
2301.8458495561
2303.6306228934
2305.4153962306
2307.2001695679
2308.9849429051
2310.7697162424
2312.5544895796
2314.7269981386
2316.8995066976
2319.0720152566
2321.2445238156
2323.7081422058
2326.1717605961
2328.6353789863
2331.0989973765
2333.3384591153
2335.5779208541
2337.8173825929
2340.0568443317
2341.8653510329
2343.673857734
2345.4823644352
2347.2908711364
2348.9693728673
2350.6478745983
2352.3263763293
2354.0048780602
2355.9662761303
2357.9276742003
2359.8890722703
2361.8504703403
2364.233525807
2366.6165812736
2368.9996367403
2371.3826922069
2373.8088975043
2376.2351028017
2378.6613080991
2381.0875133964
2383.0892648701
2385.0910163437
2387.0927678174
2389.094519291
2390.7702964116
2392.4460735321
2394.1218506527
2395.7976277732
2397.5699472065
2399.3422666398
2401.1145860731
2402.8869055064
2405.0783146869
2407.2697238675
2409.461133048
2411.6525422286
2411.7265732922
2411.8006043559
2411.8746354196
2411.9486664833
2412.022697547
2412.0967286106
2412.1707596743
2412.244790738
2412.3049772908
2412.3651638437
2412.4253503965
2412.4855369493
2412.7864697135
2413.0874024777
2413.3883352418
2413.689268006
2414.5646122361
2415.4399564661
2416.3153006962
2417.1906449263
2418.1070596422
2419.0234743581
2419.939889074
2420.8563037899
2422.0818851677
2423.3074665454
2424.5330479231
2425.7586293009
2427.375419535
2428.9922097692
2430.6090000034
2432.2257902375
2434.4470990308
2436.6684078242
2438.8897166175
2441.1110254108
2443.7811546782
2446.4512839455
2449.1214132129
2451.7915424803
2453.5852093205
2455.3788761606
2457.1725430008
2458.966209841
2460.7598766812
2462.5535435214
2464.3472103616
2466.1408772018
2468.3787125977
2470.6165479935
2472.8543833894
2475.0922187852
2477.7307207958
2480.3692228063
2483.0077248168
2485.6462268273
2487.4736137569
2489.3010006864
2491.128387616
2492.9557745455
2494.7831614751
2496.6105484046
2498.4379353342
2500.2653222637
2502.5085185675
2504.7517148714
2506.9949111752
2509.2381074791
2511.8593579584
2514.4806084378
2517.1018589171
2519.7231093964
2521.5476920698
2523.3722747431
2525.1968574165
2527.0214400898
2528.8460227632
2530.6706054365
2532.4951881098
2534.3197707832
2536.5590082345
2538.7982456859
2541.0374831372
2543.2767205885
2545.8913060419
2548.5058914952
2551.1204769486
2553.7350624019
2555.5518984487
2557.3687344955
2559.1855705422
2561.002406589
2562.8192426358
2564.6360786826
2566.4529147293
2568.2697507761
2570.5035378513
2572.7373249264
2574.9711120016
2577.2048990768
2579.8083980472
2582.4118970176
2585.0153959881
2587.6188949585
2589.4279878633
2591.237080768
2593.0461736727
2594.8552665775
2596.6643594822
2598.473452387
2600.2825452917
2602.0916381964
2604.3181265202
2606.5446148439
2608.7711031676
2610.9975914914
2613.5857453799
2616.1738992684
2618.7620531569
2621.3502070454
2623.155030966
2624.9598548867
2626.7646788073
2628.569502728
2630.3743266486
2632.1791505693
2633.98397449
2635.7887984106
2638.0072110154
2640.2256236202
2642.444036225
2644.6624488298
2647.2303901441
2649.7983314583
2652.3662727726
2654.9342140869
2656.7384508032
2658.5426875196
2660.3469242359
2662.1511609523
2663.9553976686
2665.759634385
2667.5638711013
2669.3681078177
2671.577948062
2673.7877883062
2675.9976285505
2678.2074687948
2680.7518971232
2683.2963254516
2685.8407537799
2688.3851821083
2690.1921649623
2691.9991478163
2693.8061306704
2695.6131135244
2697.4200963784
2699.2270792324
2701.0340620864
2702.8410449404
2705.0422283722
2707.2434118039
2709.4445952357
2711.6457786675
2714.1648564447
2716.683934222
2719.2030119993
2721.7220897765
2723.5343524516
2725.3466151266
2727.1588778017
2728.9711404767
2730.7834031518
2732.5956658268
2734.4079285018
2736.2201911769
2738.4128804397
2740.6055697026
2742.7982589655
2744.9909482283
2747.4841766355
2749.9774050426
2752.4706334498
2754.9638618569
2757.2359797645
2759.508097672
2761.7802155796
2764.0523334872
2765.8716317012
2767.6909299152
2769.5102281291
2771.3295263431
2772.9980158054
2774.6665052678
2776.3349947301
2778.0034841924
2779.9543061563
2781.9051281202
2783.8559500841
2785.806772048
2788.2168331988
2790.6268943495
2793.0369555003
2795.447016651
2797.9487420382
2800.4504674253
2802.9521928125
2805.4539181996
2807.4983623582
2809.5428065167
2811.5872506752
2813.6316948338
2815.2888698156
2816.9460447974
2818.6032197792
2820.260394761
2821.9839418053
2823.7074888495
2825.4310358938
2827.154582938
2829.3249716956
2831.4953604532
2833.6657492107
2835.8361379683
2838.4050395405
2840.9739411126
2843.5428426848
2846.111744257
2847.9147507204
2849.7177571838
2851.5207636473
2853.3237701107
2855.1267765741
2856.9297830376
2858.732789501
2860.5357959644
2862.7312751699
2864.9267543753
2867.1222335808
2869.3177127862
2871.8031064782
2874.2885001702
2876.7738938622
2879.2592875541
2881.5066016107
2883.7539156673
2886.0012297238
2888.2485437804
2890.0527857355
2891.8570276906
2893.6612696457
2895.4655116008
2897.1394700313
2898.8134284619
2900.4873868924
2902.161345323
2904.1286106338
2906.0958759446
2908.0631412554
2910.0304065662
2912.4386506351
2914.846894704
2917.2551387728
2919.6633828417
2922.1222899931
2924.5811971445
2927.0401042959
2929.4990114473
2931.5092862457
2933.5195610441
2935.5298358424
2937.5401106408
2939.2027852351
2940.8654598294
2942.5281344237
2944.190809018
2945.947867176
2947.704925334
2949.461983492
2951.2190416501
2953.4147375618
2955.6104334735
2957.8061293852
2960.0018252969
2962.5376284174
2965.0734315378
2967.6092346583
2970.1450377788
2971.9289407027
2973.7128436266
2975.4967465505
2977.2806494744
2979.0645523983
2980.8484553222
2982.6323582461
2984.41626117
2986.6011861269
2988.7861110838
2990.9710360407
2993.1559609976
2995.6447378053
2998.133514613
3000.6222914207
3003.1110682284
3005.3654023976
3007.6197365668
3009.8740707359
3012.1284049051
3013.9324092807
3015.7364136563
3017.5404180319
3019.3444224075
3021.0113300912
3022.6782377748
3024.3451454585
3026.0120531422
3027.8639687117
3029.7158842813
3031.5677998509
3033.4197154204
3035.0100710794
3036.6004267385
3038.1907823975
3039.7811380565
3041.6227788133
3043.4644195701
3045.3060603268
3047.1477010836
3049.5568123465
3051.9659236094
3054.3750348722
3056.7841461351
3059.5579550527
3062.3317639703
3065.1055728879
3067.8793818054
3069.484784399
3071.0901869926
3072.6955895862
3074.3009921798
3075.9063947733
3077.5117973669
3079.1171999605
3080.7226025541
3082.9386995471
3085.1547965402
3087.3708935333
3089.5869905263
3092.4278952302
3095.268799934
3098.1097046379
3100.9506093418
3102.668993759
3104.3873781762
3106.1057625934
3107.8241470107
3109.5425314279
3111.2609158451
3112.9793002623
3114.6976846796
3116.9492619245
3119.2008391694
3121.4524164143
3123.7039936592
3126.3808328133
3129.0576719674
3131.7345111215
3134.4113502756
3136.1194504945
3137.8275507134
3139.5356509323
3141.2437511512
3142.9518513701
3144.659951589
3146.3680518079
3148.0761520268
3150.2864431856
3152.4967343445
3154.7070255034
3156.9173166622
3159.5387126208
3162.1601085794
3164.781504538
3167.4029004966
3169.1454782707
3170.8880560447
3172.6306338188
3174.3732115929
3176.1157893669
3177.858367141
3179.6009449151
3181.3435226891
3183.5423747534
3185.7412268177
3187.940078882
3190.1389309463
3192.6892910208
3195.2396510953
3197.7900111698
3200.3403712443
3202.1047625636
3203.869153883
3205.6335452023
3207.3979365217
3209.162327841
3210.9267191604
3212.6911104797
3214.4555017991
3216.6384741364
3218.8214464738
3221.0044188111
3223.1873911485
3225.6862804392
3228.1851697299
3230.6840590207
3233.1829483114
3234.970167431
3236.7573865505
3238.5446056701
3240.3318247896
3242.1190439092
3243.9062630287
3245.6934821482
3247.4807012678
3249.6519259718
3251.8231506757
3253.9943753797
3256.1656000837
3258.6201765162
3261.0747529486
3263.5293293811
3265.9839058136
3268.213678102
3270.4434503904
3272.6732226787
3274.9029949671
3276.7100359465
3278.5170769259
3280.3241179052
3282.1311588846
3283.8147536867
3285.4983484888
3287.1819432908
3288.8655380929
3290.8311288706
3292.7967196483
3294.7623104259
3296.7279012036
3299.1032954903
3301.4786897769
3303.8540840636
3306.2294783502
3308.6351316948
3311.0407850393
3313.4464383839
3315.8520917284
3317.8430862792
3319.83408083
3321.8250753807
3323.8160699315
3325.4980154439
3327.1799609563
3328.8619064687
3330.5438519811
3332.3297836162
3334.1157152513
3335.9016468865
3337.6875785216
3339.882376849
3342.0771751764
3344.2719735038
3346.4667718313
3348.9388441294
3351.4109164276
3353.8829887258
3356.355061024
3358.5691188807
3360.7831767375
3362.9972345942
3365.211292451
3366.9938746733
3368.7764568956
3370.559039118
3372.3416213403
3374.0187493857
3375.6958774312
3377.3730054766
3379.050133522
3381.0333522413
3383.0165709606
3384.9997896799
3386.9830083992
3389.3811842209
3391.7793600427
3394.1775358644
3396.5757116861
3398.9761776499
3401.3766436136
3403.7771095774
3406.1775755411
3408.144589617
3410.1116036929
3412.0786177688
3414.0456318447
3415.7147930948
3417.3839543449
3419.053115595
3420.7222768452
3422.5189571536
3424.3156374621
3426.1123177706
3427.9089980791
3430.1276091011
3432.3462201231
3434.5648311451
3436.7834421671
3439.2635615857
3441.7436810044
3444.2238004231
3446.7039198417
3448.8987024499
3451.0934850581
3453.2882676662
3455.4830502744
3457.2469989302
3459.010947586
3460.7748962419
3462.5388448977
3464.2171003441
3465.8953557906
3467.573611237
3469.2518666834
3471.2550652392
3473.2582637949
3475.2614623507
3477.2646609064
3479.6821097435
3482.0995585806
3484.5170074177
3486.9344562548
3489.3270048342
3491.7195534135
3494.1121019929
3496.5046505723
3498.4501324481
3500.395614324
3502.3410961998
3504.2865780757
3505.9467328977
3507.6068877198
3509.2670425419
3510.927197364
3512.7360184721
3514.5448395802
3516.3536606884
3518.1624817965
3520.4033662394
3522.6442506823
3524.8851351252
3527.1260195681
3529.6127691158
3532.0995186636
3534.5862682113
3537.073017759
3539.2503665006
3541.4277152421
3543.6050639837
3545.7824127253
3547.5302030741
3549.2779934229
3551.0257837717
3552.7735741205
3554.4534050896
3556.1332360588
3557.8130670279
3559.4928979971
3561.5142604732
3563.5356229492
3565.5569854253
3567.5783479014
3570.0135747267
3572.4488015521
3574.8840283774
3577.3192552028
3579.7056747109
3582.0920942191
3584.4785137273
3586.8649332355
3588.7917555678
3590.7185779002
3592.6454002325
3594.5722225649
3596.2239439412
3597.8756653176
3599.5273866939
3601.1791080702
3602.9979708481
3604.816833626
3606.6356964039
3608.4545591818
3610.7152088199
3612.975858458
3615.2365080962
3617.4971577343
3619.9911342124
3622.4851106905
3624.9790871685
3627.4730636466
3629.6363065849
3631.7995495232
3633.9627924615
3636.1260353998
3637.8594161585
3639.5927969172
3641.3261776758
3643.0595584345
3644.7395521108
3646.4195457872
3648.0995394635
3649.7795331398
3651.8158629798
3653.8521928197
3655.8885226597
3657.9248524997
3660.3763600286
3662.8278675576
3665.2793750866
3667.7308826156
3670.113787087
3672.4966915583
3674.8795960296
3677.262500501
3679.1737866016
3681.0850727022
3682.9963588028
3684.9076449034
3686.5510774822
3688.194510061
3689.8379426398
3691.4813752186
3693.3074303393
3695.1334854599
3696.9595405806
3698.7855957012
3701.0628612207
3703.3401267403
3705.6173922598
3707.8946577793
3710.3963437062
3712.8980296331
3715.3997155599
3717.9014014868
3719.6223218394
3721.3432421921
3723.0641625448
3724.7850828975
3726.5060032502
3728.2269236028
3729.9478439555
3731.6687643082
3733.8375218402
3736.0062793722
3738.1750369042
3740.3437944362
3742.8774416479
3745.4110888595
3747.9447360711
3750.4783832828
3752.2652063513
3754.0520294199
3755.8388524885
3757.625675557
3759.4124986256
3761.1993216942
3762.9861447627
3764.7729678313
3766.9517379847
3769.130508138
3771.3092782914
3773.4880484448
3775.9509686478
3778.4138888509
3780.8768090539
3783.339729257
3785.5691745122
3787.7986197674
3790.0280650226
3792.2575102778
3794.0591631427
3795.8608160076
3797.6624688725
3799.4641217374
3801.1449218091
3802.8257218808
3804.5065219524
3806.1873220241
3808.1570689812
3810.1268159382
3812.0965628953
3814.0663098523
3816.4527708989
3818.8392319456
3821.2256929922
3823.6121540388
3826.0273486699
3828.4425433009
3830.857737932
3833.272932563
3835.2630479259
3837.2531632887
3839.2432786515
3841.2333940143
3842.9088936203
3844.5843932262
3846.2598928322
3847.9353924382
3849.7177137201
3851.5000350021
3853.282356284
3855.064677566
3857.2655641278
3859.4664506895
3861.6673372513
3863.8682238131
3866.3583529839
3868.8484821548
3871.3386113257
3873.8287404965
3875.6069608071
3877.3851811177
3879.1634014282
3880.9416217388
3882.7198420493
3884.4980623599
3886.2762826704
3888.054502981
3890.2247503327
3892.3949976843
3894.565245036
3896.7354923877
3899.202655954
3901.6698195203
3904.1369830866
3906.604146653
3908.8470513767
3911.0899561004
3913.3328608241
3915.5757655478
3917.383248892
3919.1907322362
3920.9982155804
3922.8056989246
3924.480354028
3926.1550091315
3927.829664235
3929.5043193385
3931.4624418419
3933.4205643453
3935.3786868488
3937.3368093522
3939.7192222527
3942.1016351533
3944.4840480538
3946.8664609544
3949.294158775
3951.7218565957
3954.1495544163
3956.577252237
3958.5798506975
3960.5824491579
3962.5850476184
3964.5876460789
3966.2626391117
3967.9376321444
3969.6126251772
3971.28761821
3973.0582001981
3974.8287821863
3976.5993641745
3978.3699461627
3980.5595991017
3982.7492520407
3984.9389049797
3987.1285579186
3989.6240727147
3992.1195875108
3994.6151023069
3997.110617103
3998.8959009238
4000.6811847446
4002.4664685655
4004.2517523863
4006.0370362071
4007.822320028
4009.6076038488
4011.3928876696
4013.5646615518
4015.736435434
4017.9082093162
4020.0799831985
4022.5408253641
4025.0016675298
4027.4625096955
4029.9233518611
4032.1605953002
4034.3978387393
4036.6350821784
4038.8723256176
4040.6812819175
4042.4902382175
4044.2991945175
4046.1081508174
4047.7886324983
4049.4691141791
4051.14959586
4052.8300775408
4054.7927015139
4056.755325487
4058.71794946
4060.6805734331
4063.0617988564
4065.4430242796
4067.8242497029
4070.2054751262
4072.6273954683
4075.0493158105
4077.4712361527
4079.8931564949
4081.8932612644
4083.8933660339
4085.8934708035
4087.893575573
4089.5712647124
4091.2489538518
4092.9266429912
4094.6043321306
4096.379721108
4098.1551100855
4099.9304990629
4101.7058880404
4103.8981431001
4106.0903981597
4108.2826532194
4110.474908279
4112.9676192887
4115.4603302985
4117.9530413082
4120.4457523179
4122.2304608399
4124.0151693618
4125.7998778838
4127.5845864058
4129.3692949278
4131.1540034497
4132.9387119717
4134.7234204937
4136.8948261958
4139.0662318979
4141.2376376
4143.4090433022
4145.8708633918
4148.3326834815
4150.7945035711
4153.2563236608
4155.4951014907
4157.7338793205
4159.9726571504
4162.2114349802
4164.020748837
4165.8300626937
4167.6393765505
4169.4486904072
4171.1282776622
4172.8078649172
4174.4874521723
4176.1670394273
4178.1285380856
4180.0900367439
4182.0515354023
4184.0130340606
4186.3944790355
4188.7759240103
4191.1573689852
4193.5388139601
4195.9628427186
4198.386871477
4200.8109002355
4203.234928994
4205.2364300675
4207.237931141
4209.2394322146
4211.2409332881
4212.9180762081
4214.595219128
4216.2723620479
4217.9495049678
4219.7231885607
4221.4968721535
4223.2705557463
4225.0442393391
4227.2354484481
4229.4266575571
4231.617866666
4233.809075775
4236.3033978028
4238.7977198307
4241.2920418585
4243.7863638863
4245.5716049938
4247.3568461013
4249.1420872088
4250.9273283163
4252.7125694238
4254.4978105313
4256.2830516388
4258.0682927463
4260.2401644269
4262.4120361074
4264.5839077879
4266.7557794685
4269.2177444581
4271.6797094478
4274.1416744375
4276.6036394271
4278.8422604097
4281.0808813922
4283.3195023748
4285.5581233573
4287.3672913129
4289.1764592685
4290.9856272241
4292.7947951797
4294.4744367939
4296.1540784081
4297.8337200222
4299.5133616364
4301.4751332427
4303.436904849
4305.3986764553
4307.3604480616
4309.7423388359
4312.1242296103
4314.5061203846
4316.888011159
4319.3123792938
4321.7367474285
4324.1611155633
4326.5854836981
4328.5869176628
4330.5883516274
4332.5897855921
4334.5912195568
4336.2680999683
4337.9449803797
4339.6218607912
4341.2987412027
4343.0722897459
4344.8458382891
4346.6193868323
4348.3929353755
4350.5843773302
4352.7758192848
4354.9672612395
4357.1587031941
4359.6536890163
4362.1486748384
4364.6436606605
4367.1386464826
4368.9236844835
4370.7087224844
4372.4937604852
4374.2787984861
4376.063836487
4377.8488744879
4379.6339124888
4381.4189504896
4383.5910358984
4385.7631213071
4387.9352067159
4390.1072921246
4392.5699307282
4395.0325693318
4397.4952079354
4399.957846539
4402.1968785581
4404.4359105773
4406.6749425965
4408.9139746156
4410.722923256
4412.5318718963
4414.3408205367
4416.1497691771
4417.8289325831
4419.5080959891
4421.1872593951
4422.8664228011
4424.8279834969
4426.7895441927
4428.7511048886
4430.7126655844
4433.0950034656
4435.4773413469
4437.8596792281
4440.2420171094
4442.6672076428
4445.0923981762
4447.5175887096
4449.942779243
4451.9444248077
4453.9460703725
4455.9477159372
4457.949361502
4459.6257964232
4461.3022313444
4462.9786662657
4464.6551011869
4466.4280797716
4468.2010583563
4469.974036941
4471.7470155257
4473.9383760987
4476.1297366718
4478.3210972449
4480.512457818
4483.0082446913
4485.5040315646
4487.999818438
4490.4956053113
4492.2805591143
4494.0655129173
4495.8504667204
4497.6354205234
4499.4203743264
4501.2053281294
4502.9902819325
4504.7752357355
4506.9475324737
4509.1198292119
4511.2921259502
4513.4644226884
4515.9274954243
4518.3905681601
4520.853640896
4523.3167136318
4525.5559223985
4527.7951311653
4530.034339932
4532.2735486987
4534.0822960109
4535.8910433232
4537.6997906354
4539.5085379477
4541.1874168538
4542.8662957599
4544.545174666
4546.2240535721
4548.1855599874
4550.1470664027
4552.108572818
4554.0700792333
4556.4527551871
4558.8354311408
4561.2181070945
4563.6007830482
4566.026433284
4568.4520835197
4570.8777337555
4573.3033839912
4575.3050704237
4577.3067568561
4579.3084432886
4581.310129721
4582.9862631755
4584.66239663
4586.3385300845
4588.014663539
4589.7873485012
4591.5600334635
4593.3327184257
4595.1054033879
4597.2967994847
4599.4881955815
4601.6795916783
4603.8709877751
4606.367272954
4608.8635581329
4611.3598433119
4613.8561284908
4615.6409661832
4617.4258038757
4619.2106415682
4620.9954792607
4622.7803169531
4624.5651546456
4626.3499923381
4628.1348300305
4630.3072565477
4632.4796830649
4634.6521095821
4636.8245360993
4639.2879527471
4641.7513693948
4644.2147860425
4646.6782026902
4648.9175753916
4651.1569480931
4653.3963207945
4655.6356934959
4657.4442922438
4659.2528909916
4661.0614897395
4662.8700884873
4664.5487285157
4666.2273685441
4667.9060085725
4669.5846486009
4671.5460826277
4673.5075166545
4675.4689506813
4677.4303847081
4679.8132973276
4682.1962099471
4684.5791225667
4686.9620351862
4689.3880387663
4691.8140423464
4694.2400459265
4696.6660495066
4698.6677817625
4700.6695140184
4702.6712462743
4704.6729785302
4706.3488881841
4708.0247978381
4709.7007074921
4711.376617146
4713.1490680823
4714.9215190185
4716.6939699548
4718.4664208911
4720.6578208378
4722.8492207846
4725.0406207314
4727.2320206782
4729.7286602552
4732.2252998323
4734.7219394093
4737.2185789863
4739.0033430863
4740.7881071863
4742.5728712862
4744.3576353862
4746.1423994862
4747.9271635862
4749.7119276862
4751.4966917862
4753.6692075244
4755.8417232627
4758.0142390009
4760.1867547392
4762.6503928975
4765.1140310558
4767.5776692141
4770.0413073724
4772.2807770336
4774.5202466948
4776.759716356
4778.9991860172
4780.807682888
4782.6161797588
4784.4246766296
4786.2331735004
4787.9116616266
4789.5901497529
4791.2686378791
4792.9471260054
4794.9085209604
4796.8699159154
4798.8313108704
4800.7927058254
4803.1757741425
4805.5588424595
4807.9419107766
4810.3249790936
4812.7512004354
4815.1774217772
4817.603643119
4820.0298644608
4820.587198148
4821.1445318352
4821.7018655224
4822.2591992096
4822.5726840625
4822.8861689153
4823.1996537681
4823.5131386209
4823.6026039901
4823.6920693593
4823.7815347284
4823.8710000976
4823.8984036981
4823.9258072986
4823.9532108991
4823.9806144996
4824.0080181001
4824.0354217006
4824.0628253011
4824.0902289016
4824.1143849715
4824.1385410414
4824.1626971113
4824.1868531813
4824.3076335308
4824.4284138804
4824.54919423
4824.6699745795
4825.2738763274
4825.8777780752
4826.4816798231
4827.0855815709
4827.936855341
4828.788129111
4829.6394028811
4830.4906766512
4831.5129884503
4832.5353002494
4833.5576120484
4834.5799238475
4835.9220363572
4837.2641488668
4838.6062613764
4839.9483738861
4841.7648210945
4843.5812683029
4845.3977155113
4847.2141627197
4849.6510747145
4852.0879867094
4854.5248987042
4856.961810699
4859.6032027401
4862.2445947811
4864.8859868221
4867.5273788632
4869.1903991179
4870.8534193727
4872.5164396274
4874.1794598822
4875.8424801369
4877.5055003917
4879.1685206464
4880.8315409012
4883.0503858852
4885.2692308693
4887.4880758533
4889.7069208374
4892.5301049946
4895.3532891519
4898.1764733091
4900.9996574663
4902.818646219
4904.6376349717
4906.4566237244
4908.2756124771
4910.0946012298
4911.9135899825
4913.7325787352
4915.5515674879
4917.8321940813
4920.1128206747
4922.3934472681
4924.6740738615
4927.3591846998
4930.0442955382
4932.7294063765
4935.4145172148
4937.1952579068
4938.9759985988
4940.7567392909
4942.5374799829
4944.3182206749
4946.0989613669
4947.8797020589
4949.6604427509
4951.9123713467
4954.1642999425
4956.4162285383
4958.668157134
4961.3733838845
4964.078610635
4966.7838373855
4969.489064136
4971.2795080917
4973.0699520474
4974.860396003
4976.6508399587
4978.4412839143
4980.23172787
4982.0221718256
4983.8126157813
4986.064765452
4988.3169151227
4990.5690647934
4992.8212144641
4995.4899862218
4998.1587579794
5000.827529737
5003.4963014947
5005.276742971
5007.0571844474
5008.8376259238
5010.6180674002
5012.3985088765
5014.1789503529
5015.9593918293
5017.7398333056
5019.979091892
5022.2183504783
5024.4576090647
5026.696867651
5029.3442405382
5031.9916134253
5034.6389863125
5037.2863591997
5039.0676109725
5040.8488627454
5042.6301145183
5044.4113662912
5046.1926180641
5047.9738698369
5049.7551216098
5051.5363733827
5053.7663674342
5055.9963614856
5058.2263555371
5060.4563495885
5063.0719657965
5065.6875820046
5068.3031982126
5070.9188144206
5072.7021829603
5074.4855514999
5076.2689200396
5078.0522885792
5079.8356571189
5081.6190256586
5083.4023941982
5085.1857627379
5087.4049263478
5089.6240899578
5091.8432535677
5094.0624171777
5096.6463516904
5099.230286203
5101.8142207157
5104.3981552283
5106.1874959423
5107.9768366563
5109.7661773704
5111.5555180844
5113.3448587984
5115.1341995124
5116.9235402264
5118.7128809404
5120.9219135366
5123.1309461328
5125.339978729
5127.5490113252
5130.1002982056
5132.651585086
5135.2028719664
5137.7541588468
5139.5514177344
5141.348676622
5143.1459355096
5144.9431943972
5146.7404532848
5148.5377121725
5150.3349710601
5152.1322299477
5154.3314682452
5156.5307065427
5158.7299448401
5160.9291831376
5163.4488975134
5165.9686118891
5168.4883262648
5171.0080406406
5172.8146260084
5174.6212113762
5176.427796744
5178.2343821118
5180.0409674796
5181.8475528474
5183.6541382152
5185.460723583
5187.6507995381
5189.8408754932
5192.0309514483
5194.2210274034
5196.7107604233
5199.2004934433
5201.6902264632
5204.1799594832
5206.4464988683
5208.7130382534
5210.9795776385
5213.2461170236
5215.0627136172
5216.8793102108
5218.6959068045
5220.5125033981
5222.1823884436
5223.8522734891
5225.5221585346
5227.1920435801
5229.145460378
5231.098877176
5233.052293974
5235.0057107719
5237.4121222698
5239.8185337676
5242.2249452655
5244.6313567634
5247.1188918413
5249.6064269193
5252.0939619972
5254.5814970752
5256.6170697894
5258.6526425036
5260.6882152178
5262.723787932
5264.384374282
5266.0449606321
5267.7055469822
5269.3661333323
5271.0998881753
5272.8336430183
5274.5673978613
5276.3011527043
5278.4773178946
5280.653483085
5282.8296482753
5285.0058134657
5287.561622704
5290.1174319423
5292.6732411807
5295.229050419
5297.0276149636
5298.8261795082
5300.6247440528
5302.4233085974
5304.221873142
5306.0204376866
5307.8190022312
5309.6175667759
5311.808983016
5314.0003992561
5316.1918154963
5318.3832317364
5320.8663466805
5323.3494616247
5325.8325765688
5328.3156915129
5330.5631376532
5332.8105837934
5335.0580299337
5337.305476074
5339.110800077
5340.9161240799
5342.7214480829
5344.5267720859
5346.2010248763
5347.8752776666
5349.549530457
5351.2237832474
5353.1894922545
5355.1552012615
5357.1209102685
5359.0866192756
5361.4905565059
5363.8944937363
5366.2984309666
5368.702368197
5371.1563788471
5373.6103894972
5376.0644001473
5378.5184107974
5380.5281834445
5382.5379560916
5384.5477287387
5386.5575013858
5388.2230434256
5389.8885854655
5391.5541275054
5393.2196695453
5394.9794035317
5396.7391375181
5398.4988715045
5400.2586054909
5402.4533030878
5404.6480006848
5406.8426982817
5409.0373958786
5411.5661900645
5414.0949842504
5416.6237784363
5419.1525726222
5420.9376577623
5422.7227429023
5424.5078280424
5426.2929131825
5428.0779983225
5429.8630834626
5431.6481686027
5433.4332537427
5434.4077175095
5435.3821812762
5436.356645043
5437.3311088098
5438.3055725765
5439.2800363433
5440.2545001101
5441.2289638768
5442.7085264432
5444.1880890097
5445.6676515761
5447.1472141425
5449.0724398514
5450.9976655604
5452.9228912693
5454.8481169782
5457.4885174216
5460.1289178651
5462.7693183085
5465.409718752
5467.5581086299
5469.7064985078
5471.8548883857
5474.0032782636
5476.1516681415
5478.3000580194
5480.4484478973
5482.5968377752
5484.7770451111
5486.9572524471
5489.137459783
5491.3176671189
5493.3889851495
5495.4603031802
5497.5316212108
5499.6029392415
5501.5488918315
5503.4948444216
5505.4407970116
5507.3867496017
5509.3355236411
5511.2842976805
5513.23307172
5515.1818457594
5517.2664447881
5519.3510438168
5521.4356428455
5523.5202418742
5525.7264908677
5527.9327398612
5530.1389888547
5532.3452378481
5534.4981314735
5536.6510250988
5538.8039187241
5540.9568123494
5542.935884409
5544.9149564686
5546.8940285282
5548.8731005877
5550.7646485686
5552.6561965495
5554.5477445303
5556.4392925112
5558.429443565
5560.4195946189
5562.4097456728
5564.3998967266
5566.575932873
5568.7519690194
5570.9280051658
5573.1040413122
5575.3310031754
5577.5579650387
5579.7849269019
5582.0118887651
5584.0739877158
5586.1360866665
5588.1981856172
5590.2602845678
5592.1453319844
5594.030379401
5595.9154268176
5597.8004742342
5599.6984143537
5601.5963544732
5603.4942945926
5605.3922347121
5607.484709024
5609.5771833359
5611.6696576479
5613.7621319598
5616.0173848646
5618.2726377695
5620.5278906743
5622.7831435792
5624.952056219
5627.1209688589
5629.2898814988
5631.4587941386
5633.3961200893
5635.33344604
5637.2707719907
5639.2080979414
5641.0472864713
5642.8864750012
5644.7256635312
5646.5648520611
5648.5458530558
5650.5268540504
5652.5078550451
5654.4888560398
5656.7064403587
5658.9240246777
5661.1416089966
5663.3591933155
5665.6203558446
5667.8815183737
5670.1426809027
5672.4038434318
5674.443751023
5676.4836586142
5678.5235662054
5680.5634737966
5682.3987061306
5684.2339384645
5686.0691707985
5687.9044031324
5689.7791398626
5691.6538765928
5693.528613323
5695.4033500532
5697.5241259079
5699.6449017627
5701.7656776174
5703.8864534722
5706.1870317671
5708.4876100621
5710.788188357
5713.088766652
5715.2568054802
5717.4248443084
5719.5928831366
5721.7609219648
5723.6546892695
5725.5484565742
5727.442223879
5729.3359911837
5731.1404989026
5732.9450066216
5734.7495143405
5736.5540220595
5738.5467177677
5740.5394134759
5742.5321091841
5744.5248048923
5746.789496136
5749.0541873798
5751.3188786235
5753.5835698673
5755.8660807583
5758.1485916493
5760.4311025404
5762.7136134314
5764.7219547705
5766.7302961096
5768.7386374488
5770.7469787879
5772.5400805224
5774.3331822569
5776.1262839914
5777.9193857259
5779.7875995651
5781.6558134044
5783.5240272437
5785.392241083
5787.5515607867
5789.7108804904
5791.8702001941
5794.0295198979
5796.369971336
5798.7104227742
5801.0508742123
5803.3913256504
5805.5473008015
5807.7032759525
5809.8592511035
5812.0152262545
5813.8656986351
5815.7161710158
5817.5666433965
5819.4171157771
5821.1977151663
5822.9783145555
5824.7589139447
5826.5395133338
5828.5545080162
5830.5695026986
5832.5844973809
5834.5994920633
5836.912145089
5839.2247981147
5841.5374511404
5843.8501041661
5846.1450728979
5848.4400416296
5850.7350103613
5853.029979093
5855.002554209
5856.975129325
5858.947704441
5860.920279557
5862.676766799
5864.433254041
5866.1897412831
5867.9462285251
5869.8167120061
5871.6871954871
5873.5576789681
5875.4281624491
5877.6297546508
5879.8313468524
5882.032939054
5884.2345312556
5886.6098442726
5888.9851572896
5891.3604703066
5893.7357833236
5895.8738226514
5898.0118619792
5900.149901307
5902.2879406348
5904.0970550228
5905.9061694109
5907.7152837989
5909.524398187
5911.2874807846
5913.0505633821
5914.8136459797
5916.5767285773
5918.618219499
5920.6597104207
5922.7012013424
5924.7426922641
5927.1015699531
5929.4604476421
5931.8193253311
5934.1782030201
5936.4800639184
5938.7819248168
5941.0837857152
5943.3856466135
5945.3219663634
5947.2582861134
5949.1946058633
5951.1309256133
5952.8552573082
5954.5795890032
5956.3039206981
5958.0282523931
5959.9050949248
5961.7819374566
5963.6587799883
5965.5356225201
5967.7791072772
5970.0225920342
5972.2660767913
5974.5095615483
5976.9150854847
5979.3206094211
5981.7261333575
5984.1316572938
5986.2496114361
5988.3675655784
5990.4855197207
5992.603473863
5994.3746367377
5996.1457996125
5997.9169624873
5999.6881253621
6001.4377962241
6003.1874670862
6004.9371379482
6006.6868088102
6008.7549626931
6010.8231165759
6012.8912704588
6014.9594243417
6017.360713163
6019.7620019844
6022.1632908058
6024.5645796271
6026.8699725007
6029.1753653744
6031.480758248
6033.7861511216
6035.6885494019
6037.5909476823
6039.4933459626
6041.3957442429
6043.0922969418
6044.7888496407
6046.4854023396
6048.1819550385
6050.0664351055
6051.9509151724
6053.8353952394
6055.7198753064
6058.0017803368
6060.2836853672
6062.5655903976
6064.8474954281
6067.2785271701
6069.7095589122
6072.1405906543
6074.5716223964
6076.6701019512
6078.768581506
6080.8670610607
6082.9655406155
6084.7036233094
6086.4417060033
6088.1797886972
6089.9178713911
6091.6571049399
6093.3963384886
6095.1355720374
6096.8748055861
6098.9670013425
6101.0591970989
6103.1513928553
6105.2435886117
6107.6816064464
6110.1196242812
6112.557642116
6114.9956599508
6117.3027804077
6119.6099008646
6121.9170213216
6124.2241417785
6126.0971744404
6127.9702071024
6129.8432397643
6131.7162724262
6133.3897316952
6135.0631909641
6136.7366502331
6138.4101095021
6140.3017054195
6142.193301337
6144.0848972544
6145.9764931719
6148.291005275
6150.6055173782
6152.9200294813
6155.2345415845
6157.6863121049
6160.1380826252
6162.5898531456
6165.041623666
6167.1232998826
6169.2049760992
6171.2866523158
6173.3683285323
6175.0793115623
6176.7902945924
6178.5012776224
6180.2122606524
6181.9433426489
6183.6744246453
6185.4055066418
6187.1365886383
6189.2483998047
6191.3602109712
6193.4720221376
6195.583833304
6198.0516646717
6200.5194960394
6202.9873274072
6205.4551587749
6207.7633829518
6210.0716071287
6212.3798313055
6214.6880554824
6216.5376602412
6218.387265
6220.2368697588
6222.0864745176
6223.7416479071
6225.3968212966
6227.0519946861
6228.7071680756
6230.6042657576
6232.5013634396
6234.3984611216
6236.2955588036
6238.6355880257
6240.9756172478
6243.3156464699
6245.655675692
6248.1236863931
6250.5916970941
6253.0597077952
6255.5277184963
6257.5964926922
6259.6652668882
6261.7340410841
6263.8028152801
6265.4930350695
6267.183254859
6268.8734746484
6270.5636944378
6272.2883394778
6274.0129845179
6275.7376295579
6277.462274598
6279.5885213648
6281.7147681317
6283.8410148986
6285.9672616655
6288.4577682494
6290.9482748333
6293.4387814172
6295.9292880011
6297.7617324864
6299.5941769717
6301.426621457
6303.2590659423
6305.0915104277
6306.923954913
6308.7563993983
6310.5888438836
6312.7583939819
6314.9279440802
6317.0974941785
6319.2670442769
6321.6668400346
6324.0666357923
6326.46643155
6328.8662273078
6331.0602689036
6333.2543104993
6335.4483520951
6337.6423936909
6339.4715918472
6341.3007900034
6343.1299881597
6344.959186316
6346.6913315442
6348.4234767725
6350.1556220007
6351.8877672289
6353.8804900484
6355.8732128678
6357.8659356872
6359.8586585067
6362.2114167048
6364.5641749029
6366.916933101
6369.2696912992
6371.6304326994
6373.9911740995
6376.3519154997
6378.7126568999
6380.6970060556
6382.6813552113
6384.665704367
6386.6500535227
6388.3635333965
6390.0770132704
6391.7904931443
6393.5039730181
6395.3261293524
6397.1482856867
6398.970442021
6400.7925983553
6402.9958359567
6405.199073558
6407.4023111594
6409.6055487608
6412.0493309863
6414.4931132118
6416.9368954373
6419.3806776628
6421.5712992607
6423.7619208586
6425.9525424565
6428.1431640545
6429.9345189061
6431.7258737578
6433.5172286094
6435.3085834611
6437.0134161238
6438.7182487865
6440.4230814492
6442.1279141119
6444.1324371517
6446.1369601914
6448.1414832312
6450.146006271
6452.5419390833
6454.9378718956
6457.3338047079
6459.7297375201
6462.1116405669
6464.4935436137
6466.8754466605
6469.2573497073
6471.2173853682
6473.1774210291
6475.13745669
6477.0974923509
6478.7771822485
6480.4568721462
6482.1365620439
6483.8162519415
6485.6306531363
6487.445054331
6489.2594555258
6491.0738567206
6493.3045120964
6495.5351674722
6497.765822848
6499.9964782239
6502.4754576837
6504.9544371434
6507.4334166032
6509.912396063
6512.0996065807
6514.2868170984
6516.4740276162
6518.6612381339
6520.4228358909
6522.1844336479
6523.9460314049
6525.707629162
6527.3913739359
6529.0751187098
6530.7588634837
6532.4426082576
6534.4560224235
6536.4694365893
6538.4828507552
6540.4962649211
6542.9251955283
6545.3541261356
6547.7830567429
6550.2119873502
6552.6098947969
6555.0078022437
6557.4057096904
6559.8036171371
6561.7454841392
6563.6873511412
6565.6292181432
6567.5710851452
6569.2257369279
6570.8803887106
6572.5350404933
6574.1896922759
6575.9980959376
6577.8064995993
6579.6149032609
6581.4233069226
6583.6732344739
6585.9231620252
6588.1730895765
6590.4230171278
6592.9275561383
6595.4320951487
6597.9366341592
6600.4411731697
6602.1820888314
6603.9230044931
6605.6639201547
6607.4048358164
6609.1457514781
6610.8866671398
6612.6275828014
6614.3684984631
6616.5407935888
6618.7130887146
6620.8853838403
6623.057678966
6625.5747183856
6628.0917578051
6630.6087972247
6633.1258366442
6634.917791436
6636.7097462277
6638.5017010195
6640.2936558112
6642.085610603
6643.8775653948
6645.6695201865
6647.4614749783
6649.638046606
6651.8146182337
6653.9911898613
6656.167761489
6658.6257128859
6661.0836642829
6663.5416156798
6665.9995670768
6668.2300301593
6670.4604932419
6672.6909563244
6674.921419407
6676.7283559315
6678.535292456
6680.3422289805
6682.1491655051
6683.8336667437
6685.5181679824
6687.202669221
6688.8871704597
6690.8559884374
6692.8248064152
6694.793624393
6696.7624423707
6699.1460795318
6701.5297166929
6703.913353854
6706.2969910151
6708.7139248374
6711.1308586597
6713.547792482
6715.9647263043
6717.959568631
6719.9544109577
6721.9492532843
6723.944095611
6725.6219514205
6727.29980723
6728.9776630395
6730.655518849
6732.4359865724
6734.2164542958
6735.9969220192
6737.7773897426
6739.9750439891
6742.1726982356
6744.3703524821
6746.5680067286
6749.0600996435
6751.5521925584
6754.0442854734
6756.5363783883
6758.3178167954
6760.0992552025
6761.8806936095
6763.6621320166
6765.4435704237
6767.2250088307
6769.0064472378
6770.7878856448
6772.9593290316
6775.1307724183
6777.302215805
6779.4736591917
6781.9401286594
6784.4065981271
6786.8730675948
6789.3395370625
6791.5820769974
6793.8246169324
6796.0671568673
6798.3096968023
6800.117911656
6801.9261265097
6803.7343413633
6805.542556217
6807.2183103038
6808.8940643906
6810.5698184774
6812.2455725642
6814.2044736425
6816.1633747208
6818.122275799
6820.0811768773
6822.4645211611
6824.8478654449
6827.2312097287
6829.6145540125
6832.0438945983
6834.4732351841
6836.9025757699
6839.3319163557
6841.3354164217
6843.3389164877
6845.3424165537
6847.3459166196
6849.020529885
6850.6951431504
6852.3697564158
6854.0443696812
6855.8140120038
6857.5836543264
6859.353296649
6861.1229389716
6863.3126309604
6865.5023229492
6867.692014938
6869.8817069268
6872.3800695948
6874.8784322629
6877.3767949309
6879.8751575989
6881.6605173378
6883.4458770768
6885.2312368157
6887.0165965547
6888.8019562936
6890.5873160326
6892.3726757715
6894.1580355104
6896.3308588244
6898.5036821384
6900.6765054524
6902.8493287664
6905.3123690563
6907.7754093462
6910.2384496361
6912.7014899261
6914.9400805717
6917.1786712174
6919.4172618631
6921.6558525088
6923.4642112767
6925.2725700445
6927.0809288124
6928.8892875803
6930.5683594219
6932.2474312634
6933.926503105
6935.6055749466
6937.5676573147
6939.5297396829
6941.4918220511
6943.4539044192
6945.8369402069
6948.2199759945
6950.6030117821
6952.9860475697
6955.4112551524
6957.8364627351
6960.2616703177
6962.6868779004
6964.6879335534
6966.6889892065
6968.6900448595
6970.6911005126
6972.3671235625
6974.0431466123
6975.7191696622
6977.3951927121
6979.1683530726
6980.9415134332
6982.7146737937
6984.4878341542
6986.6798311611
6988.8718281679
6991.0638251748
6993.2558221817
6995.7520614072
6998.2483006328
7000.7445398584
7003.2407790839
7005.0251906507
7006.8096022175
7008.5940137843
7010.3784253511
7012.1628369179
7013.9472484847
7015.7316600514
7017.5160716182
7019.6884808534
7021.8608900885
7024.0332993236
7026.2057085588
7028.6696260627
7031.1335435666
7033.5974610705
7036.0613785745
7038.3011313023
7040.5408840301
7042.7806367579
7045.0203894858
7046.8288385137
7048.6372875416
7050.4457365695
7052.2541855974
7053.9323998226
7055.6106140477
7057.2888282729
7058.9670424981
7060.9282008099
7062.8893591217
7064.8505174335
7066.8116757453
7069.1947673198
7071.5778588943
7073.9609504689
7076.3440420434
7078.7705305508
7081.1970190581
7083.6235075655
7086.0499960729
7088.0518867156
7090.0537773582
7092.0556680009
7094.0575586436
7095.7332136263
7097.408868609
7099.0845235917
7100.7601785743
7102.5322541727
7104.304329771
7106.0764053693
7107.8484809676
7110.0397407808
7112.231000594
7114.4222604072
7116.6135202203
7119.1104885485
7121.6074568767
7124.1044252049
7126.601393533
7128.3861537008
7130.1709138686
7131.9556740364
7133.7404342042
7135.525194372
7137.3099545398
7139.0947147076
7140.8794748754
7143.0520557321
7145.2246365889
7147.3972174457
7149.5697983024
7152.0334950604
7154.4971918184
7156.9608885764
7159.4245853345
7161.6640214826
7163.9034576308
7166.142893779
7168.3823299271
7170.190756258
7171.9991825888
7173.8076089197
7175.6160352506
7177.2944942599
7178.9729532692
7180.6514122786
7182.3298712879
7184.2913063168
7186.2527413457
7188.2141763746
7190.1756114035
7192.5587477748
7194.941884146
7197.3250205173
7199.7081568886
7202.1343782405
7204.5605995925
7206.9868209445
7209.4130422965
7211.414729355
7213.4164164135
7215.418103472
7217.4197905304
7219.0955102381
7220.7712299458
7222.4469496534
7224.1226693611
7225.8949955972
7227.6673218333
7229.4396480694
7231.2119743054
7231.8222535132
7232.432532721
7233.0428119288
7233.6530911366
7233.8497897642
7234.0464883917
7234.2431870193
7234.4398856468
7234.6365842744
7234.8332829019
7235.0299815295
7235.226680157
7235.3531805077
7235.4796808583
7235.6061812089
7235.7326815596
7235.7704246896
7235.8081678196
7235.8459109496
7235.8836540796
7235.9089715272
7235.9342889749
7235.9596064225
7235.9849238702
7236.0102413179
7236.0355587655
7236.0608762132
7236.0861936608
7236.1087036239
7236.131213587
7236.15372355
7236.1762335131
7236.2887833284
7236.4013331437
7236.513882959
7236.6264327743
7237.1891818509
7237.7519309274
7238.314680004
7238.8774290805
7239.7277880642
7240.578147048
7241.4285060317
7242.2788650155
7243.2820052862
7244.2851455569
7245.2882858276
7246.2914260983
7247.6103168462
7248.9292075941
7250.248098342
7251.5669890899
7253.3453835787
7255.1237780675
7256.9021725563
7258.680567045
7261.081173022
7263.481778999
7265.882384976
7268.282990953
7270.9361147001
7273.5892384472
7276.2423621944
7278.8954859415
7280.5781787828
7282.2608716241
7283.9435644654
7285.6262573067
7287.308950148
7288.9916429893
7290.6743358306
7292.3570286718
7294.5820546216
7296.8070805714
7299.0321065211
7301.2571324709
7304.0573579666
7306.8575834623
7309.6578089581
7312.4580344538
7314.2738567197
7316.0896789856
7317.9055012515
7319.7213235174
7321.5371457833
7323.3529680492
7325.1687903151
7326.984612581
7329.2606961585
7331.5367797361
7333.8128633136
7336.0889468911
7338.773830595
7341.4587142989
7344.1435980027
7346.8284817066
7348.6136359574
7350.3987902082
7352.1839444591
7353.9690987099
7355.7542529607
7357.5394072116
7359.3245614624
7361.1097157132
7363.3618667401
7365.614017767
7367.8661687939
7370.1183198209
7372.8166933868
7375.5150669527
7378.2134405186
7380.9118140845
7382.7034247811
7384.4950354778
7386.2866461744
7388.078256871
7389.8698675677
7391.6614782643
7393.4530889609
7395.2446996575
7397.4955883404
7399.7464770233
7401.9973657062
7404.2482543891
7406.9139828364
7409.5797112836
7412.2454397309
7414.9111681782
7416.6935643769
7418.4759605757
7420.2583567744
7422.0407529732
7423.8231491719
7425.6055453707
7427.3879415694
7429.1703377682
7431.4091526983
7433.6479676284
7435.8867825586
7438.1255974887
7440.7697742846
7443.4139510805
7446.0581278764
7448.7023046723
7450.4848355652
7452.267366458
7454.0498973509
7455.8324282437
7457.6149591365
7459.3974900294
7461.1800209222
7462.962551815
7465.1920279387
7467.4215040624
7469.6509801862
7471.8804563099
7474.4939042066
7477.1073521034
7479.7208000001
7482.3342478969
7484.1187402358
7485.9032325747
7487.6877249137
7489.4722172526
7491.2567095915
7493.0412019304
7494.8256942694
7496.6101866083
7498.829017302
7501.0478479958
7503.2666786895
7505.4855093833
7508.067737112
7510.6499648408
7513.2321925695
7515.8144202983
7517.6046154609
7519.3948106236
7521.1850057862
7522.9752009489
7524.7653961116
7526.5555912742
7528.3457864369
7530.1359815995
7532.3447457474
7534.5535098953
7536.7622740432
7538.9710381911
7541.5210721684
7544.0711061456
7546.6211401229
7549.1711741001
7550.9691091095
7552.7670441189
7554.5649791282
7556.3629141376
7558.160849147
7559.9587841563
7561.7567191657
7563.5546541751
7565.7536935381
7567.9527329012
7570.1517722643
7572.3508116273
7574.8695799608
7577.3883482943
7579.9071166278
7582.4258849613
7584.232996171
7586.0401073806
7587.8472185903
7589.6543297999
7591.4614410096
7593.2685522192
7595.0756634288
7596.8827746385
7599.0726966014
7601.2626185644
7603.4525405274
7605.6424624904
7608.1314812451
7610.6204999998
7613.1095187546
7615.5985375093
7617.8647965029
7620.1310554965
7622.3973144901
7624.6635734837
7626.4805831587
7628.2975928337
7630.1146025088
7631.9316121838
7633.6020602079
7635.272508232
7636.942956256
7638.6134042801
7640.5670000113
7642.5205957425
7644.4741914737
7646.4277872049
7648.8338397943
7651.2398923838
7653.6459449733
7656.0519975628
7658.5390907286
7661.0261838944
7663.5132770602
7666.0003702261
7668.0360198614
7670.0716694967
7672.1073191321
7674.1429687674
7675.8039424518
7677.4649161363
7679.1258898207
7680.7868635052
7682.5209090382
7684.2549545712
7685.9890001042
7687.7230456373
7689.8991774287
7692.0753092202
7694.2514410117
7696.4275728032
7698.9830700155
7701.5385672278
7704.0940644401
7706.6495616524
7708.4482982906
7710.2470349287
7712.0457715669
7713.8445082051
7715.6432448433
7717.4419814815
7719.2407181197
7721.0394547579
7723.2308294934
7725.4222042289
7727.6135789644
7729.8049537
7732.2878744764
7734.7707952529
7737.2537160294
7739.7366368059
7741.9840280829
7744.2314193599
7746.4788106369
7748.726201914
7750.5316563692
7752.3371108245
7754.1425652798
7755.948019735
7757.6224265235
7759.2968333119
7760.9712401004
7762.6456468888
7764.6113924651
7766.5771380414
7768.5428836177
7770.508629194
7772.912472022
7775.3163148499
7777.7201576779
7780.1240005059
7782.577936157
7785.0318718082
7787.4858074593
7789.9397431104
7791.9495699571
7793.9593968037
7795.9692236504
7797.979050497
7799.6446916029
7801.3103327088
7802.9759738147
7804.6416149206
7806.4013952265
7808.1611755325
7809.9209558384
7811.6807361443
7813.875400983
7816.0700658217
7818.2647306604
7820.4593954991
7822.9881416807
7825.5168878622
7828.0456340438
7830.5743802254
7832.3595281555
7834.1446760855
7835.9298240156
7837.7149719456
7839.5001198757
7841.2852678058
7843.0704157358
7844.8555636659
7847.0384412068
7849.2213187478
7851.4041962887
7853.5870738296
7855.6606738841
7857.7342739386
7859.8078739931
7861.8814740476
7863.8676043431
7865.8537346386
7867.839864934
7869.8259952295
7871.818997718
7873.8120002066
7875.8050026952
7877.7980051837
7879.8932724554
7881.9885397271
7884.0838069988
7886.1790742704
7888.3613719324
7890.5436695943
7892.7259672563
7894.9082649182
7897.0448793677
7899.1814938171
7901.3181082666
7903.454722716
7905.4541452699
7907.4535678239
7909.4529903778
7911.4524129317
7913.3825001467
7915.3125873617
7917.2426745768
7919.1727617918
7921.1831631562
7923.1935645205
7925.2039658849
7927.2143672492
7929.3758894287
7931.5374116081
7933.6989337876
7935.8604559671
7938.0637452952
7940.2670346233
7942.4703239514
7944.6736132796
7946.7400578121
7948.8065023445
7950.872946877
7952.9393914095
7954.8537012033
7956.7680109971
7958.6823207909
7960.5966305847
7962.5184687811
7964.4403069775
7966.3621451739
7968.2839833703
7970.3719040123
7972.4598246544
7974.5477452964
7976.6356659385
7978.8670757336
7981.0984855288
7983.3298953239
7985.5613051191
7987.7229488792
7989.8845926393
7992.0462363994
7994.2078801595
7996.1651639844
7998.1224478092
8000.079731634
8002.0370154589
8003.9003821903
8005.7637489217
8007.6271156531
8009.4904823845
8011.4749228066
8013.4593632287
8015.4438036508
8017.4282440729
8019.6258442515
8021.8234444301
8024.0210446087
8026.2186447873
8028.4642564052
8030.7098680232
8032.9554796411
8035.2010912591
8037.2518968934
8039.3027025277
8041.353508162
8043.4043137964
8045.2623935238
8047.1204732512
8048.9785529787
8050.8366327061
8052.7212544043
8054.6058761024
8056.4904978005
8058.3751194987
8060.4821327756
8062.5891460526
8064.6961593296
8066.8031726066
8069.0830146577
8071.3628567088
8073.6426987599
8075.922540811
8078.0917025137
8080.2608642165
8082.4300259192
8084.599187622
8086.5129964265
8088.426805231
8090.3406140355
8092.25442284
8094.0741375611
8095.8938522823
8097.7135670034
8099.5332817245
8101.5198632252
8103.5064447259
8105.4930262266
8107.4796077273
8109.7225846642
8111.9655616012
8114.2085385381
8116.451515475
8118.7248645776
8120.9982136802
8123.2715627828
8125.5449118854
8127.5679468042
8129.590981723
8131.6140166418
8133.6370515606
8135.4488983979
8137.2607452353
8139.0725920727
8140.88443891
8142.7549353314
8144.6254317528
8146.4959281741
8148.3664245955
8150.5078811343
8152.6493376731
8154.7907942118
8156.9322507506
8159.2548473564
8161.5774439622
8163.900040568
8166.2226371739
8168.384432944
8170.5462287142
8172.7080244844
8174.8698202546
8176.7396860297
8178.6095518048
8180.47941758
8182.3492833551
8184.1402209336
8185.9311585121
8187.7220960906
8189.5130336692
8191.5176340935
8193.5222345178
8195.5268349422
8197.5314353665
8199.8223818351
8202.1133283037
8204.4042747724
8206.695221241
8208.984721882
8211.2742225229
8213.5637231639
8215.8532238049
8217.8418011947
8219.8303785846
8221.8189559744
8223.8075333643
8225.580221122
8227.3529088797
8229.1255966374
8230.8982843951
8232.7675931977
8234.6369020004
8236.506210803
8238.3755196056
8240.5580867846
8242.7406539636
8244.9232211426
8247.1057883216
8249.4653440049
8251.8248996882
8254.1844553715
8256.5440110548
8258.6898461316
8260.8356812084
8262.9815162852
8265.127351362
8266.954729982
8268.782108602
8270.609487222
8272.4368658421
8274.2078179067
8275.9787699714
8277.749722036
8279.5206741007
8281.5505413467
8283.5804085926
8285.6102758386
8287.6401430846
8289.9782367205
8292.3163303564
8294.6544239923
8296.9925176282
8299.2907721119
8301.5890265956
8303.8872810794
8306.1855355631
8308.1375493249
8310.0895630867
8312.0415768485
8313.9935906103
8315.732302084
8317.4710135577
8319.2097250314
8320.948436505
8322.8229444163
8324.6974523275
8326.5719602388
8328.4464681501
8330.6715821495
8332.8966961489
8335.1218101484
8337.3469241478
8339.7384021705
8342.1298801932
8344.5213582159
8346.9128362385
8349.0388193151
8351.1648023916
8353.2907854682
8355.4167685447
8357.2045204182
8358.9922722917
8360.7800241653
8362.5677760388
8364.3239968871
8366.0802177354
8367.8364385838
8369.5926594321
8371.6498093988
8373.7069593656
8375.7641093323
8377.821259299
8380.2035518342
8382.5858443694
8384.9681369046
8387.3504294398
8389.6530070217
8391.9555846035
8394.2581621854
8396.5607397673
8398.4772917466
8400.3938437258
8402.3103957051
8404.2269476844
8405.9361385358
8407.6453293872
8409.3545202386
8411.06371109
8412.9459804293
8414.8282497686
8416.7105191078
8418.5927884471
8420.8583805528
8423.1239726584
8425.389564764
8427.6551568697
8430.0738481582
8432.4925394467
8434.9112307352
8437.3299220237
8439.43543146
8441.5409408962
8443.6464503324
8445.7519597687
8447.5043048275
8449.2566498863
8451.0089949451
8452.7613400039
8454.5062963611
8456.2512527182
8457.9962090753
8459.7411654325
8461.8242213816
8463.9072773306
8465.9903332797
8468.0733892288
8470.4950604753
8472.9167317218
8475.3384029683
8477.7600742148
8480.0645025894
8482.368930964
8484.6733593386
8486.9777877131
8488.8624578776
8490.7471280421
8492.6317982066
8494.516468371
8496.2006437727
8497.8848191744
8499.568994576
8501.2531699777
8503.1434332679
8505.0336965582
8506.9239598484
8508.8142231387
8511.1155414868
8513.4168598348
8515.7181781829
8518.019496531
8520.4607119715
8522.9019274121
8525.3431428526
8527.7843582932
8529.8711947518
8531.9580312104
8534.044867669
8536.1317041276
8537.8541057731
8539.5765074187
8541.2989090642
8543.0213107097
8544.7575262918
8546.4937418738
8548.2299574559
8549.966173038
8552.0714605644
8554.1767480908
8556.2820356172
8558.3873231437
8560.8420394271
8563.2967557105
8565.7514719939
8568.2061882773
8570.5114025017
8572.8166167262
8575.1218309506
8577.427045175
8579.2851954433
8581.1433457116
8583.0014959798
8584.8596462481
8586.5235029995
8588.1873597509
8589.8512165023
8591.5150732537
8593.4121056299
8595.3091380061
8597.2061703823
8599.1032027586
8601.4336932599
8603.7641837613
8606.0946742626
8608.4251647639
8610.8843596168
8613.3435544696
8615.8027493225
8618.2619441753
8620.3335570623
8622.4051699493
8624.4767828363
8626.5483957233
8628.2470286872
8629.9456616511
8631.644294615
8633.3429275789
8635.0722812776
8636.8016349763
8638.5309886751
8640.2603423738
8642.3829144369
8644.5054864999
8646.628058563
8648.7506306261
8651.2313573382
8653.7120840504
8656.1928107626
8658.6735374747
8660.5113597123
8662.3491819499
8664.1870041875
8666.0248264252
8667.8626486628
8669.7004709004
8671.538293138
8673.3761153756
8675.5431786999
8677.7102420242
8679.8773053485
8682.0443686728
8684.434859756
8686.8253508393
8689.2158419225
8691.6063330058
8693.7958406484
8695.985348291
8698.1748559336
8700.3643635763
8702.1980490242
8704.0317344721
8705.86541992
8707.6991053679
8709.4386124231
8711.1781194783
8712.9176265334
8714.6571335886
8716.6522960529
8718.6474585173
8720.6426209816
8722.637783446
8724.9841882816
8727.3305931172
8729.6769979529
8732.0234027885
8734.3756225125
8736.7278422365
8739.0800619606
8741.4322816846
8743.4164423562
8745.4006030278
8747.3847636995
8749.3689243711
8751.0889359595
8752.8089475479
8754.5289591364
8756.2489707248
8758.0771233309
8759.9052759369
8761.733428543
8763.561581149
8765.7638293779
8767.9660776067
8770.1683258355
8772.3705740643
8774.8056126767
8777.2406512892
8779.6756899017
8782.1107285142
8784.2958261568
8786.4809237994
8788.6660214421
8790.8511190847
8792.645649726
8794.4401803674
8796.2347110087
8798.0292416501
8799.7412088319
8801.4531760137
8803.1651431955
8804.8771103773
8806.8854233248
8808.8937362723
8810.9020492197
8812.9103621672
8815.3016848303
8817.6930074935
8820.0843301566
8822.4756528197
8824.8489131867
8827.2221735536
8829.5954339206
8831.9686942875
8833.9269209275
8835.8851475676
8837.8433742076
8839.8016008476
8841.486587459
8843.1715740704
8844.8565606817
8846.5415472931
8848.3624704395
8850.1833935859
8852.0043167323
8853.8252398787
8856.0570446952
8858.2888495117
8860.5206543282
8862.7524591447
8865.2239584465
8867.6954577484
8870.1669570503
8872.6384563521
8874.818957723
8876.9994590938
8879.1799604646
8881.3604618354
8883.1233346423
8884.8862074492
8886.6490802561
8888.411953063
8890.1022573146
8891.7925615663
8893.482865818
8895.1731700696
8897.1918972913
8899.210624513
8901.2293517346
8903.2480789563
8905.6747423642
8908.1014057722
8910.5280691801
8912.954732588
8915.3440799678
8917.7334273476
8920.1227747274
8922.5121221072
8924.4502408579
8926.3883596087
8928.3264783595
8930.2645971102
8931.9229753617
8933.5813536132
8935.2397318646
8936.8981101161
8938.7134798907
8940.5288496653
8942.3442194398
8944.1595892144
8946.4129730113
8948.6663568082
8950.9197406051
8953.173124402
8955.6717138176
8958.1703032331
8960.6688926486
8963.1674820642
8964.9076582018
8966.6478343393
8968.3880104769
8970.1281866145
8971.8683627521
8973.6085388896
8975.3487150272
8977.0888911648
8979.2598802392
8981.4308693137
8983.6018583882
8985.7728474626
8988.2893639726
8990.8058804825
8993.3223969924
8995.8389135023
8997.6318553094
8999.4247971165
9001.2177389235
9003.0106807306
9004.8036225377
9006.5965643448
9008.3895061519
9010.1824479589
9012.3588608347
9014.5352737105
9016.7116865863
9018.888099462
9021.3445333323
9023.8009672025
9026.2574010728
9028.713834943
9030.9432600877
9033.1726852324
9035.402110377
9037.6315355217
9039.4389636441
9041.2463917666
9043.0538198891
9044.8612480115
9046.5469640449
9048.2326800783
9049.9183961117
9051.6041121451
9053.5736132668
9055.5431143886
9057.5126155103
9059.4821166321
9061.8650120152
9064.2479073984
9066.6308027815
9069.0136981646
9071.4290456421
9073.8443931196
9076.259740597
9078.6750880745
9080.6694960975
9082.6639041204
9084.6583121434
9086.6527201664
9088.3314522074
9090.0101842485
9091.6889162895
9093.3676483306
9095.1492903137
9096.9309322969
9098.71257428
9100.4942162631
9102.692164817
9104.8901133709
9107.0880619248
9109.2860104787
9111.7767986562
9114.2675868336
9116.7583750111
9119.2491631886
9121.0307207816
9122.8122783746
9124.5938359676
9126.3753935606
9128.1569511536
9129.9385087466
9131.7200663395
9133.5016239325
9135.6727697103
9137.8439154881
9140.015061266
9142.1862070438
9144.6521624473
9147.1181178508
9149.5840732543
9152.0500286578
9154.2924588278
9156.5348889978
9158.7773191679
9161.0197493379
9162.8282829444
9164.6368165509
9166.4453501575
9168.253883764
9169.9299653576
9171.6060469513
9173.282128545
9174.9582101386
9176.9171010455
9178.8759919524
9180.8348828594
9182.7937737663
9185.1766968317
9187.5596198972
9189.9425429626
9192.325466028
9194.7543958128
9197.1833255975
9199.6122553823
9202.0411851671
9204.0447672833
9206.0483493996
9208.0519315159
9210.0555136321
9211.7304820677
9213.4054505034
9215.080418939
9216.7553873746
9218.5252645264
9220.2951416783
9222.0650188302
9223.8348959821
9226.0244521987
9228.2140084153
9230.4035646319
9232.5931208485
9235.0909978531
9237.5888748577
9240.0867518622
9242.5846288668
9244.3701931963
9246.1557575258
9247.9413218554
9249.7268861849
9251.5124505144
9253.2980148439
9255.0835791734
9256.8691435029
9259.0418498027
9261.2145561025
9263.3872624023
9265.5599687021
9268.0225938835
9270.4852190649
9272.9478442463
9275.4104694277
9277.6488479717
9279.8872265156
9282.1256050595
9284.3639836035
9286.1725217182
9287.981059833
9289.7895979478
9291.5981360625
9293.2775135811
9294.9568910996
9296.6362686182
9298.3156461368
9300.2778421029
9302.2400380691
9304.2022340353
9306.1644300015
9308.5472140474
9310.9299980933
9313.3127821392
9315.6955661851
9318.1203788507
9320.5451915163
9322.9700041819
9325.3948168475
9327.3958209928
9329.3968251381
9331.3978292833
9333.3988334286
9335.0751110154
9336.7513886023
9338.4276661892
9340.103943776
9341.8773744156
9343.6508050552
9345.4242356948
9347.1976663344
9349.3896744632
9351.581682592
9353.7736907208
9355.9656988496
9358.4615721727
9360.9574454959
9363.453318819
9365.9491921421
9367.7336825601
9369.518172978
9371.3026633959
9373.0871538138
9374.8716442317
9376.6561346496
9378.4406250675
9380.2251154854
9382.3974390166
9384.5697625479
9386.7420860791
9388.9144096103
9391.3781182948
9393.8418269794
9396.305535664
9398.7692443485
9401.0089166374
9403.2485889263
9405.4882612151
9407.727933504
9409.5364889692
9411.3450444344
9413.1535998996
9414.9621553648
9416.6405139781
9418.3188725915
9419.9972312048
9421.6755898181
9423.6367787361
9425.5979676542
9427.5591565722
9429.5203454902
9431.9032910675
9434.2862366447
9436.669182222
9439.0521277992
9441.4784307721
9443.9047337451
9446.331036718
9448.7573396909
9450.7592293027
9452.7611189145
9454.7630085263
9456.764898138
9458.4406878664
9460.1164775948
9461.7922673231
9463.4680570515
9465.2402511709
9467.0124452903
9468.7846394098
9470.5568335292
9472.7480727
9474.9393118708
9477.1305510416
9479.3217902124
9481.8185681572
9484.315346102
9486.8121240468
9489.3089019916
9491.0937201482
9492.8785383048
9494.6633564614
9496.448174618
9498.2329927746
9500.0178109313
9501.8026290879
9503.5874472445
9505.7599827431
9507.9325182416
9510.1050537402
9512.2775892387
9514.7411532327
9517.2047172266
9519.6682812206
9522.1318452145
9524.3712209116
9526.6105966087
9528.8499723057
9531.0893480028
9532.8978359601
9534.7063239174
9536.5148118747
9538.323299832
9540.0018534846
9541.6804071372
9543.3589607897
9545.0375144423
9546.9989779426
9548.9604414428
9550.921904943
9552.8833684433
9555.2664186711
9557.6494688988
9560.0325191266
9562.4155693544
9564.8416679327
9567.2677665111
9569.6938650895
9572.1199636679
9574.1216410065
9576.1233183451
9578.1249956837
9580.1266730223
9581.8024757223
9583.4782784223
9585.1540811223
9586.8298838223
9588.6022913432
9590.3746988642
9592.1471063851
9593.9195139061
9596.1109822711
9598.3024506361
9600.4939190011
9602.6853873661
9605.1821612326
9607.6789350991
9610.1757089656
9612.6724828321
9614.4571673304
9616.2418518287
9618.026536327
9619.8112208253
9621.5959053236
9623.3805898219
9625.1652743202
9626.9499588185
9629.1225061794
9631.2950535403
9633.4676009013
9635.6401482622
9638.1039275811
9640.5677069001
9643.031486219
9645.495265538
9645.6968588305
9645.8984521229
9646.1000454154
9646.3016387078
9646.5032320003
9646.7048252928
9646.9064185852
9647.1080118777
9647.1857275213
9647.2634431648
9647.3411588084
9647.418874452
9647.4965900956
9647.5743057391
9647.6520213827
9647.7297370263
9647.7572225171
9647.7847080078
9647.8121934986
9647.8396789894
9647.8671644802
9647.894649971
9647.9221354618
9647.9496209526
9647.9565025362
9647.9633841199
9647.9702657035
9647.9771472872
9647.9807825124
9647.9844177376
9647.9880529628
9647.991688188
9647.9933017413
9647.9949152947
9647.996528848
9647.9981424013
9647.9986068009
9647.9990712006
9647.9995356003
9648
