0
0.020135365484601
0.040270730969203
0.060406096453804
0.080541461938406
0.18121828936141
0.28189511678442
0.38257194420743
0.48324877163043
0.98663290874547
1.4900170458605
1.9934011829755
2.4967853200906
3.0250247051056
3.5532640901207
4.0815034751357
4.6097428601508
5.2485139867254
5.8872851132999
6.5260562398745
7.1648273664491
7.9877784904469
8.8107296144447
9.6336807384426
10.45663186244
11.534979037036
12.613326211631
13.691673386226
14.770020560821
16.24945790682
17.72889525282
19.208332598819
20.687769944819
22.898226736416
25.108683528013
27.31914031961
29.529597111208
31.890746829496
34.251896547785
36.613046266074
38.974195984362
41.335345702651
43.69649542094
46.057645139229
48.418794857517
50.511595912103
52.604396966689
54.697198021275
56.789999075861
58.596467723662
60.402936371462
62.209405019263
64.015873667063
65.826993411531
67.638113155998
69.449232900465
71.260352644932
73.32246234607
75.384572047209
77.446681748347
79.508791449486
81.742006084682
83.975220719878
86.208435355075
88.441649990271
90.562333538334
92.683017086397
94.80370063446
96.924384182523
98.832264695558
100.74014520859
102.64802572163
104.55590623466
106.40980193773
108.26369764079
110.11759334385
111.97148904692
113.97333686827
115.97518468962
117.97703251098
119.97888033233
122.14252258607
124.30616483981
126.46980709355
128.63344934729
130.7715753565
132.9097013657
135.04782737491
137.18595338412
139.16392435144
141.14189531876
143.11986628608
145.0978372534
146.98732911243
148.87682097146
150.76631283049
152.65580468952
154.62323343914
156.59066218876
158.55809093838
160.52551968801
162.63853825996
164.75155683191
166.86457540386
168.97759397581
171.12362226027
173.26965054473
175.41567882919
177.56170711365
179.59494019293
181.62817327221
183.66140635149
185.69463943077
187.61938899867
189.54413856657
191.46888813446
193.39363770236
195.34034628399
197.28705486562
199.23376344724
201.18047202887
203.24948396299
205.31849589711
207.38750783122
209.45651976534
211.59969253493
213.74286530452
215.8860380741
218.02921084369
220.1079036637
222.18659648371
224.26528930372
226.34398212373
228.30745423702
230.2709263503
232.23439846358
234.19787057687
236.13526723673
238.07266389658
240.01006055644
241.9474572163
243.9755529679
246.0036487195
248.0317444711
250.0598402227
252.18785849042
254.31587675813
256.44389502585
258.57191329356
260.68590138671
262.79988947987
264.91387757303
267.02786566618
269.03480701476
271.04174836334
273.04868971192
275.0556310605
276.99619184665
278.9367526328
280.87731341895
282.81787420509
284.80912134158
286.80036847807
288.79161561456
290.78286275105
292.88307604825
294.98328934544
297.08350264264
299.18371593984
301.31957552796
303.45543511608
305.5912947042
307.72715429232
309.78082581465
311.83449733697
313.88816885929
315.94184038162
317.8998507166
319.85786105159
321.81587138657
323.77388172156
325.73610453105
327.69832734054
329.66055015003
331.62277295951
333.68453555826
335.74629815701
337.80806075576
339.86982335451
342.00995579521
344.15008823592
346.29022067663
348.43035311733
350.52941218398
352.62847125062
354.72753031726
356.8265893839
358.81708546947
360.80758155505
362.79807764063
364.78857372621
366.73481746439
368.68106120257
370.62730494075
372.57354867893
374.59113443469
376.60872019045
378.6263059462
380.64389170196
382.76784727245
384.89180284294
387.01575841343
389.13971398392
391.27535589071
393.41099779751
395.5466397043
397.6822816111
399.71839611003
401.75451060896
403.79062510789
405.82673960682
407.77523992008
409.72374023333
411.67224054659
413.62074085984
415.59601425844
417.57128765703
419.54656105563
421.52183445422
423.60982406734
425.69781368046
427.78580329357
429.87379290669
432.02834780805
434.1829027094
436.33745761076
438.49201251212
440.5810030726
442.66999363308
444.75898419356
446.84797475404
448.82038066605
450.79278657807
452.76519249008
454.73759840209
456.68165773558
458.62571706907
460.56977640256
462.51383573605
464.55150242131
466.58916910656
468.62683579182
470.66450247707
472.81284031771
474.96117815834
477.10951599898
479.25785383961
481.39669029008
483.53552674054
485.67436319101
487.81319964147
489.83092292014
491.8486461988
493.86636947746
495.88409275612
497.81720939603
499.75032603593
501.68344267584
503.61655931574
505.59948279938
507.58240628301
509.56532976665
511.54825325028
513.6626413759
515.77702950151
517.89141762713
520.00580575274
522.17810303726
524.35040032178
526.52269760629
528.69499489081
530.77375098887
532.85250708693
534.93126318498
537.01001928304
538.95938211792
540.90874495279
542.85810778767
544.80747062255
546.74408295753
548.68069529252
550.6173076275
552.55391996248
554.61128802123
556.66865607999
558.72602413874
560.78339219749
562.95999784383
565.13660349018
567.31320913653
569.48981478287
571.63305411205
573.77629344122
575.9195327704
578.06277209957
580.05785805603
582.05294401249
584.04802996895
586.04311592541
587.95520108183
589.86728623824
591.77937139465
593.69145655107
595.68052831139
597.66960007172
599.65867183204
601.64774359237
603.79257690401
605.93741021566
608.0822435273
610.22707683894
611.18697217915
612.14686751936
613.10676285957
614.06665819978
615.02655353999
615.98644888019
616.9463442204
617.90623956061
619.3604616514
620.81468374219
622.26890583298
623.72312792377
625.61195665265
627.50078538153
629.38961411041
631.2784428393
633.92484899219
636.57125514508
639.21766129797
641.86406745086
644.26412416167
646.66418087248
649.06423758329
651.4642942941
653.8643510049
656.26440771571
658.66446442652
661.06452113733
663.18673573243
665.30895032754
667.43116492264
669.55337951774
671.34298283132
673.13258614491
674.92218945849
676.71179277207
678.48038883302
680.24898489397
682.01758095492
683.78617701587
685.87620420899
687.9662314021
690.05625859522
692.14628578833
694.61478195604
697.08327812375
699.55177429146
702.02027045917
704.4171677333
706.81406500744
709.21096228157
711.6078595557
713.52748315009
715.44710674448
717.36673033887
719.28635393326
720.92730095901
722.56824798477
724.20919501052
725.85014203628
727.67028030186
729.49041856744
731.31055683303
733.13069509861
735.42795660139
737.72521810418
740.02247960697
742.31974110975
744.90587324759
747.49200538544
750.07813752328
752.66426966112
754.36521975757
756.06616985401
757.76711995045
759.46807004689
761.16902014334
762.86997023978
764.57092033622
766.27187043267
768.46479923195
770.65772803124
772.85065683052
775.04358562981
777.66506981053
780.28655399124
782.90803817196
785.52952235267
787.28948082227
789.04943929187
790.80939776147
792.56935623107
794.32931470067
796.08927317027
797.84923163987
799.60919010947
801.81146495375
804.01373979803
806.2160146423
808.41828948658
810.95762917618
813.49696886579
816.03630855539
818.57564824499
820.34494235932
822.11423647365
823.88353058798
825.65282470231
827.42211881664
829.19141293097
830.9607070453
832.73000115963
834.91308646333
837.09617176704
839.27925707074
841.46234237445
843.96238216953
846.46242196461
848.96246175969
851.46250155476
853.2533811113
855.04426066784
856.83514022437
858.62601978091
860.41689933745
862.20777889398
863.99865845052
865.78953800706
867.96311427225
870.13669053743
872.31026680262
874.48384306781
876.94233888269
879.40083469757
881.85933051246
884.31782632734
886.552043334
888.78626034066
891.02047734733
893.25469435399
895.06258830972
896.87048226546
898.67837622119
900.48627017693
902.16743734595
903.84860451497
905.52977168398
907.210938853
909.1744451128
911.13795137259
913.10145763238
915.06496389218
917.4451475018
919.82533111143
922.20551472106
924.58569833069
927.00362168152
929.42154503235
931.83946838318
934.25739173401
936.25412753607
938.25086333813
940.2475991402
942.24433494226
943.92155811359
945.59878128491
947.27600445623
948.95322762755
950.73023198317
952.50723633879
954.28424069441
956.06124505003
958.25369801234
960.44615097465
962.63860393697
964.83105689928
967.31748144507
969.80390599085
972.29033053664
974.77675508243
976.559523305
978.34229152758
980.12505975016
981.90782797273
983.69059619531
985.47336441788
987.25613264046
989.03890086304
991.20711834669
993.37533583034
995.54355331399
997.71177079764
1000.1678493343
1002.623927871
1005.0800064077
1007.5360849444
1009.7702130598
1012.0043411751
1014.2384692905
1016.4725974058
1018.281863012
1020.0911286181
1021.9003942242
1023.7096598304
1025.3919607601
1027.0742616897
1028.7565626194
1030.4388635491
1032.4015650174
1034.3642664858
1036.3269679541
1038.2896694224
1040.6650568694
1043.0404443164
1045.4158317635
1047.7912192105
1050.2027777319
1052.6143362534
1055.0258947749
1057.4374532964
1059.4336592637
1061.4298652309
1063.4260711982
1065.4222771655
1067.1040705479
1068.7858639304
1070.4676573128
1072.1494506952
1073.9311299145
1075.7128091338
1077.494488353
1079.2761675723
1081.4684013047
1083.660635037
1085.8528687694
1088.0451025017
1090.5241375123
1093.0031725229
1095.4822075334
1097.961242544
1100.1858757315
1102.4105089189
1104.6351421064
1106.8597752939
1108.6448570023
1110.4299387107
1112.2150204192
1114.0001021276
1115.6712624043
1117.342422681
1119.0135829576
1120.6847432343
1122.6606460832
1124.636548932
1126.6124517809
1128.5883546297
1130.9893438777
1133.3903331257
1135.7913223737
1138.1923116217
1140.6087981821
1143.0252847425
1145.441771303
1147.8582578634
1149.8350912121
1151.8119245608
1153.7887579096
1155.7655912583
1157.4303183053
1159.0950453524
1160.7597723994
1162.4244994464
1164.2087931363
1165.9930868262
1167.777380516
1169.5616742059
1171.7740937195
1173.9865132331
1176.1989327467
1178.4113522604
1180.9065697729
1183.4017872855
1185.8970047981
1188.3922223107
1190.1589072229
1191.9255921351
1193.6922770473
1195.4589619595
1197.2256468717
1198.9923317839
1200.7590166961
1202.5257016083
1204.6957731985
1206.8658447887
1209.035916379
1211.2059879692
1213.6843948867
1216.1628018042
1218.6412087217
1221.1196156392
1221.5116444086
1221.9036731779
1222.2957019472
1222.6877307165
1222.9084384141
1223.1291461117
1223.3498538093
1223.5705615069
1223.7912692045
1224.0119769021
1224.2326845997
1224.4533922974
1224.6812975947
1224.909202892
1225.1371081893
1225.3650134866
1226.5045399732
1227.6440664598
1228.7835929464
1229.9231194329
1231.0932823411
1232.2634452493
1233.4336081574
1234.6037710656
1236.2484706486
1237.8931702316
1239.5378698145
1241.1825693975
1243.3907820912
1245.5989947849
1247.8072074786
1250.0154201723
1252.6162855243
1255.2171508764
1257.8180162284
1260.4188815805
1262.1661284199
1263.9133752593
1265.6606220986
1267.407868938
1269.1551157774
1270.9023626168
1272.6496094562
1274.3968562956
1276.5896012889
1278.7823462821
1280.9750912754
1283.1678362687
1285.7059859095
1288.2441355504
1290.7822851912
1293.3204348321
1295.1197599731
1296.9190851141
1298.7184102551
1300.5177353961
1302.3170605371
1304.1163856781
1305.9157108191
1307.7150359601
1309.9062901794
1312.0975443986
1314.2887986178
1316.480052837
1318.9766174343
1321.4731820315
1323.9697466288
1326.466311226
1328.7405035904
1331.0146959548
1333.2888883192
1335.5630806835
1337.3848067408
1339.206532798
1341.0282588553
1342.8499849125
1344.5219610819
1346.1939372513
1347.8659134207
1349.53788959
1351.4933408366
1353.4487920832
1355.4042433298
1357.3596945763
1359.7773462659
1362.1949979554
1364.6126496449
1367.0303013345
1369.5439742295
1372.0576471246
1374.5713200197
1377.0849929148
1379.1379103882
1381.1908278615
1383.2437453349
1385.2966628083
1386.9547482929
1388.6128337775
1390.270919262
1391.9290047466
1393.6491479437
1395.3692911408
1397.0894343378
1398.8095775349
1400.9821304468
1403.1546833587
1405.3272362705
1407.4997891824
1410.0944925525
1412.6891959225
1415.2838992925
1417.8786026626
1419.6885208283
1421.4984389939
1423.3083571596
1425.1182753253
1426.928193491
1428.7381116567
1430.5480298224
1432.3579479881
1434.5642737834
1436.7705995788
1438.9769253741
1441.1832511694
1443.6879525219
1446.1926538743
1448.6973552268
1451.2020565792
1453.0057228689
1454.8093891586
1456.6130554483
1458.416721738
1460.2203880277
1462.0240543175
1463.8277206072
1465.6313868969
1467.8178033504
1470.004219804
1472.1906362575
1474.3770527111
1476.8656013348
1479.3541499586
1481.8426985823
1484.3312472061
1486.6007871602
1488.8703271142
1491.1398670683
1493.4094070224
1495.229329443
1497.0492518635
1498.8691742841
1500.6890967046
1502.3595228601
1504.0299490156
1505.7003751712
1507.3708013267
1509.3217798782
1511.2727584298
1513.2237369814
1515.174715533
1517.5785357479
1519.9823559627
1522.3861761776
1524.7899963925
1527.2796204582
1529.7692445239
1532.2588685896
1534.7484926553
1536.7886943254
1538.8288959955
1540.8690976656
1542.9092993356
1544.5719553644
1546.2346113931
1547.8972674218
1549.5599234505
1551.2917873716
1553.0236512928
1554.7555152139
1556.487379135
1558.6602160046
1560.8330528741
1563.0058897436
1565.1787266132
1567.7355684563
1570.2924102993
1572.8492521424
1575.4060939855
1577.2085328961
1579.0109718068
1580.8134107174
1582.615849628
1584.4182885387
1586.2207274493
1588.02316636
1589.8256052706
1592.0178459937
1594.2100867167
1596.4023274398
1598.5945681628
1601.0754156153
1603.5562630678
1606.0371105203
1608.5179579728
1610.7642140884
1613.010470204
1615.2567263197
1617.5029824353
1619.3098641613
1621.1167458874
1622.9236276135
1624.7305093396
1626.4072908233
1628.0840723071
1629.7608537909
1631.4376352746
1633.4048478201
1635.3720603656
1637.3392729111
1639.3064854566
1641.7106081776
1644.1147308986
1646.5188536196
1648.9229763406
1651.3771963783
1653.8314164161
1656.2856364538
1658.7398564916
1660.7504239855
1662.7609914795
1664.7715589734
1666.7821264673
1668.4484044455
1670.1146824238
1671.780960402
1673.4472383802
1675.2072365705
1676.9672347607
1678.727232951
1680.4872311412
1682.6822331046
1684.877235068
1687.0722370313
1689.2672389947
1691.7978519623
1694.3284649299
1696.8590778975
1699.3896908651
1701.1752897175
1702.96088857
1704.7464874224
1706.5320862748
1708.3176851272
1710.1032839797
1711.8888828321
1713.6744816845
1715.8582272384
1718.0419727924
1720.2257183463
1722.4094639003
1724.8945466292
1727.3796293582
1729.8647120871
1732.3497948161
1734.6024805402
1736.8551662643
1739.1078519884
1741.3605377125
1743.1663647059
1744.9721916993
1746.7780186927
1748.5838456862
1750.2535160851
1751.9231864841
1753.5928568831
1755.2625272821
1757.2218145855
1759.1811018889
1761.1403891923
1763.0996764957
1765.497973579
1767.8962706623
1770.2945677456
1772.6928648289
1775.1448337924
1777.5968027559
1780.0487717193
1782.5007406828
1784.5123374856
1786.5239342883
1788.5355310911
1790.5471278938
1792.2147826547
1793.8824374156
1795.5500921765
1797.2177469374
1798.9771065606
1800.7364661839
1802.4958258071
1804.2551854304
1806.4456893539
1808.6361932775
1810.8266972011
1813.0172011247
1815.5380491971
1818.0588972695
1820.5797453419
1823.1005934143
1824.8884424914
1826.6762915684
1828.4641406455
1830.2519897226
1831.6189627936
1832.9859358646
1834.3529089356
1835.7198820066
1836.6459780957
1837.5720741848
1838.4981702739
1839.4242663629
1840.350362452
1841.2764585411
1842.2025546302
1843.1286507192
1844.9601862703
1846.7917218213
1848.6232573724
1850.4547929234
1852.7331737554
1855.0115545875
1857.2899354195
1859.5683162516
1862.1404662211
1864.7126161907
1867.2847661602
1869.8569161298
1871.581635884
1873.3063556383
1875.0310753925
1876.7557951468
1878.4805149011
1880.2052346553
1881.9299544096
1883.6546741638
1885.8502834162
1888.0458926686
1890.2415019209
1892.4371111733
1895.0383042822
1897.639497391
1900.2406904999
1902.8418836088
1904.6074827171
1906.3730818253
1908.1386809336
1909.9042800418
1911.6698791501
1913.4354782583
1915.2010773666
1916.9666764748
1919.1650003728
1921.3633242708
1923.5616481688
1925.7599720667
1928.2870131111
1930.8140541555
1933.3410951998
1935.8681362442
1937.6419968979
1939.4158575517
1941.1897182054
1942.9635788592
1944.7374395129
1946.5113001666
1948.2851608204
1950.0590214741
1952.238112277
1954.4172030798
1956.5962938827
1958.7753846855
1961.2601643108
1963.7449439362
1966.2297235615
1968.7145031868
1970.5088112324
1972.303119278
1974.0974273236
1975.8917353692
1977.6860434148
1979.4803514603
1981.2746595059
1983.0689675515
1985.2368868034
1987.4048060552
1989.5727253071
1991.740644559
1994.181969647
1996.6232947351
1999.0646198232
2001.5059449113
2003.7282426858
2005.9505404603
2008.1728382349
2010.3951360094
2012.2073106328
2014.0194852563
2015.8316598798
2017.6438345032
2019.3372423802
2021.0306502573
2022.7240581343
2024.4174660113
2026.3868728635
2028.3562797157
2030.3256865678
2032.29509342
2034.6609546167
2037.0268158135
2039.3926770102
2041.7585382069
2044.1480726302
2046.5376070536
2048.9271414769
2051.3166759002
2053.3041085821
2055.2915412641
2057.278973946
2059.266406628
2060.9576633304
2062.6489200329
2064.3401767353
2066.0314334378
2067.8284704744
2069.625507511
2071.4225445476
2073.2195815843
2075.4143782485
2077.6091749127
2079.803971577
2081.9987682412
2084.4523716561
2086.905975071
2089.359578486
2091.8131819009
2094.0110251725
2096.2088684441
2098.4067117157
2100.6045549873
2102.3900851701
2104.1756153529
2105.9611455357
2107.7466757185
2109.4389755041
2111.1312752896
2112.8235750751
2114.5158748606
2116.5101422249
2118.5044095892
2120.4986769536
2122.4929443179
2124.8814798085
2127.2700152992
2129.6585507898
2132.0470862805
2134.4217270861
2136.7963678917
2139.1710086973
2141.545649503
2143.5025310186
2145.4594125342
2147.4162940498
2149.3731755654
2151.0542659549
2152.7353563444
2154.4164467339
2156.0975371235
2157.9139371368
2159.7303371501
2161.5467371635
2163.3631371768
2165.5876349148
2167.8121326529
2170.0366303909
2172.2611281289
2174.7169371124
2177.1727460959
2179.6285550795
2182.084364063
2184.2530218531
2186.4216796433
2188.5903374334
2190.7589952236
2192.5237154395
2194.2884356554
2196.0531558713
2197.8178760873
2199.5179570342
2201.2180379811
2202.918118928
2204.6181998749
2206.641419345
2208.6646388152
2210.6878582853
2212.7110777554
2215.1200327352
2217.528987715
2219.9379426947
2222.3468976745
2224.704486946
2227.0620762175
2229.4196654891
2231.7772547606
2233.7057984949
2235.6343422292
2237.5628859634
2239.4914296977
2241.1655841503
2242.8397386028
2244.5138930553
2246.1880475078
2248.025253226
2249.8624589441
2251.6996646623
2253.5368703804
2255.7906202458
2258.0443701111
2260.2981199765
2262.5518698418
2265.0100686696
2267.4682674974
2269.9264663252
2272.3846651529
2274.5266436806
2276.6686222082
2278.8106007359
2280.9525792635
2282.6981487842
2284.443718305
2286.1892878257
2287.9348573464
2289.6421062132
2291.34935508
2293.0566039467
2294.7638528135
2296.8142315215
2298.8646102294
2300.9149889374
2302.9653676453
2305.3947148865
2307.8240621277
2310.253409369
2312.6827566102
2315.026590874
2317.3704251378
2319.7142594016
2322.0580936654
2323.9610574417
2325.8640212181
2327.7669849944
2329.6699487707
2331.3364297265
2333.0029106822
2334.669391638
2336.3358725937
2338.1908403119
2340.0458080301
2341.9007757483
2343.7557434665
2346.0368844863
2348.318025506
2350.5991665257
2352.8803075454
2355.3432337025
2357.8061598596
2360.2690860167
2362.7320121738
2364.8513977035
2366.9707832331
2369.0901687627
2371.2095542924
2372.9368356204
2374.6641169483
2376.3913982763
2378.1186796043
2379.830320945
2381.5419622857
2383.2536036265
2384.9652449672
2387.0392147446
2389.1131845221
2391.1871542995
2393.2611240769
2395.7106264539
2398.1601288308
2400.6096312078
2403.0591335847
2405.3931901897
2407.7272467946
2410.0613033996
2412.3953600045
2414.2757863469
2416.1562126892
2418.0366390315
2419.9170653739
2421.5748036108
2423.2325418476
2424.8902800845
2426.5480183214
2428.4168554815
2430.2856926415
2432.1545298016
2434.0233669616
2436.3290749978
2438.634783034
2440.9404910703
2443.2461991065
2444.0980890922
2444.9499790779
2445.8018690636
2446.6537590493
2447.505649035
2448.3575390207
2449.2094290064
2450.0613189921
2450.7499315305
2451.4385440688
2452.1271566071
2452.8157691454
2454.0970231172
2455.3782770889
2456.6595310606
2457.9407850323
2459.447659761
2460.9545344896
2462.4614092183
2463.968283947
2466.0427470993
2468.1172102516
2470.1916734039
2472.2661365561
2474.8110689579
2477.3560013597
2479.9009337615
2482.4458661633
2484.2616252536
2486.077384344
2487.8931434343
2489.7089025247
2491.524661615
2493.3404207054
2495.1561797957
2496.9719388861
2499.1414506453
2501.3109624045
2503.4804741637
2505.6499859229
2508.0472928516
2510.4445997804
2512.8419067092
2515.239213638
2517.4286240999
2519.6180345619
2521.8074450238
2523.9968554858
2525.8338431183
2527.6708307508
2529.5078183833
2531.3448060159
2533.0955960955
2534.8463861751
2536.5971762547
2538.3479663344
2540.3586512458
2542.3693361573
2544.3800210687
2546.3907059802
2548.7486396601
2551.10657334
2553.4645070199
2555.8224406999
2558.1797119839
2560.536983268
2562.8942545521
2565.2515258362
2567.2427059443
2569.2338860525
2571.2250661607
2573.2162462688
2574.9477089732
2576.6791716776
2578.410634382
2580.1420970864
2581.9835022785
2583.8249074705
2585.6663126626
2587.5077178547
2589.7261325483
2591.9445472418
2594.1629619354
2596.381376629
2598.8407890984
2601.3002015679
2603.7596140373
2606.2190265068
2608.426417891
2610.6338092753
2612.8412006596
2615.0485920438
2616.8509251658
2618.6532582878
2620.4555914097
2622.2579245317
2623.9663469832
2625.6747694347
2627.3831918862
2629.0916143377
2631.0997696082
2633.1079248787
2635.1160801492
2637.1242354197
2639.5441449922
2641.9640545648
2644.3839641373
2646.8038737098
2649.2315637778
2651.6592538458
2654.0869439137
2656.5146339817
2658.4997347729
2660.4848355641
2662.4699363553
2664.4550371466
2666.1266333473
2667.798229548
2669.4698257487
2671.1414219495
2672.9329421275
2674.7244623056
2676.5159824836
2678.3075026617
2680.5377954958
2682.76808833
2684.9983811641
2687.2286739983
2689.7685847917
2692.3084955851
2694.8484063785
2697.3883171719
2699.1571318747
2700.9259465775
2702.6947612804
2704.4635759832
2706.232390686
2708.0012053888
2709.7700200917
2711.5388347945
2713.7285917512
2715.9183487079
2718.1081056647
2720.2978626214
2722.8250207354
2725.3521788493
2727.8793369633
2730.4064950773
2732.2067030884
2734.0069110995
2735.8071191106
2737.6073271217
2739.4075351328
2741.2077431439
2743.007951155
2744.8081591661
2746.9949501864
2749.1817412068
2751.3685322272
2753.5553232476
2756.0359297921
2758.5165363366
2760.9971428811
2763.4777494256
2765.7319456193
2767.986141813
2770.2403380066
2772.4945342003
2774.3080333291
2776.1215324579
2777.9350315867
2779.7485307155
2781.424903374
2783.1012760325
2784.777648691
2786.4540213495
2788.415135219
2790.3762490885
2792.3373629581
2794.2984768276
2796.6987017783
2799.098926729
2801.4991516796
2803.8993766303
2806.3609907734
2808.8226049165
2811.2842190596
2813.7458332027
2815.7664677374
2817.787102272
2819.8077368067
2821.8283713414
2823.4969459722
2825.1655206031
2826.8340952339
2828.5026698648
2830.2563208472
2832.0099718296
2833.763622812
2835.5172737945
2837.7044920819
2839.8917103694
2842.0789286569
2844.2661469443
2846.8000333568
2849.3339197693
2851.8678061817
2854.4016925942
2856.1943502598
2857.9870079255
2859.7796655911
2861.5723232567
2863.3649809224
2865.157638588
2866.9502962536
2868.7429539193
2870.9282022775
2873.1134506357
2875.2986989939
2877.4839473522
2879.963871274
2882.4437951958
2884.9237191176
2887.4036430395
2889.6526472886
2891.9016515376
2894.1506557867
2896.3996600358
2898.2079525037
2900.0162449715
2901.8245374394
2903.6328299072
2905.307920472
2906.9830110367
2908.6581016015
2910.3331921663
2912.2961583898
2914.2591246134
2916.222090837
2918.1850570605
2920.5828098488
2922.980562637
2925.3783154253
2927.7760682135
2930.2250273268
2932.6739864401
2935.1229455534
2937.5719046667
2939.5830379771
2941.5941712875
2943.6053045979
2945.6164379082
2947.2865166659
2948.9565954235
2950.6266741812
2952.2967529388
2954.0591871671
2955.8216213954
2957.5840556236
2959.3464898519
2961.5387264798
2963.7309631077
2965.9231997356
2968.1154363635
2970.635954299
2973.1564722344
2975.6769901699
2978.1975081054
2979.9857208804
2981.7739336553
2983.5621464303
2985.3503592052
2987.1385719802
2988.9267847551
2990.7149975301
2992.503210305
2994.6838768586
2996.8645434122
2999.0452099657
3001.2258765193
3003.7016049009
3006.1773332826
3008.6530616642
3011.1287900458
3013.375953287
3015.6231165281
3017.8702797692
3020.1174430103
3021.9265441233
3023.7356452362
3025.5447463492
3027.3538474621
3029.030290807
3030.7067341518
3032.3831774967
3034.0596208415
3036.0219528173
3037.9842847931
3039.946616769
3041.9089487448
3044.3012682877
3046.6935878306
3049.0859073735
3051.4782269164
3053.2335233576
3054.9888197988
3056.74411624
3058.4994126812
3059.4582205651
3060.417028449
3061.3758363329
3062.3346442168
3063.2934521007
3064.2522599846
3065.2110678685
3066.1698757524
3067.7068164167
3069.2437570809
3070.7806977452
3072.3176384094
3074.289724423
3076.2618104366
3078.2338964501
3080.2059824637
3082.7927280573
3085.3794736509
3087.9662192445
3090.5529648381
3092.5313919125
3094.5098189869
3096.4882460613
3098.4666731357
3100.4451002101
3102.4235272845
3104.4019543589
3106.3803814333
3108.5658669027
3110.7513523722
3112.9368378416
3115.1223233111
3117.3749942059
3119.6276651007
3121.8803359956
3124.1330068904
3126.2067227385
3128.2804385866
3130.3541544346
3132.4278702827
3134.2986897009
3136.169509119
3138.0403285372
3139.9111479553
3141.7859024079
3143.6606568605
3145.5354113131
3147.4101657657
3149.4964093007
3151.5826528357
3153.6688963707
3155.7551399057
3158.0316702085
3160.3082005114
3162.5847308142
3164.861261117
3167.0529289404
3169.2445967638
3171.4362645872
3173.6279324106
3175.5615004291
3177.4950684477
3179.4286364662
3181.3622044847
3183.1773643371
3184.9925241895
3186.8076840418
3188.6228438942
3190.5849006585
3192.5469574229
3194.5090141872
3196.4710709516
3198.6958438624
3200.9206167732
3203.1453896841
3205.3701625949
3207.6559802946
3209.9417979942
3212.2276156939
3214.5134333936
3216.5621703673
3218.6109073411
3220.6596443148
3222.7083812885
3224.5277478014
3226.3471143142
3228.166480827
3229.9858473399
3231.8375597339
3233.689272128
3235.5409845221
3237.3926969162
3239.5064389749
3241.6201810337
3243.7339230925
3245.8476651513
3248.1643676695
3250.4810701878
3252.797772706
3255.1144752243
3257.2984263308
3259.4823774372
3261.6663285437
3263.8502796501
3265.7395203232
3267.6287609964
3269.5180016695
3271.4072423426
3273.1931351534
3274.9790279641
3276.7649207749
3278.5508135857
3280.5291707994
3282.5075280132
3284.485885227
3286.4642424408
3288.7322944227
3291.0003464045
3293.2683983863
3295.5364503682
3297.832846768
3300.1292431678
3302.4256395676
3304.7220359674
3306.7344466705
3308.7468573736
3310.7592680767
3312.7716787798
3314.5550002926
3316.3383218055
3318.1216433183
3319.9049648311
3321.7595468575
3323.6141288838
3325.4687109101
3327.3232929365
3329.4770706019
3331.6308482672
3333.7846259326
3335.938403598
3338.284355494
3340.6303073899
3342.9762592859
3345.3222111819
3347.4840754935
3349.6459398052
3351.8078041169
3353.9696684285
3355.8181668072
3357.6666651858
3359.5151635644
3361.363661943
3363.1365933579
3364.9095247728
3366.6824561877
3368.4553876025
3370.4633446368
3372.4713016712
3374.4792587055
3376.4872157398
3378.7973486627
3381.1074815856
3383.4176145086
3385.7277474315
3388.0235630794
3390.3193787274
3392.6151943754
3394.9110100233
3396.8843592505
3398.8577084777
3400.831057705
3402.8044069322
3404.559901271
3406.3153956098
3408.0708899487
3409.8263842875
3411.6941550597
3413.5619258319
3415.4296966041
3417.2974673763
3419.4945330056
3421.6915986348
3423.8886642641
3426.0857298934
3428.4548570413
3430.8239841892
3433.1931113371
3435.562238485
3437.6972342612
3439.8322300374
3441.9672258137
3444.1022215899
3445.913270118
3447.7243186461
3449.5353671742
3451.3464157023
3453.1130261871
3454.8796366719
3456.6462471567
3458.4128576414
3460.4541454811
3462.4954333208
3464.5367211605
3466.5780090002
3468.9282793407
3471.2785496812
3473.6288200216
3475.9790903621
3478.2700872579
3480.5610841536
3482.8520810494
3485.1430779451
3487.0780638475
3489.0130497498
3490.9480356522
3492.8830215545
3494.6145579111
3496.3460942676
3498.0776306242
3499.8091669807
3501.6930407982
3503.5769146157
3505.4607884332
3507.3446622507
3509.5847100786
3511.8247579064
3514.0648057343
3516.3048535621
3518.6941325644
3521.0834115668
3523.4726905691
3525.8619695714
3527.969498173
3530.0770267745
3532.1845553761
3534.2920839776
3536.0683245612
3537.8445651447
3539.6208057283
3541.3970463119
3543.1595900043
3544.9221336967
3546.6846773891
3548.4472210814
3550.5215275017
3552.595833922
3554.6701403422
3556.7444467625
3559.1327454943
3561.5210442261
3563.9093429579
3566.2976416898
3568.5826139021
3570.8675861145
3573.1525583269
3575.4375305393
3577.3362705589
3579.2350105784
3581.133750598
3583.0324906176
3584.7422356258
3586.4519806339
3588.1617256421
3589.8714706503
3591.7712492058
3593.6710277613
3595.5708063169
3597.4705848724
3599.7514728264
3602.0323607805
3604.3132487345
3606.5941366886
3609.0015967524
3611.4090568163
3613.8165168801
3616.2239769439
3618.305386868
3620.386796792
3622.468206716
3624.54961664
3626.2938556818
3628.0380947236
3629.7823337654
3631.5265728072
3633.2857198445
3635.0448668818
3636.8040139191
3638.5631609564
3640.6680740639
3642.7729871714
3644.8779002789
3646.9828133865
3649.4062315119
3651.8296496373
3654.2530677627
3656.6764858881
3658.9555116605
3661.234537433
3663.5135632055
3665.7925889779
3666.5669304441
3667.3412719102
3668.1156133763
3668.8899548424
3669.6642963085
3670.4386377746
3671.2129792408
3671.9873207069
3672.8084745174
3673.6296283279
3674.4507821384
3675.2719359489
3676.0930897594
3676.9142435699
3677.7353973804
3678.5565511909
3679.9907274067
3681.4249036226
3682.8590798384
3684.2932560543
3686.046092886
3687.7989297177
3689.5517665494
3691.3046033811
3693.6081890443
3695.9117747074
3698.2153603706
3700.5189460337
3703.0189165577
3705.5188870817
3708.0188576056
3710.5188281296
3712.6228714425
3714.7269147553
3716.8309580682
3718.9350013811
3720.6321920033
3722.3293826256
3724.0265732479
3725.7237638701
3727.430025538
3729.1362872059
3730.8425488737
3732.5488105416
3734.6484018201
3736.7479930986
3738.8475843771
3740.9471756555
3743.4162128201
3745.8852499846
3748.3542871491
3750.8233243136
3753.1442118701
3755.4650994266
3757.785986983
3760.1068745395
3761.9744991393
3763.842123739
3765.7097483388
3767.5773729386
3769.2454927453
3770.913612552
3772.5817323588
3774.2498521655
3776.1505115621
3778.0511709587
3779.9518303553
3781.8524897519
3784.1949294461
3786.5373691403
3788.8798088344
3791.2222485286
3793.7076420351
3796.1930355416
3798.6784290481
3801.1638225546
3803.2593192253
3805.3548158961
3807.4503125668
3809.5458092375
3811.2521398322
3812.9584704269
3814.6648010216
3816.3711316163
3818.0951472308
3819.8191628453
3821.5431784598
3823.2671940743
3825.389822495
3827.5124509157
3829.6350793364
3831.7577077571
3834.2744839556
3836.7912601541
3839.3080363526
3841.824812551
3843.6842436453
3845.5436747395
3847.4031058337
3849.262536928
3851.1219680222
3852.9813991165
3854.8408302107
3856.7002613049
3858.8844053781
3861.0685494513
3863.2526935245
3865.4368375977
3867.8437861222
3870.2507346467
3872.6576831712
3875.0646316957
3877.2704337032
3879.4762357107
3881.6820377182
3883.8878397256
3885.7313090457
3887.5747783658
3889.4182476859
3891.261717006
3893.0039442762
3894.7461715464
3896.4883988166
3898.2306260868
3900.2293674335
3902.2281087802
3904.2268501268
3906.2255914735
3908.5947424056
3910.9638933376
3913.3330442696
3915.7021952017
3918.0966855384
3920.4911758751
3922.8856662118
3925.2801565485
3927.287556621
3929.2949566935
3931.302356766
3933.3097568385
3935.0218103188
3936.733863799
3938.4459172793
3940.1579707596
3941.9648483622
3943.7717259647
3945.5786035673
3947.3854811698
3949.5881401582
3951.7907991467
3953.9934581351
3956.1961171235
3958.6852337488
3961.1743503741
3963.6634669994
3966.1525836247
3968.3967688689
3970.6409541131
3972.8851393574
3975.1293246016
3976.9299848186
3978.7306450356
3980.5313052526
3982.3319654696
3984.0066632584
3985.6813610472
3987.356058836
3989.0307566247
3991.0036395991
3992.9765225735
3994.9494055479
3996.9222885223
3999.3381104042
4001.7539322861
4004.1697541679
4006.5855760498
4009.0471456535
4011.5087152571
4013.9702848607
4016.4318544644
4018.4390102569
4020.4461660494
4022.453321842
4024.4604776345
4026.120112052
4027.7797464695
4029.439380887
4031.0990153045
4032.8571164807
4034.6152176568
4036.373318833
4038.1314200092
4040.3330304355
4042.5346408618
4044.7362512881
4046.9378617144
4049.4819603959
4052.0260590773
4054.5701577588
4057.1142564403
4058.8947182866
4060.6751801329
4062.4556419792
4064.2361038256
4066.0165656719
4067.7970275182
4069.5774893646
4071.3579512109
4073.5455974584
4075.733243706
4077.9208899535
4080.108536201
4082.6077746031
4085.1070130051
4087.6062514071
4090.1054898092
4091.9073982116
4093.709306614
4095.5112150165
4097.3131234189
4099.1150318213
4100.9169402238
4102.7188486262
4104.5207570286
4106.6986860619
4108.8766150952
4111.0545441285
4113.2324731618
4115.693089086
4118.1537050102
4120.6143209344
4123.0749368586
4125.3172413112
4127.5595457639
4129.8018502165
4132.0441546692
4133.8632786353
4135.6824026015
4137.5015265677
4139.3206505339
4141.0096011039
4142.698551674
4144.3875022441
4146.0764528142
4148.0422755693
4150.0080983243
4151.9739210793
4153.9397438343
4156.3246997842
4158.7096557342
4161.0946116841
4163.4795676341
4165.9135721679
4168.3475767018
4170.7815812356
4173.2155857695
4175.2281852697
4177.24078477
4179.2533842702
4181.2659837704
4182.9481783256
4184.6303728807
4186.3125674359
4187.994761991
4189.7667229425
4191.5386838939
4193.3106448453
4195.0826057968
4197.2725705518
4199.4625353068
4201.6525000618
4203.8424648168
4206.348368593
4208.8542723692
4211.3601761454
4213.8660799216
4215.6600173928
4217.453954864
4219.2478923352
4221.0418298064
4222.8357672776
4224.6297047489
4226.4236422201
4228.2175796913
4230.3951878574
4232.5727960235
4234.7504041896
4236.9280123557
4239.3933756071
4241.8587388585
4244.32410211
4246.7894653614
4249.0321345439
4251.2748037264
4253.517472909
4255.7601420915
4257.5744566463
4259.3887712011
4261.2030857559
4263.0174003107
4264.7015339562
4266.3856676017
4268.0698012472
4269.7539348927
4271.7186661939
4273.6833974951
4275.6481287963
4277.6128600975
4279.9989989255
4282.3851377535
4284.7712765815
4287.1574154095
4289.2548233079
4291.3522312063
4293.4496391046
4295.547047003
4297.9387094246
4300.3303718461
4302.7220342677
4305.1136966892
4307.3461947272
4309.5786927652
4311.8111908031
4314.0436888411
4315.8952849005
4317.74688096
4319.5984770194
4321.4500730789
4323.1621428084
4324.874212538
4326.5862822675
4328.298351997
4330.2410117644
4332.1836715318
4334.1263312991
4336.0689910665
4338.3777757924
4340.6865605183
4342.9953452442
4345.3041299701
4347.670220112
4350.036310254
4352.4024003959
4354.7684905378
4356.7899773575
4358.8114641771
4360.8329509967
4362.8544378163
4364.5874249349
4366.3204120534
4368.0533991719
4369.7863862905
4371.5886378561
4373.3908894216
4375.1931409872
4376.9953925528
4379.1544264576
4381.3134603624
4383.4724942672
4385.631528172
4388.0562297143
4390.4809312566
4392.9056327989
4395.3303343412
4397.5537112928
4399.7770882445
4402.0004651962
4404.2238421478
4406.0519726726
4407.8801031973
4409.708233722
4411.5363642467
4413.2426873191
4414.9490103915
4416.6553334639
4418.3616565363
4420.3304243738
4422.2991922113
4424.2679600487
4426.2367278862
4428.6002878815
4430.9638478768
4433.3274078721
4435.6909678675
4438.0994987863
4440.5080297052
4442.9165606241
4445.325091543
4447.3352632288
4449.3454349145
4451.3556066003
4453.3657782861
4455.0612528608
4456.7567274354
4458.4522020101
4460.1476765847
4461.9303352676
4463.7129939505
4465.4956526333
4467.2783113162
4469.4645476196
4471.6507839231
4473.8370202265
4476.02325653
4478.5169742775
4481.010692025
4483.5044097725
4485.99812752
4487.7958981053
4489.5936686906
4491.3914392759
4493.1892098612
4494.9869804466
4496.7847510319
4498.5825216172
4500.3802922025
4502.556802158
4504.7333121135
4506.909822069
4509.0863320245
4511.5534719529
4514.0206118813
4516.4877518096
4518.954891738
4521.2035201873
4523.4521486366
4525.7007770859
4527.9494055352
4529.7636235464
4531.5778415576
4533.3920595688
4535.20627758
4536.8829278467
4538.5595781134
4540.23622838
4541.9128786467
4543.8690736923
4545.8252687379
4547.7814637835
4549.7376588291
4552.1295943547
4554.5215298803
4556.9134654059
4559.3054009315
4561.7646888915
4564.2239768514
4566.6832648114
4569.1425527713
4571.1642752378
4573.1859977043
4575.2077201708
4577.2294426373
4578.895904439
4580.5623662407
4582.2288280423
4583.895289844
4585.642308649
4587.3893274539
4589.1363462589
4590.8833650638
4593.0630496201
4595.2427341763
4597.4224187325
4599.6021032888
4602.1393004435
4604.6764975982
4607.2136947529
4609.7508919076
4611.543141364
4613.3353908205
4615.1276402769
4616.9198897333
4618.7121391897
4620.5043886461
4622.2966381025
4624.088887559
4626.2748641995
4628.4608408401
4630.6468174807
4632.8327941213
4635.3165701393
4637.8003461573
4640.2841221753
4642.7678981933
4645.0183684934
4647.2688387935
4649.5193090936
4651.7697793937
4653.5720852831
4655.3743911725
4657.1766970618
4658.9790029512
4660.644997805
4662.3109926588
4663.9769875126
4665.6429823664
4667.6002513607
4669.557520355
4671.5147893493
4673.4720583436
4675.8754138102
4678.2787692768
4680.6821247433
4683.0854802099
4685.5504491791
4688.0154181484
4690.4803871176
4692.9453560868
4694.9595141293
4696.9736721719
4698.9878302145
4701.0019882571
4702.6590163689
4704.3160444807
4705.9730725925
4707.6301007044
4709.3752997638
4711.1204988233
4712.8656978828
4714.6108969422
4716.7967280173
4718.9825590925
4721.1683901676
4723.3542212427
4725.8953907622
4728.4365602818
4730.9777298013
4733.5188993209
4735.3030016363
4737.0871039518
4738.8712062673
4740.6553085828
4742.4394108982
4744.2235132137
4746.0076155292
4747.7917178446
4749.9770839931
4752.1624501415
4754.3478162899
4756.5331824383
4759.0223908549
4761.5115992716
4764.0008076882
4766.4900161048
4768.2886930954
4770.0873700859
4771.8860470764
4773.684724067
4775.4834010575
4777.282078048
4779.0807550386
4780.8794320291
4783.053638011
4785.2278439928
4787.4020499747
4789.5762559565
4792.0348165518
4794.4933771471
4796.9519377424
4799.4104983377
4801.6514691625
4803.8924399872
4806.133410812
4808.3743816367
4810.1897634759
4812.0051453151
4813.8205271544
4815.6359089936
4817.3195058208
4819.0031026481
4820.6866994753
4822.3702963025
4824.3311752578
4826.2920542131
4828.2529331684
4830.2138121237
4832.5972829036
4834.9807536834
4837.3642244633
4839.7476952432
4842.1846843042
4844.6216733653
4847.0586624263
4849.4956514874
4851.5074084393
4853.5191653912
4855.5309223431
4857.542679295
4859.218392353
4860.8941054109
4862.5698184688
4864.2455315268
4866.0093045696
4867.7730776124
4869.5368506552
4871.300623698
4873.4857211789
4875.6708186599
4877.8559161408
4880.0410136217
4882.551484939
4885.0619562562
4887.5724275735
4890.0828988907
4890.8265618435
4891.5702247963
4892.3138877492
4893.057550702
4893.4796398975
4893.901729093
4894.3238182885
4894.7459074841
4894.958325153
4895.170742822
4895.383160491
4895.5955781599
4895.69668362
4895.79778908
4895.89889454
4896
