0.0004
0.00039983105024003
0.00039971454067407
0.0003996500443078
0.00039963713757396
0.00040033182575088
0.00040225467788232
0.00040535649742955
0.0004095899622661
0.00044605603397561
0.00050479564839363
0.00058184510862181
0.00067359334914238
0.00078244267279217
0.00090193936576945
0.0010300897488949
0.0011650640843979
0.001335260797794
0.001511616131326
0.0016927700015323
0.0018773982572453
0.00211868123285
0.0023629762698545
0.0026094480385905
0.0028570790912178
0.0031820349703556
0.0035074464969614
0.0038330149951986
0.0041580087255578
0.0046020459383365
0.0050444749542668
0.0054853238600541
0.0059240339122358
0.0065753565107447
0.0072216975697554
0.0078626079148658
0.0084987325623794
0.0091755209120344
0.0098448973864397
0.01050417631896
0.011159240704268
0.011819965512513
0.012468661145137
0.013097046918039
0.013724517718191
0.014296855435163
0.014855279022014
0.01539006511678
0.015925245218117
0.016402199478072
0.016869615317028
0.017323335180538
0.017775245333751
0.01823522272421
0.01868844171709
0.019132379744555
0.019573936898931
0.020081665035255
0.02058124314215
0.02106834030194
0.021553284268175
0.022089911742361
0.022613653890608
0.023114850108759
0.023616385255851
0.024114917191061
0.024596980206257
0.025049729841827
0.025504684768266
0.025937768070262
0.026357246105631
0.02675499781482
0.027152723225832
0.027554780892762
0.027947096097548
0.02832476878938
0.028701154284361
0.029118822665283
0.029526851704837
0.029919411431472
0.030310996814111
0.030750026621843
0.031175691560383
0.031577619492314
0.031980770375935
0.032405517839616
0.032812464898333
0.033186811818395
0.033564810814502
0.033945437543944
0.034309177211975
0.034644080352927
0.034981104427887
0.035327333519591
0.035660839412525
0.035974056024323
0.036287429077975
0.036631430013513
0.036964282530252
0.037278793323205
0.03759340448476
0.037950828526656
0.038294666044155
0.038614220421204
0.038935675405409
0.039291098346957
0.039628300630369
0.039931515813577
0.04023940735143
0.040567408292498
0.04087607681321
0.041150125989705
0.041428447946783
0.041724314580344
0.042004551728382
0.042258693525516
0.042514689667008
0.042797913239679
0.043068389923042
0.043317557420257
0.043567861886402
0.043856862807322
0.044132156141127
0.044382944472173
0.044636150751576
0.044928792419594
0.045203501353519
0.045444417124501
0.045690570201191
0.045968962228056
0.046226511777585
0.046445397772205
0.046670427879229
0.046922437777203
0.047156065374616
0.047357740897309
0.047563182070584
0.047796999991945
0.048016265186087
0.048210866768299
0.048407682973827
0.048640201061383
0.048858804375339
0.049052644774046
0.049249318505089
0.049486684703756
0.04970687367756
0.049894609617888
0.050087721294381
0.050320529208777
0.050532007715737
0.050702899305178
0.050881265490014
0.051095529426502
0.051288994013795
0.051444929801622
0.051606679627381
0.051801101292927
0.051978869007399
0.052127955275449
0.052280483177918
0.052467480881691
0.052640076784974
0.052787230914328
0.052937614057443
0.053127637193452
0.053301412132077
0.053444640510575
0.053593083541357
0.053784561017529
0.053955222650417
0.054085632733963
0.0542241263975
0.054405579875789
0.054564459044926
0.054681188118993
0.054805720162227
0.0549691467545
0.055113535187204
0.055224421729231
0.055340244492407
0.055491624376832
0.055627656385039
0.055736761073469
0.055849576835666
0.056000298055516
0.056135561235571
0.056242110825893
0.056353581794225
0.056508146542779
0.056643195399688
0.056740265776947
0.056845295615174
0.056997478635755
0.057126313938172
0.057210266483906
0.057303605907714
0.057442524235304
0.057559926733392
0.057638391369607
0.057723620066081
0.057848043722861
0.057955576754336
0.058033527501865
0.0581158932023
0.058235185231498
0.058339384490395
0.05841603657829
0.058497350030716
0.058619769297972
0.058724360421672
0.058794391564723
0.058871712826912
0.058997077142292
0.05909956210037
0.059157116673134
0.059224845775438
0.059343613035915
0.059438711026521
0.059489555281017
0.05954922196258
0.059653875332369
0.059739456780359
0.05979136156948
0.059848772771078
0.059944065278319
0.060023968880386
0.060076325467211
0.060133260782548
0.06022874756843
0.06030800427651
0.060356244853044
0.060410869336713
0.060511485529912
0.060590852746877
0.060628028036351
0.060675162453391
0.060776052388999
0.06085204048703
0.060879926031505
0.060918536474146
0.061008828731888
0.061077383080326
0.061106744991652
0.061143247485871
0.061221269593818
0.061282761545679
0.061315107129132
0.061352269410423
0.061426351295906
0.061485283823368
0.061515942289814
0.061552138118841
0.06163047052843
0.061689883350258
0.061711772508755
0.061742558426652
0.061826260943827
0.061885299644385
0.061895389071725
0.061917329913691
0.061996568297951
0.06205138634103
0.062060738778643
0.062079414718643
0.062145926979185
0.062193817371514
0.062208976143797
0.062229693469205
0.062287927959354
0.062331258952852
0.06234757962309
0.062368858716265
0.062428199873224
0.062470973644833
0.062481365371426
0.062499191134542
0.062565820225337
0.062609633641407
0.062607409531152
0.062616883637369
0.062686124741304
0.062729054009506
0.062721130229863
0.062724887533092
0.062784308022405
0.062822144163943
0.062821480328565
0.06282785150683
0.062875534249285
0.062907493898669
0.062911728743868
0.062920757586771
0.062965155708872
0.06299474354503
0.062996186175095
0.063003670159817
0.063053948730753
0.063084373079522
0.063074630664364
0.063075194879483
0.063133610263048
0.063165524433197
0.063144442551094
0.06313672071736
0.063191593854883
0.063221510608678
0.063205429034931
0.06319874432318
0.063240645699785
0.063264765499186
0.063257983969724
0.063256426982185
0.063290305735975
0.063310120856709
0.06330422132434
0.063303336992626
0.063339310117131
0.063358575884353
0.063344503410039
0.063338711618308
0.063384722671123
0.063406208338825
0.063377498709844
0.063362232040097
0.063412746202811
0.063435514335564
0.063404851362676
0.063386551849617
0.063426529771115
0.063445397208292
0.063427272205952
0.063415693027574
0.063443488341773
0.063456691324387
0.063444269097006
0.063436343564794
0.063461272852365
0.063471952899264
0.063455083989278
0.06344454937984
0.06347744439478
0.063489461199253
0.063458434694455
0.063439159546556
0.063483229055014
0.06349868331176
0.063456613829022
0.063429409936528
0.063469704859581
0.063484671099129
0.0634537095444
0.063431848212424
0.063457789256321
0.063467098585046
0.063447996260681
0.063433529312162
0.063451298944754
0.063456061834972
0.063436851545392
0.063422525056697
0.063443536741969
0.063447724122314
0.063417637750613
0.063396642085817
0.063431095053071
0.06343891599142
0.063391507147218
0.06335951711689
0.063399875793855
0.063410919084835
0.063365956110488
0.063333821702819
0.063361639017946
0.063369086102387
0.063341714943387
0.063320116692822
0.063334749317866
0.063336126904606
0.063314380736373
0.063296681963409
0.063308796034811
0.06330731911635
0.063279087984581
0.063257385509975
0.06328010254909
0.063280626287353
0.063234534130319
0.063201874944411
0.063239140915528
0.063245205730997
0.063188351261791
0.063147993072102
0.063180065828526
0.063186555975346
0.063147722731689
0.063117371033197
0.063132876965375
0.063133115563607
0.063107847718903
0.063086487748549
0.063093510603072
0.063088687504751
0.063061839351388
0.063039648745822
0.063051287474031
0.063045885936998
0.063005028070732
0.062974153817986
0.063003413808786
0.063003343299533
0.062941695483609
0.062897848878987
0.0629338006059
0.06293871154948
0.062885071359909
0.062844494953269
0.062864751697273
0.062865610407875
0.062834354009574
0.062807910637214
0.062813755360429
0.062807774583834
0.062781317075898
0.062758405025947
0.062762108774121
0.062752878573484
0.06271768917624
0.06268920000958
0.062706768863254
0.062700401731397
0.062642842737406
0.062600776052298
0.062636519144774
0.062637969354306
0.062570215089209
0.062520708537497
0.062548592250812
0.062550801972969
0.0625088813833
0.062474535588447
0.062483163094574
0.062478003627672
0.062450398397681
0.062425947648873
0.062425809025556
0.062414979659805
0.062384063425488
0.062357554711481
0.062363662529101
0.062352327003138
0.062303927933585
0.062266564295899
0.062295263288188
0.062291254576604
0.062217823224399
0.06216505839543
0.062200416537119
0.062202926421433
0.062144563529965
0.062099223161717
0.06211482495787
0.062112168161159
0.062080398181653
0.062052415535967
0.062052434385893
0.062042021245191
0.062013666598252
0.061988380955487
0.061986704323149
0.061972672243271
0.061933339343234
0.061900896807679
0.06191695948962
0.061906859304931
0.061839871104387
0.061790876087597
0.061828792632058
0.061828895771645
0.061752823646521
0.06169679932437
0.061723025055761
0.061723646832654
0.061681817536549
0.061646462977702
0.061650616833089
0.061642439662348
0.061614728611992
0.061589488247385
0.061584707706964
0.061570290143025
0.061537545792132
0.061508976574826
0.061512279092575
0.061497527844895
0.061443666981465
0.061402058610552
0.061433532225618
0.061428328034709
0.061344557424828
0.061284741683456
0.061321911560552
0.061324458663866
0.061264225188823
0.061216691175435
0.061229523780465
0.061225287612943
0.061194914886259
0.061167365316104
0.061163686178993
0.061150813927363
0.061122213065364
0.061096278080419
0.061091400020124
0.06107462814667
0.06103303083059
0.060998534598864
0.061015668231843
0.061004041874917
0.060928995062174
0.060874786689893
0.060917185607498
0.060918088285416
0.060835714548644
0.060775088907063
0.060801168454274
0.06080184539644
0.060762005089549
0.060727492196931
0.060728905789524
0.0607192817627
0.060692626742447
0.060667888885569
0.060660335966655
0.060644032792772
0.060610882197421
0.060581709401876
0.060584131603055
0.060567760166802
0.060510009592592
0.060465800508073
0.060502102722934
0.0604975218167
0.060404735022227
0.060339346188271
0.060379585625383
0.060383612195162
0.060323492222574
0.060275537612141
0.060286885098879
0.060282268589128
0.060254146034128
0.060228043854878
0.060222275377731
0.060208318591788
0.06018040131075
0.060154838194427
0.060148374806483
0.06013036826068
0.060087872564074
0.060052677044389
0.060072433402098
0.060060789095143
0.059979139351183
0.059921209753684
0.059969038302753
0.059971948482782
0.059885145331203
0.059821524222773
0.059848280335866
0.059849908310678
0.059812900061283
0.059780184472964
0.059780171682497
0.059770157369539
0.059745060000398
0.059721474209838
0.05971258188205
0.059695634151321
0.059663007028806
0.059634195498668
0.059636999167196
0.059620304435412
0.059560148041785
0.059514711575212
0.059556535846843
0.059553611772121
0.059453627743217
0.059384208995448
0.059427850829298
0.0594340101356
0.059375189809707
0.05932793316934
0.059338720217314
0.059334454100607
0.059308756364349
0.059284482015199
0.059277855097224
0.059263788156545
0.059237066649463
0.059212473316811
0.059205616678346
0.059187494926569
0.059145178953525
0.059110303864867
0.059133238494271
0.059122524742507
0.059036205817304
0.058976098158525
0.059029126359412
0.059034486011196
0.058945054795291
0.058879875230075
0.058907698741605
0.058910675653152
0.058876585426858
0.058845977726606
0.058845534355369
0.058835843531006
0.058812457145693
0.058790307356647
0.058781159669821
0.058764472754243
0.058732992203637
0.058705191832541
0.058709085823141
0.058692981538258
0.058631925543461
0.058586472494348
0.05863335810094
0.058632501337412
0.058527692447754
0.05845594647885
0.058502708735541
0.058511104090882
0.058454094767258
0.058408127234481
0.058419032989209
0.058415557730261
0.058392125992709
0.058369714741066
0.058363136117702
0.058349637899931
0.058324394545333
0.058301120616154
0.058294710348204
0.058277282866513
0.058235999969089
0.058202209160167
0.058228136219627
0.058218874984683
0.058130136602719
0.058069391912713
0.058126692076449
0.058134445180018
0.058043957898214
0.057978437704225
0.058007488601313
0.058011933464536
0.057980453984948
0.057951900753801
0.057951742954557
0.057942845813453
0.057921176729029
0.057900566427904
0.057891936298868
0.057876140501257
0.057846214880868
0.057819851936918
0.057825157008519
0.057810249081731
0.057749667982848
0.057705194924414
0.057716160117916
0.057710543394247
0.057676956912408
0.057647942673516
0.057646741942875
0.057636116859793
0.057609587070941
0.057585670826933
0.057581863912719
0.057567476940998
0.05753144622338
0.057501354627585
0.057514129178458
0.057503311192042
0.057440718067756
0.057394940842703
0.057431994518787
0.057432071593085
0.057356499135032
0.057301634839878
0.057329121450511
0.057331038017186
0.057290470770474
0.057256484572947
0.057261502371139
0.05725485762505
0.057230136041464
0.057207523973688
0.057203117848839
0.057190342480671
0.057161848296999
0.057136872977802
0.057139161139905
0.057125851368667
0.057078597775974
0.057042138023954
0.057072757500095
0.057068776478942
0.056989720199462
0.056934339557169
0.056973867259499
0.056978705108261
0.05691973011389
0.056874220750401
0.056889769326158
0.056888455678938
0.056861649023457
0.056837446146482
0.056835942789266
0.056826098165478
0.056802319244957
0.056780756511449
0.056777312560287
0.056763782605881
0.056729274028369
0.056700753316507
0.056717640314623
0.056708769307089
0.056642634206964
0.056595758030704
0.056640408305703
0.056644264376727
0.056564779244273
0.05650803123527
0.056538412075893
0.056543059191192
0.056506496223785
0.056475475615136
0.056480454172624
0.056474855437238
0.056453345921392
0.056433423446221
0.056429145716631
0.056417271177901
0.056391005851199
0.056368035858198
0.056372134814187
0.056360173714712
0.056312759381552
0.056277046391393
0.056314640803945
0.056313782481692
0.056228875343114
0.056170975316314
0.056216033446303
0.056224493079612
0.056166912970139
0.056122560373689
0.056138879739675
0.056139158157037
0.05611610954909
0.056094916373281
0.05609356924423
0.056084708240203
0.056063392641128
0.05604400731258
0.05604135804022
0.056028988142118
0.055996124972744
0.055969301530431
0.055990426213312
0.055983721447962
0.055914549867336
0.055866971687912
0.055918735737854
0.055926281575586
0.055843672754498
0.055785542327315
0.055818547604039
0.055825730826903
0.055792890625786
0.055764697810614
0.055769979064962
0.055765504535293
0.055746715508672
0.05572914871907
0.055725438275791
0.055714699836967
0.055690553401113
0.055669533745254
0.055675622901217
0.055665241102736
0.055618123441092
0.055583475990677
0.055627455248952
0.055629637161191
0.055539970880678
0.055480231120056
0.055530084132377
0.055541819544959
0.055485892315971
0.055442903255425
0.055460084815224
0.055461859754997
0.055441921202233
0.05542330301716
0.055422507193988
0.055414777361631
0.055395622205939
0.05537820185947
0.055376653258708
0.05536565984103
0.055334564635326
0.055309529713198
0.055334462786444
0.055329936662772
0.055258852838076
0.055211234017469
0.055268900130043
0.055279698338345
0.055195091705287
0.055136290219816
0.055171557448265
0.05518095297193
0.055151237155549
0.055125504016505
0.05513139190175
0.055128085990983
0.055111541065844
0.055095980173899
0.055093165067265
0.055083718716578
0.055061562856382
0.055042405348277
0.055050434053706
0.055041741052388
0.054995505262199
0.054962257510094
0.055011377231758
0.055016259836417
0.05492356809833
0.05486298602377
0.054916654259084
0.054931129229371
0.05487683483821
0.05483524878848
0.054853389592737
0.054856553260198
0.054839076139185
0.054822570950753
0.054822610792678
0.054816095565786
0.054798831139486
0.054783170681699
0.054782892866519
0.054773392907406
0.054744151735413
0.054720944927827
0.054748945601473
0.05474646472738
0.054674831997092
0.054627898224134
0.054651908360325
0.054657138612016
0.054634440444086
0.05461432580659
0.054616935961065
0.054612523867449
0.054597661179202
0.054583781939033
0.054581762154584
0.054572737662622
0.05454934246614
0.05452992574684
0.054548456169536
0.05454336913561
0.054484375111028
0.054445025599134
0.05446450081653
0.05446721139186
0.054443417586142
0.054423003891907
0.054426318241308
0.054422043820361
0.05440576357057
0.054391030292828
0.054391363374375
0.05438348261114
0.054358681545886
0.054338605014122
0.054358714672639
0.054355182586757
0.054298404367585
0.054260218013524
0.054314175531102
0.054318843099931
0.054203935919487
0.054046025609285
0.05396558793868
0.053843908206396
0.053651666933311
0.053472359347543
0.053373391578337
0.053261256159838
0.053131768930594
0.053003224766484
0.052872685948055
0.052737381178512
0.052593735106463
0.052452356983048
0.052290735890927
0.052121892475919
0.051935632925461
0.051756726628727
0.051616645021324
0.051445797782948
0.051202430542506
0.050987759860435
0.050904635534377
0.050803734872473
0.050677277561515
0.050553165655769
0.050449547005877
0.050340465389603
0.050223318077422
0.050107355073024
0.049970859743256
0.049829388048926
0.049676584067873
0.049528112607553
0.049391036207922
0.04923303107553
0.049025164401317
0.048837460378377
0.048752964499266
0.048653814857173
0.048531631850945
0.048412707165172
0.048314797566105
0.048210931001325
0.048097483798991
0.047985731496948
0.047863786350527
0.047735508717333
0.047593233811754
0.047455804112039
0.047338933961117
0.047201719149977
0.047017276344967
0.046850537314775
0.046781038973665
0.046672997316667
0.046483467940396
0.046318253654446
0.046260761926662
0.046179024914826
0.046058770289735
0.045943803564127
0.045867200568075
0.045782102781637
0.045684798250546
0.045588626624911
0.045489311498181
0.045384940818479
0.045270794361432
0.045159258800477
0.045047677446271
0.044924964099499
0.044776667338692
0.044637641377699
0.044556850541849
0.044445344001689
0.04426507333418
0.044108255287718
0.044057830932107
0.043976398338735
0.043838013702418
0.043711811987153
0.0436512338911
0.043577523209627
0.043484951217361
0.043393922026856
0.043313274538988
0.043227154156789
0.043131989853898
0.043038402946311
0.042939318850847
0.042833611695477
0.042713451748834
0.04259798261634
0.042507388094164
0.042397005438435
0.042241410206989
0.042102022676452
0.042048589581997
0.041962352607995
0.041808416146899
0.041673500449983
0.041625014082094
0.041556957730165
0.041458193203675
0.041363361731936
0.041297666071158
0.041224699934803
0.041140972414008
0.04105835972983
0.040973794837376
0.040884235583663
0.04078487983046
0.040688098716058
0.040596255914848
0.040492987208584
0.040363761036435
0.040243655225073
0.040180058598575
0.040088474705846
0.039935255398939
0.039802175866197
0.039759779665528
0.039691736340725
0.039577798301141
0.039472971122567
0.039419564779488
0.039355392212947
0.039275620400426
0.039197171823967
0.03912633076706
0.039050506447261
0.038966182880425
0.038883432293302
0.038798107927536
0.038705999885651
0.038599088416107
0.038496929910463
0.03842261451505
0.038328987814662
0.038191680595219
0.038069639744733
0.038025716035192
0.037953300778917
0.037823429061495
0.037708842760798
0.037665615134511
0.037606351070244
0.037522279211576
0.037441166467831
0.037382366441301
0.037317348683669
0.037242896665183
0.03716953489976
0.037094558012336
0.037014753681458
0.036925316053919
0.036838464682351
0.036759727876612
0.036669427598146
0.036552968486902
0.036445627375211
0.036393460090994
0.03631537480186
0.036180966358715
0.036064375889111
0.036027429387715
0.035968741621703
0.035872126149582
0.035782498823513
0.035734206562064
0.035676977642688
0.035606759716901
0.035537659906176
0.035473808487974
0.035405470847712
0.035329279451795
0.035254635400938
0.035179064677174
0.035096710824064
0.034999485385229
0.034907079402624
0.034844338103893
0.034762714631929
0.034638634338457
0.034529194383745
0.034492250982421
0.034429968342334
0.034317642618463
0.034217996686623
0.034178969154766
0.034126524138509
0.034053667703993
0.033983048566687
0.033929647972766
0.033870922285048
0.0338039760464
0.03373805636164
0.033670386561315
0.033598141782052
0.033516621193788
0.033437666668281
0.033368758981958
0.033288290788455
0.033181681498241
0.033084207904211
0.033040699572587
0.032972866138152
0.032852721822721
0.032748725848872
0.032716298822903
0.032665024565869
0.032581674393965
0.032503798307341
0.032459870045987
0.032408432891509
0.032346106208346
0.032284703479967
0.032226580745214
0.032164454859352
0.032095176138981
0.03202738286085
0.031959532082526
0.031885021303322
0.031795816851736
0.031711451887689
0.031657760499513
0.031585595029487
0.031472021361989
0.031372636865501
0.03134141861366
0.031287254770246
0.031188620240364
0.031100764201122
0.031065521049392
0.031018855456352
0.030955134386384
0.030893101538155
0.030844403758882
0.030791134241942
0.030730727479564
0.03067125895563
0.030609708582425
0.030543884085434
0.03046927252798
0.030397164829743
0.030336218205607
0.030263826142434
0.030165513212336
0.030076327168906
0.030039855101806
0.029980356396331
0.029871743483641
0.029778008483905
0.029749584697857
0.029704543191949
0.029631886539941
0.029563581842497
0.02952362453245
0.029477289732277
0.029421761586824
0.029366983784574
0.029313896820058
0.029257256237855
0.029194163976152
0.02913246903882
0.029071135462486
0.029003350536618
0.028921239230989
0.028843930693333
0.028797683051449
0.028733390664652
0.028628707562641
0.028537836976226
0.028511488928695
0.02846411132435
0.02837665956478
0.028298532500164
0.028266780774213
0.028225168202145
0.028169114438212
0.028114329251001
0.028069900375548
0.028021529700847
0.027966962509652
0.027913237071795
0.027857073267693
0.027796954721095
0.02772860966464
0.027662670918008
0.027608443595625
0.02754298963721
0.027452049256885
0.027370167097458
0.027339547594143
0.02728705148161
0.027188190988083
0.027103170757762
0.027085819894698
0.027068316529117
0.027061122423621
0.027074107617082
0.027107267177152
0.027152785989652
0.027207854059286
0.027268966765915
0.027371508660723
0.027481979079963
0.027600369865813
0.027720166299862
0.027864227215537
0.028010627828159
0.028160625348549
0.028309979861195
0.028502504516612
0.028698216121024
0.028902014721413
0.02910243722297
0.029301997285167
0.029516208310331
0.029765757282617
0.030001175274427
0.030132433347654
0.030273383160734
0.0304293195848
0.030583165305489
0.030723409541082
0.030867196867296
0.03101674809881
0.03116507635963
0.031339031738851
0.031516618732412
0.031702848667254
0.031885557791188
0.032067840503218
0.032262667769368
0.032487549096166
0.032700404291626
0.032840015800143
0.033004637817713
0.033223030602249
0.03342451955859
0.033536048278551
0.033664394437755
0.033820438579419
0.033971819217208
0.034089619234179
0.034213613404661
0.034346926429608
0.034478840969735
0.034620701143534
0.034766120850356
0.034918887348229
0.035069070889012
0.035230458926736
0.03539971881896
0.035587899598077
0.035768283908617
0.035904513023661
0.036063447729513
0.036274118349929
0.036466081885473
0.03656334572306
0.0366851578059
0.036853304765036
0.037010403668134
0.037104444175989
0.037209557933365
0.037331192268622
0.037450769258868
0.037561704728103
0.037677143405324
0.037800315224736
0.037921593873336
0.038054964536773
0.038193418128065
0.038343589796527
0.038489086416864
0.038618585458532
0.038764483131947
0.038948888884203
0.039118174646468
0.039204435266131
0.039321280595775
0.039502945456071
0.039664791782974
0.039734673639974
0.039824131208976
0.039945184253739
0.040061326986476
0.040144192508784
0.040234143979797
0.040334617500377
0.040433652267113
0.04053701371782
0.040644560182738
0.040760553938345
0.040873741941669
0.04098879923792
0.041113485724474
0.041260905546418
0.041399187357054
0.041482060524021
0.041594020477362
0.041772015487044
0.041926269854894
0.041974790338076
0.042054036086576
0.042190481797989
0.042313930454221
0.042370579546378
0.042440140489542
0.042528197194962
0.042614534706426
0.042690089301583
0.042770606143031
0.042859316854711
0.042946313340545
0.043039436333909
0.043138158486904
0.04324949160128
0.043356064624052
0.043439157942347
0.043541970421731
0.043690876006387
0.043821781948228
0.043872583159511
0.043937020249132
0.044022970207869
0.044105782479389
0.044168851194879
0.044237496826795
0.044315092792697
0.044391052673244
0.044469775283035
0.044554092822087
0.044650655152251
0.044742861994302
0.044813411729991
0.044902311125269
0.045033925716329
0.045149041534768
0.045192156596944
0.045248806475478
0.045327449042022
0.045402561505427
0.045456638395703
0.045516892748234
0.045587323546455
0.045655835791962
0.045721951894506
0.045794515852427
0.045880970088472
0.045962733387904
0.046018585462227
0.046093110150321
0.046210504502554
0.046311968386693
0.046329777554073
0.046383695320662
0.046514296051677
0.046621603752455
0.046635260344036
0.046673467501994
0.046751819799018
0.046823972602843
0.046857837817372
0.046900886447291
0.046957303058187
0.047012357223749
0.047061187450345
0.047115312275396
0.047179435035432
0.04724093461685
0.047292647822198
0.047355133354322
0.047442126545306
0.04752016389624
0.04753972682314
0.047591537464795
0.04771610770362
0.047815022832372
0.047808544345182
0.047838461101896
0.047937104655267
0.048019912088812
0.048032215976355
0.048060570858641
0.048111961172353
0.048161464399664
0.048193621790099
0.048231951599382
0.048280041314314
0.048326619030271
0.048368504131321
0.048416822318231
0.048478870556066
0.048536477340656
0.048563892099178
0.048612145693946
0.048708355285438
0.048786646797808
0.048799265732564
0.048826845284108
0.048878367096546
0.048926437112766
0.048952364778562
0.048985027661077
0.049028552569144
0.049070333591363
0.049103927240522
0.04914458990465
0.04920015968317
0.049251089066586
0.049270121013322
0.04930964163147
0.049395819778309
0.049465100565496
0.049447447245215
0.049469438499393
0.049575387683003
0.049656180386094
0.049642181723342
0.049654845352361
0.049710760318071
0.049760352806599
0.049771319714649
0.049792144806321
0.049827136134631
0.049860928663518
0.049884685489931
0.049914185523798
0.049954336215881
0.049991967212278
0.050013897546953
0.050047502922029
0.050107327358789
0.050157971940587
0.050146157764619
0.050168937968423
0.050269433131786
0.05034292682845
0.050310334140916
0.050316414142674
0.050395208879159
0.050457581178672
0.050450063110989
0.050459482225867
0.050493059457298
0.050524860358365
0.050537776752594
0.050557270748318
0.050587077246378
0.050615459125505
0.050634331657267
0.050660170399052
0.050700656116408
0.050736688730771
0.050737622773524
0.050760725479606
0.050834492819605
0.050889735220286
0.050883971245591
0.050893976787014
0.050929082457595
0.050960758946195
0.050969557131612
0.050985476906883
0.051012782652777
0.051038425568314
0.051051987041732
0.051073065637806
0.051109798881459
0.05114190825334
0.051138387375726
0.051156349013133
0.051222947040595
0.051272261227526
0.051233838591757
0.05123656473621
0.051326181445053
0.051390046097543
0.051360000548096
0.051357550076249
0.051399763185456
0.051435597837842
0.051432869381059
0.051440402313914
0.051462650728468
0.051483752728842
0.051492269767821
0.051506861716757
0.051532626681496
0.051555902327069
0.051559623355816
0.051575627504076
0.051618993483841
0.051653039460609
0.051622653879476
0.051627897160464
0.051712872598366
0.051770486733408
0.051723105441277
0.051715154708339
0.051781110037668
0.051830593847716
0.051811530690003
0.051809782899855
0.051832743724873
0.051853946334297
0.051855276126863
0.051863452430982
0.051882357827456
0.051899856671451
0.051904726897487
0.05191696028648
0.051944553663247
0.051967640880664
0.051952583474087
0.051960475504321
0.052020565616288
0.052061859576472
0.052045070119568
0.05204452838972
0.052069788963969
0.052091622893493
0.052090104019017
0.052095954024272
0.052113537429632
0.052129497887595
0.052130982871004
0.052140258275
0.052165637252938
0.052186408156247
0.052169438337194
0.052174441717267
0.052229008571229
0.052266173027936
0.052215639304654
0.052206897681646
0.052286248710397
0.052339661379148
0.052300164694635
0.05228872531057
0.052322694031972
0.052350234417401
0.052339261842966
0.052338797319327
0.052353404752604
0.052366883223886
0.052366196910346
0.052371793295822
0.052388891027836
0.052403515090729
0.052396306581633
0.052401716744128
0.052435097646056
0.052459109301739
0.052417832592251
0.052412611171985
0.052487878985978
0.052535740454714
0.052479751533533
0.052463481302708
0.052521553122809
0.052563166004646
0.052537195019529
0.05252874472383
0.052545333138505
0.052560155717643
0.052554467349747
0.052555792436569
0.052568110092726
0.052579027720354
0.052575443825941
0.052579457153945
0.05259924388197
0.052614499937537
0.052589949903993
0.052588724508482
0.052640393157952
0.052673194531547
0.05264984037507
0.052642980808996
0.052662302664537
0.052678192508862
0.052670452410989
0.052670231420099
0.052681964672345
0.052692091699572
0.05268628541765
0.052688436727565
0.05270696505215
0.052720894501385
0.052695888169518
0.052693089924109
0.052740263595372
0.052770027684865
0.052712452862346
0.052696870085802
0.05276968904649
0.052816591970686
0.052771569317773
0.052754780936134
0.052783707065877
0.052806182131115
0.052790252516018
0.052784967216768
0.052794965699975
0.052803836989071
0.052797582383994
0.052797737610002
0.052809597733688
0.052818990903963
0.052805201456692
0.052804217428863
0.052831530773652
0.052849462635268
0.052801787810795
0.052790297941724
0.052859452706539
0.052901290396465
0.052840337409983
0.052819129868535
0.052872254478066
0.05290898623871
0.052878916861593
0.052866450501466
0.052879179006781
0.052890130212261
0.052880196659061
0.052877373782242
0.052885703209581
0.052892632958232
0.052883937107534
0.052882977649877
0.05289803503656
0.052908549397649
0.052878345762335
0.052871638169631
0.052918110638389
0.052945729064353
0.052918462881865
0.052907809072424
0.052923523513691
0.052935803931026
0.052924314516016
0.052920428038409
0.052928621363773
0.052935217873934
0.052925019698237
0.052922871601864
0.052937246188726
0.05294703390126
0.052917249783411
0.052909763961472
0.052952374464218
0.052977618568483
0.052915968251531
0.052896313915492
0.052964996966154
0.053007854135826
0.052959611418384
0.052939644854956
0.052965482654875
0.05298486360028
0.052965967604401
0.052957783825448
0.052964996241712
0.052971080793401
0.052961475245038
0.052958350978932
0.052967044959699
0.052973278125653
0.052955556785634
0.052950732426128
0.052974351898939
0.0529886021204
0.052937214027797
0.052921995341975
0.052987298561153
0.053025418030187
0.052961644300208
0.052937531886362
0.052987561434057
0.053021276886521
0.052988804671798
0.052973952984664
0.052984352094642
0.052992965325302
0.052980492699127
0.052975181281095
0.052981107298442
0.052985634742413
0.052973885517769
0.052969947574272
0.052982152877981
0.052989814706409
0.052956297195696
0.052946330983642
0.052989603590731
0.053014074720651
0.052984522366331
0.052971622917489
0.052985159097903
0.052995264509854
0.05298155267379
0.052975483942144
0.052981555366515
0.052986037388469
0.0529732356371
0.052968529733834
0.052980412740699
0.052987722996357
0.052955153301408
0.052944896198422
0.052984716563488
0.053007232345515
0.052943299347748
0.052921272391112
0.052987344185492
0.05302770691747
0.052977660176791
0.05295585434162
0.052979811029685
0.052997320164778
0.052976701354509
0.052966816987353
0.052972371847549
0.052976799331702
0.052965227382963
0.052960170853173
0.052966984611615
0.052971345043268
0.052951333885627
0.052944256587518
0.052965669409562
0.052977735441106
0.052924260979438
0.052906881803836
0.052969802435976
0.053005673073307
0.05294037733836
0.052914612282152
0.052962720809094
0.052994599361593
0.052960785642051
0.05294456894351
0.052953589389155
0.052960821638602
0.05294688678371
0.052940132025136
0.052944648533434
0.052947769334925
0.052934260332501
0.052928596740157
0.052939129085506
0.052945125095084
0.052909741817744
0.052897906299924
0.052939259747525
0.05296187514061
0.052931050485677
0.052916875532741
0.052929131774539
0.052937966106889
0.052922997448163
0.052915682895157
0.052920523122264
0.052923782082036
0.052909509571821
0.052903346103237
0.052913780935999
0.052919660929863
0.052885555920547
0.052873735994606
0.052911900788367
0.052932826415118
0.052867697698176
0.052844359164922
0.052908847103793
0.052947733325835
0.05289674512342
0.052873933366179
0.052896786796781
0.0529132099847
0.05289165394617
0.052880827346305
0.052885437904283
0.052888924685992
0.05287626902078
0.052870137423388
0.052875884839416
0.052879189014449
0.052857934568619
0.052849613669114
0.052869760526268
0.052880591178898
0.052826046937949
0.052807500167287
0.05286900238345
0.052903573319253
0.052837542950661
0.05281090930172
0.052857884644478
0.052888703469512
0.052854209308202
0.052837270866768
0.052845520075988
0.052851984334321
0.052837275356994
0.0528297452372
0.05283348573242
0.052835835877898
0.052821396673634
0.052814808939055
0.052824418095093
0.052829504691626
0.052793178000177
0.052780359771894
0.052820616896317
0.052842202948447
0.052810752132292
0.052795921768838
0.052807475240911
0.052815618975536
0.052800010866996
0.052792050122182
0.052796230971474
0.052798839046986
0.05278381881504
0.052776901679509
0.052786559589302
0.052791681967839
0.052756835916206
0.052744224909756
0.052781467826061
0.052801536567026
0.052735900657982
0.052711927716004
0.052775497557819
0.052813564749886
0.052762183418551
0.0527388987531
0.052761152049645
0.052776996704915
0.052755005498856
0.052743723105332
0.052747849888486
0.052750858083238
0.052737683353997
0.052731026575903
0.052736232834566
0.052739006910087
0.052717176446047
0.052708258254218
0.052727747680459
0.052737954880417
0.052682985484552
0.052663905471226
0.052724615518347
0.052758500649776
0.052692234777843
0.052665233546681
0.052711586176442
0.052741847654534
0.052707094403795
0.052689846559627
0.052697717894413
0.052703810469561
0.052688767659057
0.052680891064362
0.052684264997211
0.052686255023709
0.052671415490721
0.052664417548721
0.052673588675886
0.052678253981192
0.052641570481512
0.052628336481681
0.052668030190534
0.052689120390754
0.052657453633644
0.052642364341538
0.052653589368971
0.052661417877045
0.052645563530669
0.052637340395429
0.052641231294271
0.052643557491331
0.052628250200903
0.052621029879751
0.052630344695329
0.052635143014896
0.052600061042499
0.052587152189824
0.052623947271993
0.052643631737377
0.052577927070784
0.05255375246806
0.052616832213105
0.052654502876357
0.052603075867286
0.052579658646633
0.05260163881521
0.052617233066178
0.052595124479214
0.052583696435475
0.052587637161798
0.052590464709291
0.052577129292377
0.052570298122867
0.052575301789483
0.052577884074914
0.052555899896367
0.052546796032677
0.052566021329803
0.052575998798032
0.052521012302978
0.052501802381043
0.052562121424202
0.052595714086327
0.052529529017025
0.052502478986325
0.05254853622588
0.052578561856325
0.052543814721233
0.052526519231477
0.052534266942934
0.052540242818109
0.052525143624574
0.052517192573
0.052520462959923
0.052522355824838
0.052507449490242
0.052500366953596
0.052509412062865
0.052513968544442
0.05247729517186
0.052464003299717
0.052503477242783
0.052524413564079
0.052492786025234
0.052477687185273
0.052488824325594
0.052496577775032
0.052480723068545
0.052472479264791
0.052476315993307
0.052478595189728
0.052463289151911
0.052456049335804
0.052465297991261
0.052470047891135
0.052435044200076
0.052422147092797
0.052458798079815
0.052478399207593
0.052412896445267
0.052388790586873
0.052451654187968
0.052489197167189
0.05243793755522
0.052414599651208
0.052436516376215
0.052452069158755
0.052430038973288
0.052418658340265
0.052422601786609
0.052425436970134
0.052412162769792
0.052405375869556
0.052410390878481
0.05241299436828
0.052391116599296
0.052382082914393
0.052401293795757
0.052411289730693
0.052356535400052
0.052337444925862
0.052397627116056
0.052431175079227
0.052365262552896
0.052338359910935
0.052384328843145
0.0524143206952
0.052379740013639
0.052362557507696
0.052370341933959
0.052376360999265
0.052361374356047
0.052353515966406
0.05235684714247
0.052358806523514
0.052344036267853
0.052337068929043
0.052346183273251
0.052350825215705
0.052314382318334
0.052301250777834
0.052340721945874
0.052361717895323
0.052330281120412
0.052315323498131
0.05232652289894
0.05233435027208
0.052318642687833
0.052310524699704
0.052314452782361
0.052316829399148
0.052301697689435
0.052294610188486
0.052303963659378
0.052308834272213
0.05227409485016
0.052261395706998
0.052298092034543
0.052317795256489
0.052252650806794
0.052228774441322
0.052291594054895
0.052329175769167
0.052278205485944
0.052255071793285
0.052277055243293
0.05229269491998
0.052270857066612
0.052259638042219
0.052263698917567
0.052266655642625
0.052253573032099
0.052246960103686
0.052252115801812
0.052254868590113
0.052233248565102
0.052224436018331
0.052243784683059
0.05225394863548
0.052199567147603
0.052180741278623
0.052240944304659
0.052274598333757
0.052209063392479
0.052182420509556
0.052228428866649
0.052258509574716
0.052224184473711
0.052207206876697
0.052215123987061
0.052221281305202
0.052206503333061
0.052198833964785
0.052202322908878
0.052204444920702
0.052189926065519
0.052183188889647
0.052192487936462
0.052197329161699
0.052161238391358
0.052148391143004
0.05218799089255
0.052209172889563
0.052178008800826
0.052163276576528
0.052174626592526
0.052182614769257
0.052167135796665
0.052159225885744
0.052163329313201
0.052165886244088
0.052151024525311
0.05214418564295
0.052153742693966
0.052158830738429
0.05212445500501
0.052112056681075
0.052148910573436
0.052168823100227
0.052177386712501
0.052155663380655
0.052064509735024
0.051965615547577
0.051904808100128
0.051836403044215
0.05176190389388
0.051684755938188
0.051558021817643
0.05142664980486
0.051287583876144
0.051150448247154
0.050989602876758
0.050822913861035
0.050641976787551
0.050467273150028
0.050319542664795
0.050144563359862
0.049904574762117
0.049691164750617
0.049604378634881
0.049501094106101
0.049373624625345
0.049248714371437
0.0491438605415
0.049033716183365
0.048915582591907
0.048798761464225
0.048662319442619
0.048520864357049
0.048367885794755
0.048219389775528
0.048083853826323
0.047927600552113
0.047722002856535
0.047536297848726
0.047452311990497
0.047353945183887
0.047233021515974
0.047115284617936
0.047018099521103
0.046915139809903
0.046802895868013
0.046692317098792
0.046571324377523
0.046444253020432
0.046303686775932
0.046167846689193
0.046051416545654
0.045915373594104
0.045733703550089
0.045569207763733
0.045499200668787
0.045391826002822
0.045205341382307
0.045042544891929
0.044984963885394
0.044903778947751
0.044785023393319
0.044671481176742
0.044595596453642
0.044511436853858
0.044415372168508
0.044320433487152
0.044222359484675
0.044119381906761
0.044006899090276
0.043896979529975
0.043786801140382
0.043665857685918
0.043520127809474
0.043383405811519
0.04330295787437
0.043192916124669
0.043016603941581
0.042862894750075
0.042812146439886
0.042731487459802
0.042595841366665
0.042471996243056
0.042411842142132
0.042338953572214
0.042247717176262
0.042158024775655
0.042078495684059
0.041993633055903
0.041899926742505
0.04180778597296
0.041710359312115
0.041606470409006
0.041488453045905
0.041375036370575
0.041285826760434
0.041177499517157
0.041025495587651
0.040889121497123
0.040835613204706
0.04075067311588
0.040600929571031
0.040469353336485
0.040420859437329
0.040353566317169
0.04025670304845
0.040163674134006
0.040098804809868
0.040026875453085
0.039944437455938
0.039863126863029
0.039780052626696
0.039692078123251
0.039594459225775
0.039499393198083
0.039409464281234
0.039308383593528
0.039181967177675
0.039064439194839
0.039001599954782
0.038911932141136
0.038763282462224
0.038633812900889
0.03859118236253
0.038524107296132
0.038413316092559
0.038311193660747
0.038258227566571
0.038194909420261
0.038116506085262
0.038039437529161
0.03796976367828
0.037895214455821
0.037812295915905
0.03773095671009
0.037647493927483
0.037557337438664
0.037452556878941
0.037352476933413
0.037279851029362
0.037188536370652
0.037055014501235
0.036936167114158
0.036892288759506
0.036821335564307
0.036695951329264
0.036584945728586
0.036541720533819
0.036483246114508
0.036401117098283
0.036321850594168
0.03626385818784
0.036199842580868
0.036126607322718
0.036054485651253
0.035981035478825
0.035902808816329
0.035815010250323
0.035729801489159
0.035653146934168
0.035565133955244
0.035451448175159
0.035346680057285
0.035295374753276
0.03521931196626
0.035089630187811
0.034976766420195
0.034939606980495
0.034881908557645
0.034788447189403
0.034701542081203
0.034653672130541
0.034597263931524
0.034528351212254
0.034460573743048
0.034397855620949
0.034330735249159
0.03425584179597
0.034182515173098
0.034108851727206
0.034028440401302
0.033933220951481
0.033842804110843
0.033781837355745
0.033702570953139
0.033582262327443
0.03347599978629
0.033439127518899
0.03337831733042
0.033270465115608
0.033174396281018
0.03313537589042
0.033083696934876
0.033012705437835
0.032943866353686
0.032891228204212
0.03283344245
0.032767621600625
0.032702855689789
0.032636680021821
0.03256594830888
0.03248593402141
0.032408510729779
0.032341732220161
0.032263539158944
0.032159569461472
0.032064568439523
0.032021931884513
0.031956111909234
0.031840676659795
0.031740379553376
0.031707747250306
0.031657432459245
0.031577117872296
0.031501875410914
0.031458346980978
0.031407683526096
0.031346579564906
0.03128641931803
0.031229369585443
0.031168383630004
0.031100292820145
0.031033715518559
0.030967754666251
0.030895123456277
0.030807761885521
0.030725257235157
0.030673355992947
0.03060351676811
0.030493602273798
0.030397294067054
0.030366152682876
0.03031342597333
0.030219146939205
0.030134779187145
0.030099548987887
0.030053615276404
0.029991655729447
0.029931311491222
0.029883323777228
0.029830927638072
0.029771559940496
0.029713160324517
0.029653040115337
0.029588640873962
0.02951539602339
0.029444697800103
0.029385880499856
0.02931570387537
0.029219841035569
0.029132979076767
0.029097372393546
0.029039841954326
0.028935836319416
0.028845705568028
0.028817085785926
0.028772963990893
0.028703198190576
0.028637413099371
0.028597832195012
0.028552223785621
0.028497839948479
0.028444226569212
0.028392139606681
0.028336554700623
0.028274545924729
0.028213967650319
0.028154473826509
0.028088477428733
0.028008024896995
0.027932427402567
0.027887970527293
0.027825943696167
0.02772473770938
0.027636790058918
0.027610530543331
0.027564546229739
0.027481298295877
0.027406540512561
0.027374808120818
0.027333893650406
0.027279502208045
0.027226315719418
0.0271825413756
0.027134977868563
0.027081371374368
0.02702863575149
0.026973819155977
0.026915025118701
0.026847906392465
0.026783251586216
0.02673113303358
0.026667809391386
0.026579088217985
0.026499350170384
0.026469598994538
0.026419016000674
0.026324607980784
0.026243057452386
0.026218013335864
0.026179198045279
0.026118142839146
0.026060245178437
0.026044095917701
0.026027111582174
0.026009478938409
0.025991394599147
0.025980726025497
0.025969962105801
0.025959118100956
0.025948207757954
0.025936549823164
0.025925377630704
0.025917610645048
0.025916214959057
0.025921333240381
0.025931061024787
0.025944742904198
0.025961788864155
0.026030880044717
0.026122186395517
0.026234543396396
0.026352015845791
0.026467719157717
0.026587388218206
0.026711017500403
0.026835256615306
0.027006155630561
0.027178894924179
0.027355445978874
0.027530681969256
0.027744862234346
0.027964675141873
0.028198904375629
0.028426939302478
0.028618380267208
0.02883075429349
0.029091894031162
0.029334886962922
0.029473799221936
0.029635225098828
0.029838784857525
0.030032613110796
0.030159945288902
0.030296330929467
0.030445590550307
0.030593598251105
0.03074075661416
0.030891209437237
0.031047342762798
0.031202010724026
0.031382420140446
0.031566792509414
0.031760801836107
0.031950708112531
0.032133833937131
0.032330936690535
0.032561385556386
0.032778505278507
0.032916214239646
0.033079065255892
0.033295033313894
0.033494845803945
0.033607498084342
0.033735663983042
0.033888762516535
0.034037917722556
0.034158879387
0.034285458830919
0.034420627397254
0.034554348574691
0.034700584695294
0.034850349233905
0.035007666091038
0.035162136080583
0.035325805554205
0.035498239236491
0.035691810217979
0.035876573884966
0.036009897345302
0.036167616982924
0.036380553057258
0.036573805945231
0.036669348543225
0.036788895402787
0.036952582995549
0.037106338942429
0.037201414795018
0.03730663169163
0.037426776099757
0.037545116486969
0.037658517770078
0.037776134502941
0.03790119092469
0.038024261638785
0.038160173501508
0.038301459585854
0.0384553353007
0.038604052440418
0.038731904901135
0.038877983688279
0.03906681509478
0.039238875556645
0.039321345042282
0.039435361202442
0.03961526685594
0.039775656971396
0.03984504240751
0.039932995421829
0.040050084114264
0.040163065507862
0.040247078482989
0.040337597002189
0.040437811521397
0.040536630528783
0.040641931779289
0.040751348536277
0.040869298618044
0.040984267041064
0.041099576888966
0.041225517571297
0.041376662783853
0.041517578355569
0.041595948349986
0.041705803594196
0.041886811786862
0.042042544583165
0.042088680246288
0.042165263141599
0.042297061678653
0.042417105248327
0.04247427404987
0.042543385852426
0.042629296623632
0.042713795643095
0.042790573172531
0.042872014068423
0.042961314385358
0.043048850015841
0.043143031405715
0.043243096592522
0.04335660363047
0.043464919675526
0.0435452080713
0.043647356423471
0.043800595059798
0.043933868992552
0.04398159993673
0.044043557476323
0.04412729253357
0.044208240678369
0.044270093750438
0.044337244546471
0.044412646545848
0.044486657212304
0.044565808040897
0.044650083422534
0.044745641714846
0.04483710303662
0.044908629482887
0.044998784017823
0.045132640380276
0.045249214094125
0.045291376815843
0.045347076886318
0.045424517074235
0.045498609719745
0.045552273120043
0.045611871080243
0.045681135267372
0.045748622530313
0.045815033895138
0.045887666362777
0.045973777911198
0.046055271945226
0.046110854860347
0.04618567188497
0.046304863487075
0.046407339755772
0.046421888388163
0.046474724242758
0.046609117976245
0.04671858521804
0.046729697422089
0.046766229084698
0.046843817091683
0.046915360076968
0.046948465914174
0.046990628562993
0.047045727159854
0.047099651092025
0.047148379653916
0.047202186469019
0.047265561188078
0.047326423894353
0.047378405417388
0.047441065678372
0.047528133195624
0.047606178791087
0.047624040742248
0.047675569117379
0.047803363493787
0.047903967847794
0.047894330794716
0.047922810680085
0.048023190006982
0.048107064573525
0.0481180329351
0.04814529868678
0.048195584460566
0.048244210448663
0.048276005816183
0.048313831539708
0.048361077508942
0.048406924037559
0.048448896302723
0.048497095692944
0.048558609324382
0.048615792401035
0.048643065655587
0.048691419503265
0.048788441585614
0.048867097337658
0.04887920475257
0.048906309553754
0.048957267426234
0.049004871310822
0.049030626522142
0.049062997546364
0.049105972828367
0.04914727921959
0.049180898301959
0.049221471294541
0.049276737763347
0.049327408736201
0.049346074635825
0.04938551650632
0.049472380251694
0.049541954983279
0.049522511045462
0.049543858392098
0.049651736549142
0.049733593734126
0.049718329968937
0.049730207925764
0.049785867535038
0.049835270016711
0.049845941859685
0.049866420553294
0.049900864225861
0.049934202725724
0.04995791228884
0.049987260835671
0.050027049746092
0.050064375610288
0.050086320707062
0.050119895589488
0.050179638077959
0.050230174407221
0.050217399237485
0.050239919925126
0.050341887029856
0.050416099940198
0.050381938260666
0.050387317152004
0.050467020629795
0.050529956694285
0.050521842362366
0.050530804007034
0.050563946182212
0.050595418208323
0.050608213889865
0.050627523449553
0.050656987203878
0.050685080691406
0.050703978091565
0.050729743960448
0.050769957806323
0.050805773461804
0.050806545586336
0.050829606386264
0.050903681090708
0.050959017358524
0.050953036380547
0.050962849058634
0.050997733265445
0.051029230965008
0.051037972415116
0.05105378465561
0.051080871570268
0.05110632861374
0.051119875561553
0.05114089383324
0.051177483471836
0.051209466062341
0.051205703859689
0.05122357251511
0.051290463490715
0.051339882041553
0.051300603522167
0.051303008557218
0.051393495457016
0.051457836421546
0.051427230391997
0.051424443277721
0.051466570593281
0.05150234743282
0.051499511924244
0.051506918510922
0.051528956386585
0.05154988863662
0.051558387284574
0.051572917931057
0.051598535323131
0.051621686463715
0.051625370297761
0.05164133020648
0.051684658789777
0.051718645662148
0.051687762477256
0.051692844855067
0.051778481160575
0.051836408936636
0.051788311000592
0.05178003748477
0.05184639203088
0.05189612516282
0.051876811829495
0.051874878060464
0.05189766745265
0.051918744621685
0.051920031987838
0.051928140123156
0.051946912325577
0.051964300474132
0.051969166220829
0.051981358454473
0.052008837724426
0.052031829857063
0.052016635534232
0.052024469195226
0.052084713543135
0.052126047264695
0.052109137434521
0.052108499346548
0.052133669131995
0.052155430244934
0.05215388002684
0.052159679225047
0.052177166133136
0.052193044696139
0.052194506434988
0.052203740810841
0.052229047321539
0.05224975144638
0.052232633058758
0.052237567450962
0.052292269058973
0.05232947208879
0.052278491584907
0.052269575685878
0.052349358118798
0.05240300280284
0.052363211193998
0.052351599918239
0.052385545871903
0.052413070714115
0.052402034466175
0.05240150421053
0.052416016401275
0.052429417834557
0.052428707702866
0.052434263523535
0.052451286309104
0.05246584481672
0.052458587952935
0.052463952581299
0.052497304921733
0.052521273147115
0.052479714335889
0.05247438529708
0.052549968009349
0.052597969217003
0.052541596137405
0.052525147619548
0.052583421252199
0.052625155213795
0.052599038721123
0.052590484137245
0.05260699193296
0.052621753512785
0.052616026405397
0.052617304865045
0.052629551893748
0.05264040846686
0.052636794847177
0.052640765145224
0.052660482856481
0.052675676226191
0.052651014325324
0.052649725454895
0.052701456824996
0.052734257813092
0.05271081483327
0.052703886728204
0.052723157735562
0.052739002587558
0.052731222084666
0.052730956103799
0.052742630541894
0.052752704201417
0.052746852787746
0.052748955576143
0.052767431095205
0.052781307167282
0.052756179745503
0.052753309706155
0.052800533983168
0.052830294439902
0.052772450605118
0.052756745490119
0.052829764969508
0.052876764085455
0.052831557328142
0.052814655985298
0.052843561829805
0.052866016094196
0.052850024742079
0.052844682695996
0.052854619759741
0.052863436979782
0.052857137138118
0.052857243189552
0.052869045503949
0.052878383352782
0.052864522470958
0.052863476083372
0.05289075236095
0.052908634234896
0.052860761384793
0.052849172853481
0.052918465462977
0.052960346657346
0.052899153152668
0.052877818907505
0.052931026817563
0.052967797177981
0.052937618177216
0.052925070015519
0.052937740793922
0.052948641944851
0.052938654711666
0.052935778432281
0.052944049868845
0.052950924911477
0.052942169895775
0.052941149795156
0.052956144536727
0.052966596006303
0.052936274918099
0.052929485846412
0.052975966053001
0.053003552110013
0.052976195962453
0.052965470950197
0.052981137232437
0.052993370168913
0.052981821911753
0.052977878562554
0.052986015139876
0.052992556441201
0.052982289276166
0.052980074826015
0.052994389882617
0.053004115140103
0.052974209407656
0.052966636549153
0.053009243338559
0.053034449156295
0.052972596017102
0.052952828968909
0.053021595642123
0.053064474248328
0.053016083701986
0.052996017384751
0.053021823065186
0.053041167959649
0.053022198815142
0.053013949915911
0.053021103308867
0.053027131527445
0.053017458884097
0.053014269051732
0.053022899671999
0.053029069192948
0.053011254461861
0.053006347569224
0.053029911088579
0.053044094280243
0.052992535387338
0.052977210351543
0.053042557883523
0.053080664015378
0.053016702674946
0.052992475535928
0.053042525421542
0.053076232058562
0.053043655606087
0.053028721682567
0.05303906292337
0.053047620746564
0.05303507759076
0.053029699452536
0.053035562455565
0.053040027582281
0.05302819573082
0.053024178443323
0.053036311795918
0.053043899073007
0.053010253427568
0.053000187536876
0.053043428558669
0.053067839988973
0.053038190311507
0.053025210593734
0.05303869051988
0.053048738167218
0.053034951126523
0.053028811916008
0.053034819021243
0.053039236557614
0.053026346044994
0.053021556613582
0.053033367570865
0.05304060201503
0.053007902329049
0.052997542184695
0.053037322724065
0.053059774081497
0.052995663665688
0.052973521093458
0.053039610305382
0.053079949390313
0.053029767468275
0.05300786217228
0.053031772562988
0.053049230440808
0.053028527875715
0.053018568634052
0.053024058937749
0.053028422486627
0.053016766946419
0.053011630688087
0.053018371555621
0.053022657684764
0.053002536262504
0.052995360039925
0.053016700234317
0.053028683832624
0.052975046503163
0.052957551234761
0.053020463102285
0.053056285726689
0.052990824893812
0.052964946314213
0.053013036876675
0.053044876846273
0.053010958792202
0.052994655862694
0.05300361278505
0.053010781775841
0.052996764530322
0.05298993246636
0.052994378683891
0.052997428790852
0.052983821507936
0.052978064897181
0.052988515443433
0.052994426200023
0.052958905705663
0.052946957252289
0.052988254382957
0.053010791609732
0.052979863679848
0.052965600973538
0.052977792550596
0.052986560030646
0.052971505842009
0.052964111299721
0.052968879654902
0.052972066000744
0.052957692589875
0.052951434142847
0.052961786495611
0.052967580272888
0.052933339013869
0.052921405343013
0.052959508256126
0.052980352717919
0.052915056948292
0.052891598945432
0.052956068904391
0.05299490647974
0.052943788198885
0.052920875298208
0.052943672023744
0.05296003356427
0.052938387817169
0.052927480145356
0.052932020827262
0.052935437606458
0.052922689268971
0.052916469502982
0.05292213685871
0.052925359304867
0.052903985770703
0.052895556569247
0.052915619519571
0.052926357700964
0.052871654595483
0.052852986127953
0.052914450830383
0.052948954485968
0.052882770335361
0.052856023243134
0.052902959853602
0.052933723882689
0.052899125719359
0.052882098759152
0.052890280033903
0.052896675844477
0.052881878831848
0.052874265914487
0.05287793137922
0.052880205763768
0.052865661048919
0.052858973459953
0.052868494600526
0.05287348973969
0.052837023103558
0.052824085916235
0.052864272272016
0.052885769735954
0.05285421435564
0.052839293268418
0.052850777096224
0.052858848943649
0.05284315121572
0.052835106332147
0.052839211342967
0.052841742713477
0.052826616783428
0.052819599761253
0.052829169824968
0.052834200953229
0.052799217988287
0.052786489291507
0.052823658299557
0.052843637368999
0.052777843389814
0.052753751045132
0.052817283416615
0.052855288793605
0.05280378319054
0.052780398456465
0.052802589469379
0.052818367323681
0.052796285508754
0.052784920430912
0.052788975251384
0.052791911110781
0.052778641116378
0.052771893528876
0.052777017013256
0.052779706711772
0.052757755603788
0.052748726596273
0.052768127109393
0.052778238007463
0.052723115865066
0.05270391412865
0.052764572160451
0.052798381160712
0.052731971386051
0.052704859521088
0.052751163029444
0.052781362268948
0.0527465083572
0.052729173167826
0.052736975288238
0.052742997961415
0.052727866921407
0.052719906974838
0.052723204952074
0.05272511827685
0.052710172819363
0.052703074327301
0.052712156033308
0.052716728808814
0.052679908624398
0.052666556164157
0.05270617288808
0.052727171161386
0.052695402939438
0.052680224322949
0.052691378658483
0.052699134452966
0.052683191567498
0.052674884898865
0.052678699906846
0.052680949423296
0.052665537722766
0.052658218290049
0.052667444846257
0.052672151964971
0.052636937801626
0.052623913294254
0.052660630119537
0.052680223132982
0.05261437088716
0.052590081179547
0.052653114365841
0.052690718326619
0.0526391749302
0.052615661886572
0.052637578526189
0.052653105320047
0.05263090937967
0.052619400979663
0.052623270951379
0.052626027362158
0.052612599190282
0.052605679327694
0.052610601599394
0.052613101094822
0.052591000480838
0.052581788855601
0.052600925546011
0.052610808118869
0.052555678649794
0.052536351970656
0.052596612870721
0.052630127399871
0.052563809915435
0.052536655366546
0.052582659577534
0.052612621295796
0.052577779772963
0.052560401283584
0.052568081655685
0.052573989535238
0.052558805931075
0.052550774804172
0.052553971735742
0.052555790487973
0.052540782756276
0.052533603651008
0.052542562105948
0.05254702925854
0.052510227283375
0.052496822482812
0.052536218959076
0.052557065260869
0.052525342764373
0.05251015943299
0.052521228175563
0.052528911499835
0.052512973002585
0.052504649804099
0.052508413853792
0.05251061971071
0.0524952148678
0.052487880903605
0.052497044865441
0.052501707601398
0.052466580629862
0.052453574371713
0.052490148007287
0.052509660725198
0.052444023277769
0.052419810124696
0.052482624098706
0.052520100641496
0.0524687347351
0.052445307946417
0.052467163166375
0.052482651125942
0.052460539738217
0.052449083929009
0.052452960504706
0.052455728494349
0.052442367507628
0.052435497380868
0.052440435528152
0.052442960993821
0.052420974931091
0.052411840443445
0.052430966954195
0.052440873238409
0.052385988546817
0.052366789851194
0.052426913155845
0.052460385572202
0.052394353733365
0.052367355192207
0.052413271355788
0.052443201407074
0.052408534708347
0.052391275814748
0.052398997134653
0.052404952540696
0.052389887965671
0.052381955382981
0.052385218080631
0.052387108442481
0.05237224454995
0.052365187771628
0.052374221234134
0.052378780057934
0.052342219793206
0.052328984213109
0.052368381367857
0.052389292809905
0.052357769756574
0.052342734739218
0.052353870390908
0.052361632587604
0.052345848298972
0.052337657365129
0.052341518227885
0.052343827099725
0.052328604946152
0.052321430989359
0.0523307060411
0.052335496204479
0.052300645075951
0.05228784617139
0.052324469525333
0.052344090558447
0.052278825876874
0.052254852288812
0.052317623041629
0.052355141883173
0.052304076736641
0.052280862801613
0.052302788984588
0.052318368648618
0.052296457475207
0.052285170221168
0.052289169879713
0.052292065140983
0.052278903808286
0.052272215194444
0.05227730060704
0.052279982169535
0.052258264344834
0.052249360348811
0.052268631420484
0.052278713407174
0.052224215817599
0.052205292415154
0.052265439193988
0.052299023128607
0.052233382836834
0.052206654148652
0.052252612639377
0.052282636021844
0.052248234410177
0.052231188349031
0.052239048086342
0.052245147596405
0.052230299676214
0.052222563513868
0.052225990474756
0.052228050077676
0.052213447174267
0.052206629512008
0.05221585528887
0.052220621413368
0.052184426206512
0.052171485709122
0.052211017333853
0.052232122510392
0.052200881932162
0.052186080648018
0.052197372990091
0.05220530234082
0.05218975499399
0.052181779858378
0.052185822837872
0.052188318918005
0.052160493261205
0.05215664456731
0.052192511186367
0.052180962755972
0.052124376939339
0.052016086529396
0.051821130017581
0.05164084897481
0.051554161606984
0.051453724573115
0.051336926724946
0.051219836109429
0.05109658158257
0.050969201111235
0.050835050235435
0.050702592456552
0.050542765168115
0.05037730636142
0.050197892681465
0.050024710873721
0.04988147722328
0.049708186719707
0.049463000770515
0.049247583105363
0.049167460944745
0.049070249623457
0.048948935631936
0.048829568321749
0.048729005159991
0.048623478673816
0.04851074784119
0.048399038160687
0.048264602918321
0.048125598975742
0.047976016520187
0.047830601183378
0.04769585233536
0.047540066522888
0.047333913637809
0.047148411253544
0.047067330199067
0.046971929393586
0.046854384359782
0.046739770286165
0.046644892560815
0.046544497039054
0.046435353061373
0.046327708237246
0.04620808719223
0.046082623077887
0.045944131251825
0.045810226850813
0.045695288206115
0.045560355136638
0.045378754572446
0.045214877726009
0.045140302221682
0.045051773865842
0.044941137317143
0.044833642914021
0.044746459229154
0.044653350137994
0.04455066093637
0.044449600577973
0.044341973526514
0.044228150543372
0.044100879070291
0.043978015143459
0.043874446874364
0.043752800556944
0.043589574267014
0.043441491734007
0.043376904942822
0.043279079440221
0.043111224264156
0.042964050032387
0.042910259243512
0.042834716959064
0.042723974837368
0.042618388988291
0.042548488938932
0.042470424162561
0.042380359971761
0.042291521813837
0.042201993495897
0.042107434780499
0.042003202603631
0.041901461034856
0.04180169528337
0.041691506678569
0.041557620084214
0.0414320707779
0.041358086361963
0.041257247140229
0.041096697143244
0.040956125613469
0.040907879464103
0.040832406018023
0.040706723271968
0.040591870732199
0.040535379286598
0.040466756958732
0.040380314977294
0.040295545050402
0.040221546632011
0.040142205342421
0.040053938201333
0.039967245922701
0.039877391932391
0.039781094175675
0.039670852449944
0.039565028254548
0.039482826269773
0.039382700098062
0.039241906752553
0.039115401157123
0.039064706614683
0.038985249588806
0.038846708771456
0.03872457857737
0.038678339909649
0.038614545659245
0.03852285229072
0.038434920183371
0.038373791183788
0.038305776992422
0.038227374480236
0.038150146661603
0.038072427627213
0.037989817757351
0.037897614216159
0.037807908644638
0.037724270035437
0.037629880789578
0.037511225267276
0.037400953697298
0.037341892028284
0.037257883544451
0.037119270975597
0.036998224143225
0.036957383154063
0.0368937774271
0.036789379266772
0.036693105131693
0.036642790801712
0.036582578107511
0.036507782093803
0.036434359780886
0.036368555703204
0.036297957829891
0.036219100121556
0.036141803620981
0.036063399314482
0.035978449006352
0.035879270069089
0.035784612437367
0.035716406557296
0.035630492375125
0.035504731817843
0.035392702593541
0.035350894396233
0.035283711112004
0.035165603621277
0.035060891498729
0.035019631817646
0.03496392124127
0.034885670570052
0.034810212263304
0.034755142316236
0.034694238517445
0.034624349606032
0.034555570246867
0.034486068536097
0.034411898188731
0.034328393284893
0.034247396599743
0.034175058703835
0.034091815784316
0.033984001095276
0.033884666937247
0.033836030119798
0.03376396204188
0.033641245661054
0.033534347171661
0.033498890740257
0.03344395188386
0.033355043508506
0.033272385527595
0.033226825931071
0.033173069213222
0.0331072536069
0.033042560861299
0.032982967937596
0.032919105624119
0.032847702506844
0.032777816788725
0.032707945698796
0.032631565875702
0.032540939321231
0.032454912168945
0.032397087345453
0.03232179544759
0.03220738184077
0.032106321237241
0.032071275163157
0.032013400733044
0.031910668494721
0.031819170925354
0.03178205608003
0.03173280861325
0.031665014395162
0.031599306209994
0.031549214503294
0.03149416062462
0.031431355606946
0.031369569122752
0.031306605736355
0.031239255836371
0.03116298691044
0.031089197749014
0.031025653693614
0.030951182035688
0.030852059988938
0.030761502411308
0.030720992816429
0.030658265243793
0.030547985223456
0.030452221577942
0.030421292555538
0.030373360163955
0.030296552860724
0.030224641475019
0.030183251960408
0.030134989878518
0.03007667417202
0.030019264130999
0.029964928862298
0.029906813847104
0.029841891271723
0.029778410587385
0.029715501991134
0.029646221904965
0.029562888627266
0.029484182438475
0.029434686209578
0.029367983214731
0.029262828143923
0.029170747511069
0.029141298459585
0.029091009131711
0.029000547472551
0.028919699597695
0.028886322445175
0.02884259717943
0.028783386463853
0.028725730585966
0.028680057187012
0.028630146398848
0.028573556058542
0.028517880650662
0.028460518859367
0.028399081800835
0.028329238093591
0.028261806558429
0.028205539832289
0.028138426149682
0.02804678184056
0.027963746013673
0.027929918224499
0.027874901027693
0.027774888449012
0.027688366538906
0.02766141301928
0.027619400397113
0.027552454912602
0.027489390498678
0.027451810028371
0.027408404858343
0.027356550509621
0.027305418796194
0.027255769800312
0.027202784288943
0.027143696183918
0.027085954431326
0.027029020833787
0.026965922669851
0.026889127563435
0.026816932084379
0.026774372221603
0.026714915757229
0.026617728719383
0.026533364891527
0.026508657084233
0.026464742050708
0.026384441695507
0.026312487414189
0.026282520800885
0.026243613380494
0.026191609997745
0.026140760434797
0.026099116812314
0.026053834267322
0.026002783512538
0.025952544279288
0.025941003585801
0.025929923605307
0.025922271119412
0.025921056773793
0.025927059809898
0.02593844056555
0.025954375678391
0.025974123718507
0.026046230668775
0.026139082494448
0.026251527607709
0.026368792676007
0.026486519011824
0.026608071513785
0.026733517216977
0.026859485989472
0.027032217186586
0.027206776567638
0.027385212495385
0.027562268939598
0.027777351048903
0.027998396162809
0.028234675285926
0.028464410434096
0.028653960134703
0.028865100111837
0.029126355241274
0.029369111490405
0.029506645649782
0.029666405346409
0.029867254573304
0.030058880355185
0.030186307068626
0.030322432708861
0.030470865220054
0.030618122017836
0.030766324164268
0.030917741285234
0.031074782008274
0.031230319533718
0.031411784511341
0.031597346113098
0.031792912918899
0.031984203834136
0.032166450762502
0.032363249180806
0.032594690343274
0.032812344831953
0.032948467629996
0.033109811256456
0.033324064185134
0.033522463833915
0.033634857656581
0.033762332780444
0.033913819024686
0.034061617449443
0.034183165936156
0.034310149656355
0.034445490793493
0.03457937988685
0.034726601437845
0.034877368769615
0.035035809469997
0.035191316052026
0.035354999607027
0.035527838346739
0.035722748378441
0.035908475077125
0.036040125077814
0.036196703747922
0.036409505823326
0.036602437248393
0.036697248546268
0.036815704530858
0.036977190585438
0.037129231138033
0.037224635244
0.037329825653258
0.037449381221769
0.037567206220653
0.037681395972545
0.037799724213815
0.037925443976482
0.038049134360138
0.038185614016735
0.038327646002823
0.038482735495931
0.038632455334004
0.038759106117313
0.03890469110686
0.039094618739499
0.039267223964409
0.039348385947177
0.039461115994582
0.039639305580212
0.039798411766489
0.039867946317582
0.039955502251039
0.040071074978754
0.04018283006719
0.040267438568862
0.040358345624721
0.040458695261442
0.040557638447985
0.040663654922647
0.040773812384982
0.040892646957242
0.041008402876677
0.041123413684465
0.041249548174411
0.041402060242683
0.041543868625735
0.041620434847201
0.041729173608336
0.041910381397387
0.042066067075968
0.042111871318747
0.042187611116633
0.042317028112993
0.042435343440608
0.042493081433678
0.042562318377105
0.042647679642768
0.042731700918943
0.042809135757247
0.042891147933409
0.042980968971475
0.043068976691133
0.043163485393567
0.043264082007205
0.043378649834116
0.043487791851635
0.043566630742727
0.043668230820118
0.043822966544474
0.043957005570117
0.04400358007741
0.044064635090335
0.04414761666079
0.044227936892634
0.044289346992316
0.044355978263161
0.044430653412808
0.04450401637489
0.044583266060247
0.044667487202192
0.044762670383262
0.044853849948274
0.044925791320814
0.045016380006068
0.045150818362244
0.045267788528242
0.045309761732266
0.045365251124611
0.045442388405624
0.045516224513918
0.045569799284893
0.045629244929509
0.04569822865598
0.045765468709275
0.045831957362322
0.04590461616435
0.045990665934332
0.046072110837351
0.046127587304565
0.046202462502594
0.046322143719175
0.046424892190016
0.046457792049739
0.04650481464837
0.046574678516665
0.046640996842136
0.046685699545932
0.046736831265885
0.046798480648709
0.046858246196594
0.046913534646702
0.046975493945253
0.047051693432261
0.04712322514021
0.047167090071497
0.047230071221759
0.04733678910432
0.04742741838417
0.047433941412192
0.047477515541552
0.047599742655289
0.047698154025447
0.047702728254227
0.047732608671659
0.047803886410246
0.047868815692906
0.04789498731541
0.047930652140817
0.047980097554383
0.048028207956347
0.048068624512468
0.048114518910759
0.048170675470458
0.048224240578446
0.048266080732675
0.048318939646232
0.048396729847004
0.048465558862465
0.048475066464387
0.048517363001008
0.048633526050534
0.048723774468449
0.04870879093181
0.048730947597921
0.048823273491613
0.048899461298729
0.048905061670364
0.04892712300786
0.048972816631505
0.049016608424612
0.049042277429071
0.049074303573832
0.049116344615389
0.049156897756666
0.049191085392297
0.049231882070061
0.049286689576755
0.049337072383485
0.049355866890233
0.049395791810844
0.04948421150023
0.04955466224003
0.049561314864315
0.049583172896819
0.049629383669767
0.049672110206658
0.049692334629067
0.049719472683408
0.049757755872146
0.04979429072875
0.049821129557024
0.049855253548868
0.049904667301681
0.049949411551945
0.049960891765691
0.049993179828873
0.05007271534886
0.050135292608206
0.050111134223013
0.050126816575252
0.050226709281932
0.050301517381815
0.050282529806016
0.050290360212212
0.050341719129922
0.050386731615861
0.05039320833606
0.05040969698742
0.050440609619656
0.05047030704198
0.0504889691821
0.050513534956668
0.050549029181436
0.050581985157237
0.050597755182458
0.050625470452682
0.050679920549427
0.050725112404757
0.050707242428426
0.050724183746726
0.050819158578828
0.050887199112139
0.050850106254109
0.050851678540683
0.050925836962808
0.050983694724309
0.050972525774711
0.050978367846472
0.051008531080367
0.051036892640786
0.051045984847141
0.051061772851382
0.051088083478814
0.051112951487859
0.051127118805674
0.051148445201296
0.051184785531765
0.05121661618333
0.051212140514611
0.051230144883623
0.051299412600889
0.051350066278579
0.051340608763893
0.051347115706351
0.051379021343228
0.051407485779646
0.051412844126204
0.051425430578107
0.051449560828413
0.051472033983725
0.051481576666432
0.051498745886417
0.051531752863348
0.051560134874657
0.051552172224396
0.051565848792401
0.051628444841454
0.051673737853483
0.051631377352286
0.051630341544793
0.051716511635791
0.051776895659269
0.051743734041874
0.051738336113522
0.051777902237094
0.051811049798051
0.051805571568293
0.051810463298907
0.051830237423258
0.051848861239634
0.051854317427686
0.051865936468467
0.051888871837437
0.051909316166863
0.051909406468147
0.051921905748228
0.051961995136962
0.051992744989779
0.051958793538564
0.051960588346598
0.052042300654131
0.052096671180918
0.052046479380822
0.052035805070344
0.052099179688107
0.052146079113166
0.052124715015474
0.052120759224693
0.05214167507548
0.052160815519231
0.052159808403903
0.052165722166888
0.052182485901119
0.052197838887603
0.052199896031784
0.052209411554876
0.052234458718951
0.052254983089087
0.052236774397315
0.05224164763745
0.052298960652548
0.052337458873353
0.052318483800047
0.052315856651699
0.05233919791757
0.052359098992775
0.052355502628916
0.052359343851583
0.052375027022724
0.052389085006247
0.052388132228192
0.052395046025589
0.052418195918737
0.052436729579621
0.052417073535296
0.052419485643619
0.052471627564693
0.052506362012975
0.052453518979491
0.052442518080567
0.052519664905905
0.05257090376071
0.052529584508837
0.052516385322888
0.052548716830818
0.052574601233233
0.052561967608549
0.05255990428582
0.052573016777244
0.052584992760869
0.052582438819903
0.052586226390614
0.052601615611928
0.05261452497538
0.052605095723338
0.052608371953833
0.052639780035608
0.052661799342641
0.052618373753953
0.052611056795967
0.052684291774767
0.052730157784848
0.05267252547033
0.052654615727896
0.052711031703737
0.052751015305068
0.052723668914599
0.052713882460829
0.052729215079692
0.052742768884149
0.0527356470992
0.052735585107949
0.052746595919623
0.052756200222885
0.052750881510466
0.052753225852328
0.05277146612839
0.052785158898909
0.052758668246496
0.052755590214946
0.05280556676461
0.052836662822235
0.052811958568393
0.052803812043557
0.052821950469909
0.052836648623666
0.052827627763814
0.052826167589092
0.052836726893007
0.052845678725245
0.05283837446554
0.052839071803293
0.05285622167402
0.052868768936427
0.052842117877712
0.052837726489901
0.052883394954432
0.052911654203764
0.052852655053613
0.052835678469197
0.052907141437703
0.052952702318585
0.052906542382136
0.052888659267465
0.052916574130724
0.052938024077629
0.052921058668619
0.052914776882194
0.052923843712842
0.052931778771607
0.052924364417277
0.052923395100405
0.05293419002365
0.052942514741106
0.052927354642308
0.052925048042169
0.052951125900333
0.05296781406851
0.05291881860892
0.052906032242011
0.052973911656884
0.053014500571973
0.052952522162404
0.052930293524689
0.052982396199135
0.053018116960899
0.052987181119019
0.052973875231736
0.05298581795547
0.052995974806789
0.052985142404302
0.052981449003824
0.052988956069932
0.052995060027646
0.052985283018204
0.052983279949422
0.052997362305624
0.053006893435602
0.052975491629045
0.052967630828154
0.053013028514246
0.0530395703899
0.053011465212934
0.053000007277163
0.053014976582527
0.053026506398344
0.053014213463154
0.053009548694689
0.053017004016121
0.053022861261334
0.053011721907785
0.053008660221312
0.053022168931845
0.053031087849489
0.0530002729119
0.052991786399895
0.053033445990061
0.053057741359663
0.052995209759041
0.052974682068428
0.053042489714308
0.053084489052733
0.053035543814971
0.053014892283605
0.053040082282389
0.053058808982383
0.05303926323636
0.053030451773369
0.05303707420275
0.053042565590624
0.053032228348173
0.05302839384808
0.053036414135385
0.053041971348553
0.053023385487854
0.053017726306108
0.053040564696432
0.053054028667556
0.05300181281671
0.0529857768236
0.053050264766725
0.05308758992742
0.053023181361629
0.05299842720887
0.053047794402361
0.053080859889399
0.053047846165615
0.053032465465298
0.053042363331274
0.053050470112114
0.053037429149952
0.053031566015599
0.053036969100679
0.05304097139773
0.053028537636315
0.053023938256233
0.053035524393408
0.053042561921456
0.05300828877763
0.052997593066009
0.053040180430732
0.053063967022807
0.053033885760842
0.05302047702977
0.053033536857019
0.053043163288714
0.053028943680779
0.053022381497382
0.053027982088028
0.053031992971545
0.053018596840573
0.053013311979468
0.053024641992137
0.053031398541223
0.052998180259985
0.052987290008826
0.053026500976308
0.053048410870229
0.052983923514943
0.052961344087638
0.053026856611256
0.053066671984649
0.053016182590792
0.052993942710695
0.053017484214494
0.053034575079052
0.053013546089892
0.053003263619382
0.053008440912563
0.053012489426602
0.053000455168523
0.052994948213076
0.053001331326249
0.053005260509378
0.052984704832483
0.052977099022327
0.052998011344957
0.053009575376549
0.052955580766924
0.052937685043647
0.053000084640858
0.053035448476645
0.052969753308675
0.052943582295458
0.052991267983579
0.053022732281672
0.052988577986462
0.052972026403477
0.052980725362227
0.052987633745161
0.052973340706396
0.052966236610466
0.052970418936733
0.052973204805121
0.052959265050949
0.05295318315016
0.05296331932023
0.052968917284314
0.052933060559425
0.052920764984731
0.052961679820635
0.052983858657208
0.052952703711592
0.052938207998189
0.05295015903963
0.052958687612092
0.052943400767299
0.052935775153317
0.052940315209122
0.05294327447786
0.052928629302177
0.052922100913741
0.052932183127922
0.052937711209254
0.052903200394498
0.052890982080073
0.052928758745804
0.052949299535404
0.052883823712462
0.052860137785976
0.052924271601435
0.052962811485169
0.05291154818286
0.05288846404154
0.052911051157125
0.052927207745783
0.052905397147889
0.052894321282578
0.052898691440392
0.05290193772279
0.052888994095261
0.052882580245857
0.052888054459719
0.052891085902956
0.052869493327368
0.052860841863532
0.052880670400182
0.052891183427617
0.052836317185222
0.052817448281232
0.052878621025935
0.052912872170909
0.052846595391601
0.052819708991589
0.052866416574954
0.052896974178251
0.052862270926048
0.052845124524298
0.052853169608609
0.052859429263845
0.052844499430418
0.052836752310768
0.052840282251982
0.052842422033016
0.052827717422054
0.052820870102792
0.052830229366341
0.052835066182099
0.052798450260487
0.052785347839581
0.052825326959337
0.052846638445741
0.0528149874112
0.052799959968602
0.052811321113145
0.052819273154051
0.052803470861876
0.052795318694833
0.052799311980069
0.052801733379304
0.052786485541251
0.0527793439136
0.052788781428931
0.05279368492984
0.052758593287228
0.052745738330698
0.052782737179735
0.052802565952751
0.052736722819082
0.052712538666926
0.052775885493036
0.052813736519816
0.052762192179565
0.052738742794332
0.05276082887187
0.052776507501592
0.052754364074662
0.052742930752466
0.052746908794336
0.052749768749877
0.052736420689668
0.052729592695914
0.052734630596159
0.052737237326712
0.052715204762288
0.052706086807732
0.052725378865452
0.052735390865038
0.052680231844261
0.052660958709875
0.052721464030521
0.052755152309796
0.052688743379778
0.052661591830735
0.052707778520743
0.052737879618636
0.052703004777868
0.052685633586127
0.052693379669106
0.05269934750269
0.0526841747314
0.052676169064128
0.052679415254019
0.052681278213235
0.052666282674125
0.052659130577965
0.052668149828497
0.052672664491931
0.052635814060921
0.052622412745262
0.052661935245443
0.052682858856115
0.052651078223595
0.052635874236121
0.052646982792827
0.052654696071144
0.052638729744021
0.052630394824318
0.052634173748218
0.052636389005464
0.052620950365359
0.0526135990829
0.05262278226828
0.052627450862906
0.052592230033531
0.05257918021818
0.052615827351233
0.052635368695314
0.052569551322915
0.052545256791352
0.05260819952512
0.052645740157952
0.052594225557917
0.052570715928818
0.052592595546151
0.052608091242068
0.052585898493795
0.052574385206228
0.052578239043302
0.052580980445568
0.052567547902868
0.052560619643165
0.052565525564963
0.052568011338196
0.05254591546696
0.052536699157596
0.052555808632118
0.052565673242789
0.052510586838139
0.052491270326488
0.052551465796912
0.05258494283589
0.052518686053331
0.052491555123438
0.052537512990374
0.052567444688208
0.052532634802136
0.052515272908765
0.052522948976292
0.052528854075215
0.052513685277684
0.052505663877459
0.052508862541564
0.052510684503948
0.05249569471085
0.052488528388545
0.05249748800815
0.052501960720022
0.052465201852691
0.052451820702449
0.0524911950243
0.052512037284162
0.052480353211996
0.052465194698466
0.052476266729483
0.052483956521354
0.052468044343871
0.052459741876523
0.052463517649619
0.052465736895685
0.052450363441573
0.052443055096722
0.052452231999938
0.052456912156596
0.052421840816523
0.052408871548086
0.052445438872354
0.052464961778689
0.052399410293067
0.052375245766387
0.052438028725356
0.0524754986616
0.052424202072112
0.05240082028939
0.052422681518042
0.052438181120295
0.052416111815497
0.052404689695105
0.052408588051954
0.052411378902983
0.05239805804545
0.052391223417164
0.052396188244917
0.052398742798867
0.05237681320399
0.052367725206163
0.052386875214835
0.052396813604588
0.052342019359664
0.052322879996577
0.052382992136435
0.052416478450956
0.052350542293427
0.052323605242359
0.05236951883928
0.052399460819518
0.052364856398501
0.052347645422542
0.052355394416288
0.052361378974318
0.052346362532494
0.052338472754576
0.052341769835098
0.052343695925715
0.052328890023859
0.052321885563587
0.052330959062246
0.052335562017913
0.052299087265469
0.052285918129128
0.052325337655513
0.052346288053679
0.052314832331063
0.052299851386045
0.052311020185783
0.052318818410496
0.052303089131527
0.052294947564774
0.052298848798694
0.052301199463897
0.052286042351343
0.052278927569475
0.052288249308692
0.052293090136268
0.052258329820852
0.052245603913379
0.052282259452343
0.052301927634779
0.052236776609704
0.052212881985684
0.052275658172684
0.052313204513439
0.052262230343141
0.052239084714395
0.052261042848029
0.052276659563717
0.052254811890021
0.052243580069129
0.05224762369092
0.052250563836136
0.052237467486988
0.052230839212935
0.052235976301714
0.052238711637056
0.052217078741961
0.05220824996469
0.052227574319438
0.052237717350126
0.052183334960313
0.052164497915791
0.052224666229278
0.052258294208048
0.05219276686198
0.052166119921228
0.052212102019859
0.052242161856426
0.052207838161968
0.052190856771046
0.052198762457582
0.052204909202778
0.052190127129735
0.052182451695162
0.052185931319114
0.052188044731784
0.052160412328338
0.052156789469651
0.052192918830483
0.052180896344384
0.052124725486387
0.052015743062159
0.051817293917807
0.051634497842943
0.051548822380005
0.051448913963456
0.051332071081468
0.051214904393037
0.051092687482489
0.050966282206132
0.050833101302488
0.050701553422713
0.050542408978342
0.050377825037583
0.050199783524507
0.050027750581897
0.049883029215013
0.049709161812746
0.049465473057923
0.049250805050354
0.049169578620903
0.049071513954611
0.048949509066592
0.048829561193585
0.048728530146489
0.048622507162281
0.048509177872054
0.048396917025575
0.048262492655982
0.048123409773124
0.047973550697433
0.04782792247764
0.047693712450327
0.04753839970345
0.047332623604559
0.047147460720963
0.047066415208225
0.046971016479818
0.046853413100031
0.046738752572562
0.046643892002596
0.04654349253979
0.046434308552778
0.046326629868431
0.046207103521927
0.04608172713852
0.045943317414312
0.045809490599352
0.045694557615187
0.04555970195573
0.045378357591682
0.045214655994731
0.0451399635527
0.04505133518654
0.044940596941326
0.044833017313597
0.044745789429299
0.044652618590958
0.044549827486384
0.044448677587143
0.04434110838268
0.044227321135967
0.044100042645958
0.043977181694364
0.043873692096362
0.043752148040804
0.043589096009993
0.04344114459586
0.043376416868459
0.043278587194242
0.043111040852094
0.04296406704678
0.042910111581095
0.042834468401414
0.042723702254832
0.042618096376841
0.042548127198774
0.042469987906886
0.042379823758921
0.042290898314067
0.04220137103545
0.042106796797038
0.042002514646492
0.041900732634021
0.041801040639126
0.041690912839993
0.041557066142758
0.04143155728978
0.041357557100135
0.041256769546943
0.041096443556682
0.040956019638945
0.040907637633296
0.040832115364429
0.040706545545616
0.040591770916351
0.040535195134911
0.040466503136961
0.040379994343332
0.040295168452486
0.040221139998874
0.040141758990196
0.04005342826976
0.039966680444536
0.039876858030533
0.039780575296087
0.039670314794525
0.039564480987446
0.039482329721589
0.03938226342359
0.039241563065021
0.039115127454909
0.039064358967788
0.038984905947473
0.038846549363443
0.038724540933936
0.038678208017643
0.038614359287676
0.03852266304454
0.038434727892129
0.03837355333902
0.03830549234209
0.038227030641619
0.038149751009548
0.038072028382999
0.037989403305183
0.03789715914983
0.037807420700609
0.037723831258059
0.037629478016203
0.037510834021838
0.037400578173509
0.037341514335905
0.037257542860751
0.037119071012545
0.036998117507053
0.036957196050008
0.036893565267572
0.036789246362674
0.036693028252852
0.036642658469315
0.036582402074495
0.036507569178894
0.036434115599964
0.036368287181339
0.036297659080312
0.036218755352637
0.036141418696853
0.036063034316356
0.035978089771539
0.035878886377946
0.035784213407782
0.0357160486932
0.035630176703503
0.035504470188578
0.035392482326417
0.03535063176308
0.035283457139214
0.035165478666323
0.035060853211446
0.035019531071401
0.034963786806002
0.034885542072624
0.034810087959994
0.034754982971908
0.034694044785578
0.034624115318053
0.034555300229478
0.034485792111525
0.034411606215112
0.03432806487816
0.034247038657979
0.034174739647943
0.034091521333721
0.033983702568855
0.033884371291096
0.033835740921967
0.033763704148872
0.033641088754254
0.033534257617765
0.033498747046366
0.033443794663674
0.033354950472426
0.033272338809679
0.03322673751856
0.033172949404828
0.033107110892489
0.033042398458494
0.032982783361123
0.032918894983132
0.032847454316686
0.032777535748863
0.032707678786834
0.032631299735287
0.032540644485119
0.032454598253425
0.032396812127026
0.032321554532827
0.032207173466255
0.032106138774361
0.032071066707061
0.032013204006499
0.031910575027514
0.031819147701753
0.031781986165717
0.031732715382722
0.031664931398899
0.031599231087042
0.031549109440343
0.031494027256647
0.031431191018637
0.031369376796016
0.031306404997095
0.031239038820106
0.031162735016207
0.031088917535008
0.031025408283088
0.030950955475546
0.030851818773313
0.030761256007749
0.030720758891424
0.030658060598432
0.030547861137569
0.030452151370822
0.030421181969098
0.030373242306306
0.030296492036666
0.030224622518534
0.030183198609202
0.030134911616265
0.030076580204767
0.03001915648068
0.029964799782585
0.029906660582502
0.029841704824827
0.029778194980677
0.029715297451169
0.029646015075254
0.029562649328795
0.029483921103354
0.029434464160537
0.029367791892087
0.029262655743312
0.029170591462288
0.029141125855368
0.029090850513107
0.029000479410168
0.028919693696147
0.028886278520338
0.028842535675107
0.028783337437502
0.028725691480044
0.0286799908889
0.028630055068972
0.028573438600834
0.028517739773937
0.028460368102137
0.028398913975166
0.028329035761608
0.028261576183417
0.028205343121802
0.028138245220916
0.028046578092781
0.027963531307647
0.027929720507244
0.027874732128308
0.027774788919859
0.027688313374182
0.02766132729369
0.027619311070146
0.027552418829919
0.027489394052898
0.027451783528757
0.027408357221362
0.027356491135365
0.02730534907947
0.027255678910278
0.027202670153145
0.027143551346236
0.027085782482318
0.027028858324887
0.026965755890069
0.026888925023208
0.026816705138979
0.026774186362072
0.026714759031809
0.026617581382866
0.026533227347791
0.026508508865174
0.026464609472763
0.026384392943193
0.026312496553722
0.026282497184828
0.026243575630218
0.026191585787176
0.026140747231439
0.026118304129738
0.026095110914296
0.026071338590625
0.026047243157937
0.026033135559645
0.026018967671151
0.026004752184043
0.025990500816153
0.025983000036498
0.025975492806816
0.025967980068566
0.025960462681503
0.025957160650131
0.025953857928249
0.025950554571911
0.025947250634619
0.025946350947971
0.02594544523902
0.0259445307471
0.025943632328145
