1.0496
1.049613894805
1.0496277889877
1.049641682548
1.0496555754859
1.0497250308367
1.0497944706205
1.0498638948379
1.0499333034937
1.0502801134664
1.0506265377783
1.0509725818048
1.0513182517451
1.0516805958292
1.0520425482734
1.052404121473
1.0527653281666
1.0532016454872
1.0536374728916
1.0540728371922
1.0545077651531
1.055067498917
1.0556266148849
1.0561851742467
1.0567432373637
1.0574738407725
1.0582038352862
1.0589333587293
1.0596625467524
1.0606626567601
1.0616627394371
1.0626631397724
1.0636641974682
1.0651618530206
1.0666628364588
1.0681682366308
1.0696791264955
1.0713002770054
1.0729301464641
1.074569963553
1.0762209547397
1.0778843328387
1.0795612182167
1.0812527315657
1.082960039655
1.0844874373199
1.0860288195816
1.087584896274
1.0891564475992
1.0905260056967
1.0919080423254
1.0933029860348
1.0947112979529
1.0961371036218
1.0975771805463
1.0990319351974
1.1005017902933
1.1021942530751
1.1039073717655
1.1056417002892
1.1073978173674
1.1093248866068
1.1112787912419
1.1132601636183
1.1152697016399
1.1172046762156
1.1191660945736
1.1211544352564
1.1231702751681
1.1250077877316
1.1268682589266
1.1287520067217
1.1306594157173
1.1325358650789
1.1344352259198
1.1363577689703
1.1383038038934
1.1404318656915
1.1425879443012
1.1447723479662
1.1469854270453
1.1494100133322
1.1518687993124
1.1543621229924
1.1568903992904
1.1594235929725
1.1619915255473
1.1645944693152
1.1672328136316
1.1697053768479
1.1722086549872
1.1747428325546
1.177308193863
1.179788163177
1.1822969038248
1.1848345600418
1.1874013402378
1.1901051518361
1.1928408413717
1.1956085498806
1.1984084760018
1.2014516942409
1.204532383225
1.2076506820177
1.2108068136579
1.2140511961891
1.2173348564391
1.2206578962029
1.2240205448922
1.227243187007
1.2305015379603
1.2337956537911
1.2371257194074
1.2403113778312
1.2435293422101
1.2467796466893
1.2500624164879
1.2534157696544
1.2568023972233
1.2602223215456
1.2636756376631
1.2673826081585
1.2711273359795
1.2749098249273
1.2787301672994
1.2827274478739
1.2867653304802
1.2908437858314
1.2949629154484
1.2989970580671
1.3030693924208
1.3071798628071
1.3113285645889
1.3152824830399
1.3192704124669
1.3232922938955
1.3273481874353
1.3313835918307
1.3354519996458
1.3395533480022
1.3436876628989
1.348050855159
1.3524500296295
1.3568851014216
1.3613560777614
1.366085935327
1.3708551211778
1.3756635139161
1.3805111203001
1.3853655912076
1.390258510451
1.3951897329363
1.4001592775
1.4049126376346
1.4097002821759
1.414522074417
1.4193780244435
1.4241058297331
1.4288653284482
1.4336563951702
1.4384790121648
1.4434603525711
1.44847465261
1.453521772216
1.4586016679067
1.4639950043521
1.4694244825201
1.4748899241523
1.4803912730272
1.4860227563376
1.4916909999663
1.4973957948916
1.503137098274
1.5086918510693
1.5142799794355
1.5199012833031
1.5255557337159
1.5309776140312
1.5364292826056
1.541910565822
1.5474214202763
1.5529737320303
1.5585554078688
1.5641662747364
1.5698062633236
1.5757636420127
1.5817527891433
1.5877734982736
1.5938256782106
1.6001410908447
1.6064899615757
1.6128720440314
1.6192872506228
1.6256114201811
1.6319669884933
1.6383537073892
1.6447715161432
1.6508860414409
1.6570281031266
1.6631974879412
1.669394138865
1.6754793118318
1.6815901685942
1.6877265156193
1.6938882748837
1.7003026260527
1.7067438790198
1.7132118193419
1.719706343048
1.7265718652067
1.733466369184
1.7403895961645
1.7473414324261
1.7543602440378
1.7614074614165
1.7684828061321
1.7755861911962
1.782384552864
1.7892079208192
1.7960560481791
1.8029288710068
1.8095289965358
1.8161513180393
1.8227956264329
1.8294618462555
1.8362419281097
1.8430441165374
1.8498682003459
1.8567140783712
1.8639741766411
1.8712581573188
1.8785657690638
1.8858968902768
1.8934862397826
1.9011000868895
1.9087381431995
1.9164003021765
1.9238522011746
1.9313262352249
1.9388221310774
1.9463398196714
1.9534578707112
1.9605948986059
1.9677506786541
1.9749251449971
1.9820146992508
1.9891219988988
1.9962468393329
2.0033891320022
2.0108939482606
2.0184174979877
2.0259595497018
2.0335199889502
2.0415108349671
2.0495216049215
2.0575520205661
2.0656019658224
2.0736355897003
2.0816880303442
2.0897589997769
2.0978484221821
2.10549660506
2.113160731355
2.1208405589691
2.128536034904
2.1359234284418
2.1433247784307
2.1507398841595
2.1581686756673
2.1658029944357
2.1734513104573
2.1811134163399
2.1887892147924
2.1969888696528
2.205203623534
2.2134332241919
2.2216775584035
2.2301629123985
2.2386632891899
2.247178402614
2.255708168677
2.2638842676751
2.2720732861517
2.280274965247
2.2884892634254
2.2962036614116
2.3039287426066
2.3116643037517
2.3194102975103
2.3271158836388
2.3348313952437
2.3425566463487
2.3502915622789
2.3585192696301
2.3667574738971
2.3750059571565
2.3832646204134
2.3920128934441
2.4007720726879
2.4095418920048
2.4183222622812
2.4269782542999
2.4356439746383
2.4443191547507
2.4530037580125
2.4610964468671
2.4691968745782
2.4773048279278
2.4854202845779
2.4932051091311
2.5009964733806
2.5087942052648
2.5165982558349
2.5247231534191
2.5328545348995
2.540992216826
2.5491361218785
2.5579246402815
2.5667199692513
2.5755218770835
2.5843302779425
2.5933446291544
2.6023652901446
2.6113919973306
2.6204247104005
2.6289365597944
2.6374532971372
2.6459746949398
2.6545007541884
2.6624310984593
2.6703651226253
2.6783026581993
2.6862436851806
2.6942121580643
2.7021838338708
2.7101585573949
2.7181362764662
2.726755833615
2.7353785302742
2.7440041755218
2.7526326966962
2.7618038111467
2.7709777400223
2.7801542428806
2.7893332718841
2.7982523712125
2.8071734157306
2.816096167463
2.8250206415055
2.8331958669385
2.8413721799041
2.8495494043778
2.8577275532346
2.8655723745942
2.8734177622119
2.8812635789907
2.889109799969
2.8974148190622
2.9057200004071
2.91402519163
2.9223303401802
2.9314060492408
2.9404813428314
2.9495560180819
2.9586300244872
2.9678522595853
2.9770733871183
2.9862931727044
2.9955116300502
3.0040235599261
3.0125339879112
3.0210427222861
3.0295498098674
3.0373784653046
3.0452054471059
3.0530306239434
3.0608540020327
3.0687961078772
3.0767361159771
3.0846739042359
3.0926094433312
3.1013483981409
3.1100843326616
3.1188170869741
3.1275466176137
3.1368602032194
3.1461697483908
3.1554750419655
3.1647760841262
3.1736561906651
3.1825320468513
3.1914034464352
3.2002704606851
3.2082337180915
3.2161931466906
3.2241486075221
3.2321001452667
3.2397386115766
3.2473732365437
3.2550039169759
3.2626306488725
3.270870559123
3.2791056286462
3.2873357365109
3.295560854202
3.304679610075
3.3137919242133
3.3228976240451
3.3319966969361
3.3411617590882
3.3503197362653
3.3594704224987
3.3686138906766
3.3768570317837
3.3850939934587
3.3933246177845
3.4015489942371
3.4090343962595
3.4165144008128
3.4239889106042
3.4314579523627
3.4391566743847
3.4468493966577
3.4545360276117
3.462216557509
3.4708624788812
3.4795004270285
3.4881302723993
3.4967519999582
3.5059799640812
3.5151983056806
3.524406841526
3.5336056232522
3.5422052650525
3.5507960541621
3.5593778124488
3.5679506671386
3.5754840975544
3.5830104102829
3.59052949934
3.5980414338427
3.6052847130256
3.6125211681611
3.6197507253638
3.6269733964192
3.6349666359942
3.6429512557495
3.6509271633977
3.6588943515974
3.6678619451101
3.6768182268638
3.6857630529622
3.6946964490016
3.7035916582888
3.7124752133613
3.7213469323249
3.7302069498165
3.7379838805662
3.745751524029
3.7535097513644
3.7612586879486
3.7682384049656
3.7752104059839
3.7821746221617
3.7891310939131
3.7964367032492
3.8037336225472
3.8110217861459
3.8183011997896
3.826690333493
3.8350676434037
3.8434330278321
3.8517864981623
3.8607444571688
3.8696884282128
3.8786182524567
3.8875340348692
3.8956735630783
3.9038010933962
3.9119164701807
3.9200198734272
3.9269831899473
3.9339374596058
3.9408826037037
3.9478187076034
3.954548571261
3.9612697898401
3.9679823129642
3.9746861632616
3.9823013200593
3.9899051353513
3.9974975416367
4.0050785495551
4.0137374334459
4.0223812156826
4.0310097783341
4.0396231845639
4.0480842950805
4.0565304868492
4.0649615963545
4.0733778202977
4.0805625541539
4.0877361970551
4.0948986436923
4.1020500471216
4.1084342497496
4.1148095063538
4.121175770302
4.1275330898685
4.1343503133593
4.141157134561
4.1479535086927
4.1547394533569
4.1627419504025
4.1707297715829
4.1787028400344
4.1866611911785
4.1951992434184
4.2037200959982
4.2122236103674
4.2207099447943
4.228269663468
4.2358154768354
4.2433472459691
4.2508651978563
4.2571896364526
4.2635041180982
4.2698085854119
4.276103132995
4.2822599687227
4.288407207963
4.2945448181554
4.3006728290475
4.3078145832795
4.3149431765859
4.3220585622733
4.3291607660505
4.3373788278905
4.3455790355065
4.3537612940322
4.3619257022458
4.3698332178099
4.3777237149654
4.3855970431999
4.3934534581635
4.3999856958566
4.4065060183014
4.4130143384064
4.4195108288499
4.4252697444051
4.4310192435418
4.4367592959809
4.4424899539329
4.4487639110593
4.4550265150052
4.4612777372071
4.4675176043315
4.475027391405
4.482520584446
4.4899971282516
4.4974570794933
4.5054555392846
4.5134346856726
4.5213943967164
4.5293348805344
4.5362500563513
4.5431503928485
4.550035763056
4.5569064328901
4.5625811168988
4.5682456138403
4.5738998821371
4.5795440208629
4.5851114187256
4.5906688756414
4.5962163719614
4.6017539421545
4.6083536133859
4.6149390842492
4.6215103250439
4.6280673738966
4.6357351103869
4.6433832575536
4.6510117407072
4.6586206902202
4.665897261958
4.6731557105114
4.6803958944828
4.6876181208394
4.6934899677066
4.6993497355611
4.7051973508898
4.711032999353
4.7161790345943
4.7213156618528
4.7264428623077
4.7315606900278
4.7372651117002
4.7429578139866
4.7486387805328
4.7543080449491
4.7612419620959
4.7681582478876
4.7750568654385
4.7819378892032
4.7893092575167
4.7966602145729
4.8039906522239
4.8113008207202
4.8175514903142
4.8237870948762
4.8300075160517
4.8362130493625
4.8412648819203
4.84630670277
4.8513384814829
4.8563603191008
4.8613492618513
4.8663283236803
4.8712974939825
4.8762568105078
4.8822699134993
4.8882684456718
4.8942523907045
4.9002217965626
4.9072580898091
4.914274019781
4.9212695289649
4.9282447731483
4.9348512403917
4.9414392826816
4.9480087656046
4.954560036063
4.9597967914247
4.9650217111986
4.9702347316083
4.975436046603
4.9800045203923
4.9845638745294
4.9891140979187
4.9936552456407
4.9987849589476
5.0039030300279
5.0090094514256
5.014104261969
5.0204076891632
5.0266932345313
5.0329608759439
5.039210701566
5.0459032152085
5.0525750957135
5.0592262466011
5.0658569495329
5.0714537442508
5.0770357347592
5.0826028091139
5.0881552834422
5.0926284518457
5.0970920097638
5.1015459342857
5.1059903274565
5.1104265780546
5.1148532735221
5.1192704094153
5.1236780258335
5.129085146269
5.1344778690468
5.1398561878778
5.1452201580222
5.151579037734
5.1579176071058
5.1642358225963
5.1705338581542
5.1752326672276
5.1799201373286
5.1845962489307
5.1892610919543
5.193914733273
5.198557089327
5.2031881532147
5.2078079803575
5.2131752874924
5.2185273404412
5.2238641269178
5.2291857310074
5.234973416461
5.2407429995051
5.2464944307332
5.2522279018556
5.2574755546341
5.2627079794052
5.2679250966732
5.2731271632075
5.2775317565959
5.2819254249755
5.2863081368812
5.2906800251555
5.2948528455671
5.299015733451
5.3031686824378
5.307311752436
5.3120202566769
5.3167159358769
5.3213987863499
5.3260688706955
5.3314782712371
5.3368704354047
5.3422453411533
5.3476031236468
5.3529282939712
5.3582363764257
5.3635272944225
5.3688013180948
5.3732735592062
5.3777334848885
5.382181037925
5.3866164260289
5.3904990727471
5.3943723046298
5.398236110748
5.4020905716411
5.4061822473914
5.4102633365646
5.4143338382101
5.4183938055618
5.4232243572389
5.4280399195475
5.4328404878672
5.4376261519346
5.4428482631456
5.4480524874613
5.4532387766335
5.4584073514739
5.4630331074073
5.4676444895428
5.472241414281
5.476824168065
5.4806186983862
5.4844033842973
5.4881782002648
5.4919432756946
5.4955555528247
5.4991588034203
5.5027530259281
5.5063382756621
5.5105148354824
5.5146791633989
5.5188312614439
5.522971192652
5.5278364061647
5.5326847154159
5.5375161036543
5.542330719897
5.5470639433449
5.5517807830722
5.5564811563227
5.5611653703701
5.5650389704097
5.5689013528716
5.5727524622574
5.576592513702
5.5799233300659
5.5832457429854
5.5865597461486
5.5898654140874
5.5934385026299
5.5970018067535
5.6005553293532
5.604099121463
5.6084005206566
5.6126875158898
5.6169601080457
5.621218390939
5.6258745817068
5.6305135269494
5.6351351774504
5.639739779541
5.6437812751686
5.647809449269
5.6518242130413
5.6558258774099
5.6590786763932
5.6623226954977
5.6655579133263
5.6687844550427
5.671896278955
5.6749999809835
5.6780955624794
5.6811830748325
5.6848539753983
5.688513422026
5.6921614205021
5.6957980336863
5.700120140969
5.7044260717821
5.7087158126991
5.7129895232811
5.7171526081948
5.721300306519
5.7254325285188
5.7295496122028
5.7328864722285
5.7362132204214
5.7395298020909
5.7428364367303
5.7456847681977
5.7485256418913
5.7513590543173
5.7541850750247
5.7572846791443
5.7603753522513
5.7634570994673
5.766529969866
5.7703158836285
5.77408826172
5.7778471085266
5.7815925201141
5.7856939435938
5.7897791226104
5.7938480060574
5.7979008592852
5.801406252298
5.8048994633432
5.8083803986892
5.8118493871378
5.8146305067081
5.817403826334
5.8201693271851
5.8229271306575
5.8255973854977
5.8282603785467
5.8309161126912
5.833564636295
5.8367604713059
5.8399457665879
5.8431205300268
5.8462848237476
5.8500762684759
5.8538525937496
5.857613787854
5.8613600166948
5.8649862899215
5.868598365599
5.8721961478451
5.8757799963441
5.8786435099028
5.8814979605924
5.8843432938277
5.8871797314479
5.8896103986991
5.8920344613482
5.8944519173883
5.8968628327066
5.8995338188473
5.9021967434184
5.9048516125705
5.9074984736437
5.9107926082943
5.9140742840204
5.9173435069592
5.9206003735891
5.9241719142563
5.9277284659474
5.9312699755444
5.934796719781
5.9372044008686
5.939605110716
5.9419988404174
5.9443856797832
5.9467656928094
5.9491388193151
5.9515050646267
5.9538644710622
5.9568345470007
5.959793743457
5.9627420699975
5.9656796001884
5.9691061246224
5.9725178529559
5.9759147545577
5.9792970572472
5.9816624839762
5.984020690056
5.9863716667007
5.9887155037464
5.9910522672875
5.9933818948162
5.9957043907743
5.9980198043266
6.0008403413854
6.0036503224865
6.0064497541006
6.0092387182308
6.0123855896193
6.0155190313161
6.0186390104539
6.0217457466355
6.024541732275
6.0273279592689
6.030112714754
6.0329059197894
6.0352476150058
6.037596598338
6.0399524483155
6.042315029064
6.0443306817713
6.0463507009123
6.0483748723657
6.050403040349
6.0527241737225
6.0550499535825
6.0573800823476
6.0597143015956
6.062702421115
6.0656961563447
6.0686949146967
6.0716982002303
6.0750122920543
6.0783303971949
6.0816517055068
6.0849757758666
6.0871555741703
6.0893360033257
6.09151685797
6.0936980238467
6.0958793647145
6.098060636859
6.1002416569103
6.1024222731875
6.1052464353309
6.1080692434583
6.1108903180432
6.1137093401865
6.1170537821234
6.1203941875573
6.1237299166744
6.1270605867456
6.1293362467653
6.1316090507808
6.1338788081862
6.1361454169037
6.1384087558495
6.1406685948636
6.1429247640601
6.1451771327676
6.1479584681247
6.1507334316159
6.1535017169027
6.1562630883441
6.159389270916
6.1625057199268
6.1656119769501
6.1687078194239
6.1714787092486
6.174240498589
6.1769928174281
6.1797356704379
6.1819286686352
6.1841151860027
6.1862950598123
6.1884682736452
6.190495783136
6.1925172200854
6.1945324766627
6.1965414887739
6.1989063044124
6.201262101986
6.203608716373
6.2059460274373
6.2087604609286
6.2115607716784
6.2143466705931
6.217117996153
6.2198805016118
6.222627787329
6.2253595233355
6.2280757084629
6.2303003634177
6.2325140828811
6.2347166805586
6.2369082087834
6.2387668628508
6.240617267991
6.2424593393293
6.2442930580429
6.2462539327294
6.2482049839889
6.2501461205081
6.2520772875913
6.2544322326523
6.2567718928312
6.2590961068845
6.2614047834835
6.2639465613932
6.2664688218424
6.2689713240114
6.271454047174
6.2736406692196
6.2758113526865
6.2779658972591
6.280104407599
6.2818352160691
6.2835551672915
6.2852641768349
6.2869622751745
6.2885818923986
6.290191332437
6.2917905398708
6.2933794983239
6.2952484755271
6.2971029175511
6.2989427404372
6.3007679044689
6.3029156305905
6.3050424491835
6.3071482143325
6.3092329064057
6.3112566668144
6.3132598775865
6.3152423620597
6.3172042332712
6.3188057767295
6.3203931118806
6.3219661414706
6.3235249565963
6.3248734053557
6.3262109269478
6.3275374809643
6.3288530817387
6.3302786509547
6.331691048775
6.3330902326385
6.334476194625
6.3361445105026
6.337793130116
6.3394219790374
6.3410310531814
6.3427527455989
6.3444510231684
6.3461257648958
6.3477770593549
6.3492043472713
6.350613464824
6.3520043051068
6.3533770155526
6.3544964084071
6.355603345646
6.3566977884894
6.3577797896355
6.3588312435718
6.3598706241311
6.3608979093054
6.3619131117785
6.363105956138
6.3642816207801
6.3654400737112
6.3665813262585
6.3678937820175
6.3691826387178
6.3704478344913
6.3716894332567
6.3728602821923
6.3740092213825
6.3751361583824
6.3762412622537
6.3771340113835
6.3780118874461
6.3788748436405
6.3797229858023
6.3804650810813
6.3811954097687
6.3819139587863
6.3826207605985
6.3833927592018
6.3841502193174
6.3848931304836
6.3856215145311
6.3864844172258
6.3873259783652
6.3881461780941
6.3889450667415
6.3897711957517
6.3905731784705
6.3913509617614
6.3921046945015
6.3927367038009
6.3933506794571
6.393946566682
6.3945245289067
6.3949919336667
6.3954468796909
6.3958893548819
6.3963194212112
6.3967386205808
6.3971453139772
6.3975395008075
6.397921210993
6.398362457295
6.3987857764318
6.3991911703155
6.3995786826096
6.4000044697583
6.4004063628879
6.4007843505798
6.4011385464629
6.4014509648128
6.4017421809959
6.4020121494792
6.4022610654485
6.4024492936693
6.4026233695405
6.402783274875
6.4029291181511
6.4030488358754
6.4031570741652
6.4032538363551
6.4033391637864
6.4034218594682
6.403489975977
6.4035435236262
6.4035825423703
6.4036103885443
6.403616997084
6.403602382522
6.4035666286077
6.4035066853282
6.4034236113558
6.4033173920917
6.4031882090431
6.4030601660725
6.4029154303156
6.4027539761074
6.4025759691638
6.402414531698
6.402241513153
6.4020569165749
6.4018608058262
6.4016485076231
6.4014242012787
6.4011878993203
6.4009396409198
6.4006235358407
6.4002899978766
6.3999390504971
6.3995707568313
6.3991270141005
6.3986605098921
6.398171262688
6.3976594147349
6.3971645641625
6.3966502828738
6.396116551124
6.39556357368
6.395099755399
6.3946231955886
6.3941338919266
6.3936319491499
6.3931620451942
6.3926815920617
6.3921906023342
6.3916891204434
6.391100792276
6.3904986934284
6.389882846927
6.3892533027038
6.3884721958923
6.3876710559718
6.386849918395
6.3860088861337
6.3851194417021
6.3842088362162
6.3832770761825
6.3823243589208
6.3815077196909
6.3806762872864
6.3798300519309
6.3789691743087
6.3782366903154
6.3774939352536
6.3767409201957
6.3759777067729
6.3751743115109
6.3743599525907
6.3735346499002
6.3726984465291
6.3716635476583
6.3706124953638
6.369545325934
6.3684621129023
6.3672066640792
6.3659304242079
6.3646334284916
6.3633158338126
6.3620938704525
6.3608547446651
6.3595984501811
6.3583251916168
6.357850046133
6.3573724170669
6.3568910834758
6.3564046122391
6.3559122611357
6.3554143771496
6.3549110003932
6.3544021690573
6.353579007068
6.3527422447473
6.3518920696274
6.3510286518095
6.3499400726474
6.3488317733257
6.3477041040358
6.346557398394
6.3449860018032
6.34338163258
6.3417451148576
6.3400772227499
6.3381463263183
6.3361771968796
6.334171016992
6.3321287795169
6.3307024913494
6.3292600337905
6.3278017714748
6.3263280100246
6.3248390655622
6.323335322126
6.3218171233072
6.3202847865026
6.3183581626396
6.3164107931686
6.3144433148656
6.3124563140765
6.310168277179
6.3078565970246
6.3055221938439
6.3031658269706
6.3010077982152
6.2988330779411
6.2966423575276
6.2944360725822
6.2926314996234
6.2908174304271
6.2889942083293
6.2871620655114
6.2854406153535
6.2837119076486
6.2819761976149
6.2802337033757
6.2781940317648
6.2761458614274
6.2740895760468
6.2720255204163
6.2695389704858
6.2670424071588
6.2645364693393
6.2620216924317
6.2594780774688
6.2569267546547
6.2543683836263
6.2518033670105
6.2496579915217
6.247508802641
6.2453561753921
6.2432002833412
6.2413544470435
6.2395066919879
6.2376572218201
6.2358061780958
6.2338382698472
6.2318690316572
6.2298986881904
6.2279274292784
6.2255244962961
6.2231209127188
6.2207170648479
6.2183132756523
6.2156245017673
6.2129367961989
6.210250696701
6.2075665435183
6.2051597128969
6.2027552599904
6.2003535939022
6.1979548222927
6.1960118215482
6.1940711751156
6.192133074576
6.190197588409
6.1883743735207
6.1865537828924
6.1847359531245
6.1829209807124
6.1807870693882
6.1786575101712
6.1765325105131
6.1744122359456
6.1718567616871
6.169308827322
6.1667687877716
6.1642368793042
6.1617024446639
6.1591769241821
6.1566607092311
6.1541538693007
6.1521079980185
6.1500688762596
6.1480367211338
6.1460115063638
6.1443092448834
6.1426121624368
6.1409203573134
6.1392338622372
6.1374332650461
6.1356389703873
6.1338510832214
6.1320696740882
6.1298673354424
6.1276753197174
6.1254938155563
6.1233229470267
6.1208749782338
6.1184411836393
6.1160218546954
6.1136170516257
6.1119364535844
6.1102632575979
6.1085975541181
6.1069393512297
6.1052886756299
6.1036456569496
6.1020103688265
6.1003828488015
6.0983878536609
6.0964048858581
6.0944340731467
6.0924754824462
6.0902405894467
6.0880221800812
6.0858204647866
6.0836354411124
6.082073416425
6.0805202134175
6.0789759025141
6.0774404683236
6.0759139141698
6.0743963534322
6.072887840511
6.0713883885651
6.0695890212929
6.0678030346669
6.0660305166544
6.0642714880593
6.0623016068211
6.0603491555832
6.0584142802425
6.0564969164713
6.054765419479
6.0530486990983
6.0513469105151
6.0496598567342
6.048301971751
6.046953941003
6.0456158275891
6.0442875394759
6.043062880215
6.0418467653102
6.0406392216191
6.0394402282331
6.0380550534291
6.0366815292395
6.0353196887522
6.0339695207363
6.0323460234119
6.0307398261356
6.0291509921927
6.0275794649516
6.025992483893
6.0244237006729
6.0228732367544
6.0213408653472
6.020088484934
6.0188486035757
6.0176213082155
6.0164063937726
6.0154020684025
6.0144064347023
6.0134195114818
6.0124412376393
6.0114205452522
6.0104094619724
6.0094079960532
6.0084161181852
6.0072016420458
6.0060018697883
6.0048168135755
6.0036464209078
6.0023218073618
6.0010165294488
5.9997306376193
5.9984639488331
5.9975711906149
5.996688262968
5.9958151794226
5.9949518624745
5.9940982557877
5.9932544209256
5.9924203573725
5.991596022498
5.9906074513434
5.9896332278439
5.9886733485838
5.9877277410359
5.9866733236003
5.985637229103
5.9846194836098
5.9836198884256
5.982726639724
5.9818484601031
5.9809854263793
5.980137232585
5.9794630468368
5.9787986005347
5.9781439156011
5.9774988489223
5.9769092830054
5.9763279893789
5.9757549622342
5.9751901465488
5.9745408379964
5.9739026972912
5.9732757086599
5.9726598109051
5.9719250063338
5.9712065767779
5.9705045046812
5.969818647321
5.9691350764913
5.9684683931216
5.9678186437516
5.967185506113
5.9666758245975
5.9661774965962
5.9656905710497
5.965214789951
5.9648265007219
5.964445981608
5.9640732290833
5.96370815694
5.9633314467501
5.9629632477533
5.9626035432946
5.9622522780296
5.9618286539799
5.9614179193518
5.9610200424285
5.9606349244522
5.9602091686175
5.9598000887349
5.9594076768769
5.9590316813921
5.9587733194685
5.9585233073088
5.9582816387539
5.9580482132757
5.957822952812
5.9576059022449
5.957397042275
5.9571963103878
5.9569630785434
5.9567417922792
5.9565324171312
5.9563348476725
5.9561250607606
5.9559303530087
5.9557507109682
5.9555858891975
5.9554486915253
5.955323747463
5.9552111090783
5.9551104340276
5.9550376518749
5.9549727118588
5.9549156235452
5.9548662269024
5.9548271700907
5.9547947190819
5.9547688584626
5.9547495222091
5.9547351265786
5.9547295708615
5.9547328252478
5.9547448131663
5.9547710369882
5.9548100699227
5.9548618726412
5.9549262768736
5.9550046806664
5.9550961298289
5.9552006522903
5.9553178995684
5.9554239719319
5.9555387488217
5.9556622699306
5.955794264167
5.9559109278289
5.9560335225196
5.9561620396761
5.9562963864523
5.9564444629544
5.9565989965554
5.9567599651762
5.9569273068686
5.9571430714007
5.957368505417
5.957603568732
5.957848151827
5.958139043947
5.9584422637639
5.9587577946329
5.9590853704646
5.9593268243664
5.9595744214447
5.9598281528796
5.9600879133406
5.9603536206757
5.9606253188202
5.9609029861326
5.9611865568916
5.9615390957634
5.9619002756286
5.9622700590375
5.9626483363713
5.9630870090574
5.9635364951334
5.9639967791948
5.9644676106282
5.9649047248217
5.9653505704209
5.9658051998597
5.9662682666134
5.9666486873486
5.9670346632634
5.9674262045597
5.9678231492826
5.96819634677
5.9685741855405
5.9689566507385
5.9693436758661
5.9698010227584
5.9702645220574
5.9707341453786
5.971209816647
5.9717954110662
5.9723898285322
5.9729930338446
5.9736048608447
5.9742368128845
5.9748776741953
5.9755274785944
5.9761858809675
5.9767360070568
5.9772920506376
5.9778540550838
5.9784217516914
5.9789013034934
5.9793848633065
5.9798724249599
5.980363896908
5.9808870215073
5.9814144716108
5.9819462280957
5.9824822311603
5.9831501338045
5.9838244423636
5.9845051230617
5.9851920714055
5.9859828360704
5.9867816727384
5.9875885758477
5.9884032879183
5.9889917175283
5.9895841523051
5.9901805876348
5.9907809211637
5.9913850740547
5.991993095357
5.9926049677098
5.9932206290423
5.9939733138223
5.9947315202942
5.9954952191891
5.9962643082547
5.9971415090915
5.9980255546924
5.9989164423679
5.999813932913
6.0006360978385
6.0014637578995
6.0022969754159
6.0031354128621
6.0038178702894
6.0045037994969
6.0051932161834
6.005885962788
6.0065322411086
6.0071813862717
6.0078333878348
6.0084881830295
6.009255117179
6.0100258047986
6.0108002246808
6.0115783072936
6.0125267609311
6.013480531932
6.0144395985195
6.0154038068548
6.0163907479528
6.0173830102635
6.0183806419445
6.0193833120752
6.0202160625483
6.0210523269392
6.0218921566371
6.0227352912671
6.023444662979
6.0241563864352
6.0248704603952
6.0255867976585
6.0263456584373
6.0271070201323
6.0278708694321
6.0286371518125
6.0295857860135
6.0305380692411
6.0314939789512
6.0324534210209
6.0335500310333
6.0346511756838
6.0357568664354
6.0368668619159
6.0376661473018
6.0384676616381
6.0392714065812
6.0400772854173
6.0408852250871
6.0416952813292
6.0425074430292
6.0433216539791
6.0443123710373
6.0453060598612
6.0463027024766
6.0473022074766
6.0484367469791
6.0495749178643
6.0507167339031
6.0518619720817
6.0529072769041
6.0539554715539
6.0550066305171
6.0560604289961
6.0569161753944
6.0577737199338
6.0586330849354
6.0594941191061
6.0602955259389
6.0610983791592
6.0619026736334
6.0627083515107
6.0636488083371
6.0645911145029
6.0655352572031
6.0664811749369
6.0676296112949
6.0687806111879
6.0699341678984
6.0710901421706
6.0722692579459
6.0734508999293
6.0746351317805
6.0758216389727
6.0768051535419
6.0777903141756
6.0787771808285
6.0797655026177
6.080596042439
6.0814276468066
6.0822603197207
6.083093978961
6.0839753346196
6.0848577789837
6.0857413048707
6.0866258635836
6.0877175022296
6.0888106766818
6.089905375911
6.0910015168504
6.0922500849604
6.093500505512
6.0947528068172
6.0960067642981
6.0969089041393
6.0978119252797
6.0987158355678
6.0996205442465
6.1005259842389
6.1014322176016
6.1023392393613
6.1032469992606
6.1043488988396
6.1054518582721
6.1065558704934
6.107660854804
6.1089120494093
6.1101644826948
6.1114181840018
6.1126729461324
6.113816230758
6.1149604731175
6.1161057589988
6.1172517761332
6.1181814797809
6.1191117424813
6.1200425926664
6.120973885285
6.1218397299872
6.1227059724754
6.1235726125334
6.1244395970606
6.1254497345043
6.1264603246828
6.1274713624938
6.1284827939659
6.1297080436348
6.1309338529203
6.1321602286688
6.1333870450642
6.1346359931614
6.1358854463021
6.1371354819094
6.1383858004279
6.1394211605797
6.1404568191694
6.1414928436955
6.1425289920174
6.1433992586526
6.1442696619453
6.1451402105139
6.1460108267489
6.1469302206305
6.1478496892957
6.1487692309559
6.14968880218
6.1508215693117
6.1519543661838
6.1530871917696
6.1542199728119
6.1555076569247
6.1567952975564
6.1580829374124
6.1593703666486
6.1602961168231
6.161221796514
6.1621474188524
6.163072898385
6.1639981733037
6.1649233108978
6.1658483114283
6.1667731298317
6.1678941534589
6.1690149003005
6.1701353725044
6.1712554985809
6.172522023229
6.1737881242159
6.1750538438862
6.1763189885451
6.1774704884752
6.178621609832
6.1797724477833
6.1809227007359
6.1818552037762
6.1827874112125
6.1837193565182
6.1846509000337
6.1855163549545
6.1863814867569
6.1872462992894
6.1881107435105
6.1891167906904
6.1901223358148
6.1911273801174
6.1921318759424
6.1933471043133
6.1945615315471
6.1957751755282
6.1969879216156
6.1982210473463
6.1994533142927
6.2006848109892
6.2019152502386
6.202933412148
6.2039509667385
6.2049679875859
6.2059842397681
6.2068374175945
6.2076901100632
6.2085423295027
6.2093940021532
6.210292729896
6.2111908556739
6.2120883820332
6.2129852698761
6.2140888524542
6.215191466105
6.2162931177768
6.2173937421966
6.2186433104589
6.2198915875316
6.2211386274702
6.2223842323555
6.2232794810287
6.2241740352198
6.2250679122196
6.2259610309122
6.2268533337598
6.227744892065
6.2286357102146
6.2295257473248
6.2306036486564
6.231680406361
6.2327560298098
6.233830454851
6.2350441721796
6.2362563949457
6.2374671756072
6.2386763312155
6.2397760117255
6.2408744582392
6.2419717731622
6.2430676634433
6.2439555971982
6.2448426911336
6.2457289825987
6.2466143362822
6.2474364368088
6.2482577574833
6.2490783052917
6.249898034419
6.2508513483341
6.2518035589505
6.2527546723811
6.2537046459197
6.2548529241673
6.2559995506245
6.2571445516163
6.2582878212263
6.2594493374828
6.2606091491194
6.2617673530966
6.2629236718776
6.2638799323105
6.2648350276164
6.265789035958
6.2667417280807
6.2675412111055
6.2683398279409
6.2691375937192
6.269934437704
6.27077486451
6.2716142775699
6.2724526827114
6.2732900441883
6.2743196311337
6.2753476461353
6.2763741021479
6.2773989400283
6.2785615050827
6.2797220325107
6.2808805848366
6.282036973313
6.2828677199501
6.2836974018686
6.2845260394573
6.2853535549558
6.2861798941009
6.2870051311049
6.2878292734335
6.2886522833854
6.2896483985086
6.2906428637718
6.2916356939171
6.2926268303399
6.2937457145344
6.29486248501
6.295977201683
6.2970896897658
6.2981008405474
6.2991102680869
6.300118080062
6.3011239899986
6.3019386291163
6.3027521202664
6.3035645036215
6.3043756472193
6.3051285158517
6.3058803483705
6.306631154063
6.3073808895489
6.3082523556483
6.3091223843467
6.3099909853315
6.3108581195848
6.3119056318364
6.312951025114
6.3139943318867
6.3150354527387
6.3160925396187
6.3171474637344
6.3182003281051
6.3192508624756
6.320119204362
6.320986083175
6.3218515803504
6.3227154709402
6.3234401535878
6.3241637691618
6.3248863348111
6.3256077820672
6.3263683771978
6.3271277439711
6.3278858905807
6.32864278375
6.3295729514584
6.3305012373037
6.3314276585544
6.3323521605588
6.3334002861548
6.3344459971821
6.3354893621835
6.3365301991872
6.3372776227391
6.3380237980735
6.3387687477769
6.3395123965755
6.3402546926078
6.3409957120859
6.3417354646677
6.3424739149659
6.343367272667
6.3442587380015
6.3451483295222
6.3460359926355
6.3470375499502
6.3480367035717
6.3490335186529
6.3500278263649
6.3509311149409
6.3518324569792
6.3527319637898
6.3536293538114
6.3543558093409
6.3550809797677
6.3558049072175
6.3565274622165
6.3571978662083
6.3578671227025
6.3585352425951
6.3592021842643
6.3599771074458
6.3607504515964
6.3615222289003
6.3622924029682
6.3632223561657
6.3641499985031
6.365075366712
6.3659983660199
6.3669350619995
6.3678694143713
6.3688015302812
6.3697311447912
6.3704992079699
6.3712656954089
6.3720306907469
6.3727939722204
6.3734340349776
6.3740729577688
6.3747107591221
6.3753473722038
6.3760183026153
6.3766879299416
6.377356264001
6.378023273256
6.3788426542861
6.379660050808
6.3804754830405
6.3812888994784
6.3822106626582
6.3831298946349
6.3840466680108
6.3849608056314
6.3856170067496
6.3862719072781
6.3869255312834
6.3875778052616
6.3882286790393
6.3888782301194
6.3895264696438
6.3901733638344
6.3909556645379
6.3917360144825
6.3925144347905
6.3932908736401
6.3941665615728
6.3950397848417
6.3959106120793
6.3967788786414
6.3975673339476
6.3983538037323
6.3991384016481
6.3999208497022
6.4005540311535
6.401185908477
6.4018165250711
6.4024457532484
6.4030293858882
6.4036118594106
6.4041931857781
6.4047733245824
6.4054471697615
6.4061194264315
6.4067901084301
6.4074591811529
6.4082667514846
6.4090720074411
6.4098749885489
6.410675603205
6.4114877646401
6.4122975906031
6.4131051908672
6.4139103042519
6.414575252848
6.4152386387988
6.4159005471189
6.4165607583356
6.4171142153722
6.4176665461268
6.4182177700158
6.4187678213351
6.4193473531999
6.4199256015816
6.4205025773506
6.4210782501337
6.4217851953453
6.4224901927107
6.423193264349
6.4238943608488
6.424688540061
6.4254802456741
6.4262695528495
6.4270562877144
6.4276208540457
6.428184154796
6.4287462149643
6.4293069622518
6.4298663476158
6.4304244493195
6.4309812794477
6.4315368052826
6.4322083926003
6.4328780925887
6.4335459279931
6.4342118488055
6.4349626114507
6.4357109993206
6.4364570831936
6.4372007012345
6.4375194002322
6.4378418845261
6.4381696724339
6.438502641444
6.4388400905714
6.4391821737925
6.4395288244388
6.4398799812048
6.4404776224524
6.4410873774593
6.4417089208201
6.4423419626619
6.4431776905444
6.4440314681915
6.4449026238297
6.4457905680264
6.4468193362182
6.4478679765622
6.4489355033058
6.4500212688105
6.4507404437672
6.4514667367483
6.4521998952042
6.4529397550649
6.4536861320235
6.4544387379174
6.4551973436431
6.4559617526173
6.4569543451073
6.4579557262711
6.4589654298102
6.4599830523496
6.4611900431309
6.4624066278592
6.463632049274
6.4648658059937
6.4657171664903
6.4665718722315
6.4674296949804
6.4682904935034
6.4691541082938
6.4700202736907
6.4708887833183
6.4717594692489
6.4728398197651
6.4739228271661
6.4750081184458
6.476095389868
6.4773330265161
6.4785722170237
6.4798124096487
6.4810532822328
6.4821690825844
6.4832845895945
6.4843993692877
6.4855133526568
6.4864063932405
6.4872984562717
6.488189346521
6.4890790120617
6.4899096423188
6.4907389072143
6.4915666731097
6.492392849344
6.4933655675763
6.4943356899377
6.4953030107703
6.496267368696
6.4974289321974
6.4985855268174
6.4997367957025
6.5008825066239
6.5020252279631
6.5031616486586
6.5042913756306
6.5054143335953
6.5063351595763
6.5072509118399
6.5081613699039
6.5090665442475
6.5098345518508
6.5105984554178
6.5113581483128
6.5121135885629
6.5129199433234
6.5137211630181
6.5145171302167
6.5153077636441
6.5162684314572
6.5172207320095
6.5181644586793
6.5190994737654
6.5201243629713
6.5211380493063
6.5221402352625
6.5231308366184
6.5240008896384
6.5248613600292
6.5257120113599
6.5265528994218
6.5272328025974
6.5279059310871
6.5285721798589
6.5292315549635
6.5298588637026
6.5304796585628
6.5310938654996
6.5317014489504
6.5324113404829
6.5331117611863
6.5338025976298
6.5344837803025
6.5352774577724
6.5360572780456
6.5368230497304
6.5375747051705
6.5382971015781
6.5390055906851
6.5396999579992
6.5403802663897
6.5409318960075
6.5414736716469
6.5420054754388
6.5425273690929
6.5429762855767
6.5434174635755
6.543850847589
6.5442764354697
6.5447327778435
6.5451796811368
6.5456170833722
6.5460449570014
6.5465509457007
6.5470427376715
6.5475202256816
6.5479833723311
6.5484673829184
6.5489344099439
6.5493842950742
6.5498170826293
6.5501824005742
6.5505343534095
6.5508728124689
6.5511978898343
6.5514573632011
6.5517075002454
6.5519482485839
6.5521796433906
6.5523986791552
6.5526085398393
6.5528091898103
6.5530006276989
6.5532160487281
6.5534183749922
6.5536075524244
6.5537835702864
6.5539717754575
6.5541420190898
6.5542942067553
6.5544283676828
6.5545400853658
6.5546350644064
6.5547131879885
6.5547745879543
6.5548127492256
6.5548393844536
6.5548544337353
6.5548579810503
6.5548514505264
6.5548356494417
6.5548105540671
6.5547761849106
6.5547270624323
6.5546664136379
6.5545942134982
6.5545104692391
6.5543941368282
6.5542609462658
6.5541108530238
6.5539438826855
6.5537489806896
6.5535350935337
6.5533021417284
6.5530502409382
6.5528173381938
6.5525701663565
6.5523086567802
6.552032945473
6.551791232878
6.5515394991318
6.5512777228602
6.5510059530279
6.550721850099
6.5504275614544
6.5501230764902
6.5498084147733
6.5494187407548
6.5490144872809
6.5485956394252
6.5481622242818
6.5476464211613
6.5471113552267
6.5465569904926
6.5459834143404
6.545426894728
6.5448533307422
6.5442626602014
6.5436550486841
6.5431429701841
6.5426193809094
6.5420842539931
6.5415376808626
6.5410304997947
6.5405138227955
6.5399876455801
6.5394520006628
6.538834570959
6.5382050210517
6.5375633502569
6.5369095876055
6.5361066470938
6.5352861904777
6.5344482131392
6.5335927800176
6.5326851606658
6.5317586605925
6.5308132455182
6.5298490706585
6.5290129343155
6.5281631333704
6.5272996329566
6.5264225763627
6.5256734885838
6.5249147620498
6.5241463933034
6.5233684362268
6.5225586337556
6.5217387026173
6.5209086479459
6.5200685012221
6.5190418221149
6.5180004871662
6.5169445068132
6.5158739316289
6.5146375295717
6.5133822411855
6.5121080656117
6.5108151246204
6.5096048400517
6.5083785451043
6.5071362081088
6.505878009108
6.504838435625
6.5037882506542
6.5027274459259
6.5016561123118
6.5006588569784
6.4996526524457
6.4986375057658
6.497613454713
6.4964250549252
6.4952249127937
6.494013042995
6.4927894872477
6.4913001541638
6.4897939152016
6.4882707905816
6.4867308687938
6.4851358610072
6.4835232527239
6.4818930350546
6.4802453837933
6.4788483305626
6.4774389690638
6.4760172832104
6.4745834146067
6.473362682126
6.4721332541294
6.4708951370042
6.4696483844546
6.4683350384949
6.4670122697713
6.4656800926725
6.464338544509
6.4626931291823
6.4610338853325
6.4593608390537
6.4576740543269
6.4557496590804
6.4538077534231
6.4518483568171
6.4498716099238
6.448060790673
6.4462356677212
6.4443962259095
6.4425426485423
6.4410290393361
6.4395061272296
6.4379739140056
6.4364324857993
6.4358166074404
6.435199271896
6.4345804810874
6.4339602369623
6.4335986383142
6.4332365484598
6.4328739677254
6.4325108964339
6.4321474051531
6.4317833833654
6.4314185173652
6.4310524369164
6.4307128629923
6.4303721566091
6.4300303209626
6.429687359402
6.4285461185984
6.427392773241
6.4262274920527
6.4250504058987
6.4238236837694
6.4225847557806
6.4213338055035
6.4200710069458
6.4182753078937
6.4164570329449
6.4146166817375
6.4127547314657
6.410311369036
6.4078336364841
6.4053225848053
6.4027791786658
6.4001647625625
6.3975191325137
6.3948433790585
6.3921383432811
6.3899286412732
6.3877010227743
6.385456050653
6.38319410414
6.381290586428
6.3793758889292
6.3774503087624
6.3755140956308
6.3734191397992
6.3713125594336
6.3691947046348
6.3670658981652
6.3644085487374
6.3617354943539
6.3590473772829
6.3563447831189
6.3533124867238
6.3502638079914
6.3471996195467
6.3441206171082
6.3413681812589
6.3386052868309
6.3358325508179
6.333050340573
6.3307765252655
6.3284971220649
6.3262124351942
6.3239226703002
6.3217283610074
6.3195299183249
6.3173275839672
6.3151215646084
6.3125093380608
6.3098926691991
6.3072719363098
6.3046474767326
6.3015148939594
6.2983781542159
6.2952378753513
6.2920945600844
6.2889874745285
6.2858785997839
6.2827685406295
6.2796576297737
6.2770932574504
6.2745290272302
6.2719652661613
6.2694021126181
6.267187539497
6.2649738359777
6.262761182983
6.2605497057256
6.2581517821122
6.2557556596346
6.2533615508472
6.2509696339293
6.2480417920767
6.2451179204536
6.2421983904057
6.2392835048872
6.2360709324702
6.2328649480575
6.2296660534893
6.2264745325488
6.2236723460167
6.2208765904859
6.2180876288119
6.2153055207392
6.2130609180232
6.2108211883115
6.2085864946227
6.2063568888458
6.2042199269783
6.2020879238703
6.1999610013765
6.1978392440853
6.195307638942
6.1927837866222
6.1902678806283
6.1877600714242
6.1847482049227
6.1817486959296
6.1787618749991
6.1757879414317
6.1728698032946
6.1699648201442
6.1670733467252
6.1641953929902
6.1618819459585
6.1595777110003
6.1572828726681
6.1549973847305
6.1530617083143
6.1511329973723
6.1492113338335
6.1472967409815
6.145210422492
6.1431327485342
6.1410638118391
6.1390036715307
6.136440797501
6.133891973347
6.1313573690885
6.1288370856128
6.1260299586129
6.1232412611795
6.1204712558514
6.117719949706
6.1158421980979
6.1139734561799
6.1121137974796
6.1102632143525
6.1084217184635
6.1065894215331
6.1047663807181
6.1029526206365
6.1006894908209
6.0984411628071
6.0962077401756
6.0939892701009
6.0914190729606
6.0888695417903
6.086340860581
6.0838329942563
6.0820827919976
6.0803430198183
6.0786137343772
6.0768949083474
6.0751865332005
6.0734887074088
6.0718014720233
6.0701248292493
6.068091145386
6.0660733850704
6.0640716158453
6.0620858398811
6.0598493101943
6.0576336040585
6.0554388427801
6.0532649295095
6.0513142264209
6.0493808265959
6.0474648713272
6.0455661269516
6.0440560471194
6.0425571673871
6.0410695397777
6.0395930592919
6.0382364872471
6.0368895162567
6.0355521637009
6.0342244015766
6.032677432799
6.031143724091
6.0296232949837
6.0281161226727
6.026287962347
6.0244797476188
6.0226915194034
6.0209231989405
6.0191354854298
6.0173686963632
6.015622935186
6.0138979394832
6.0125004823324
6.0111170835364
6.0097478210309
6.008392467652
6.0072816527863
6.0061804144172
6.0050887637366
6.0040066333425
6.002875284166
6.0017545351729
6.0006443862328
5.9995448013389
5.9981874267183
5.9968464885481
5.9955219835504
5.9942138457367
5.9927239950901
5.9912559535059
5.9898097500797
5.9883851765088
5.9873920548536
5.9864097434468
5.9854382480562
5.9844774842528
5.9835273888564
5.9825880151299
5.9816593549977
5.9807413594991
5.9796342741265
5.9785430659202
5.9774677181243
5.9764081458612
5.9752226786223
5.9740575584625
5.9729127936415
5.9717881637392
5.9707856203163
5.9697996717484
5.9688303849345
5.9678774319894
5.9671239758622
5.9663811008781
5.9656488226474
5.9649269905111
5.9642681588861
5.9636182684677
5.9629773082151
5.9623452190189
5.9616152896442
5.9608975094233
5.9601918544042
5.9594982562018
5.9586666597861
5.9578529957569
5.9570572318751
5.9562792109319
5.9555025145122
5.9547442984743
5.9540045966483
5.9532830654326
5.9527039299722
5.9521370960831
5.951582606772
5.9510401914455
5.9505988332462
5.9501658148013
5.949741128231
5.9493246835019
5.9488940719941
5.9484726007012
5.9480602480398
5.9476569545369
5.9471679150657
5.9466928041335
5.9462315804637
5.9457841366991
5.9452867542057
5.9448074696039
5.9443462611846
5.943902861665
5.9435987258211
5.9433035488222
5.943017319827
5.9427399339665
5.9424713088906
5.9422114845987
5.9419604372203
5.9417181002115
5.9414343905899
5.9411635342542
5.9409054884935
5.9406601400419
5.9403969325377
5.9401499708733
5.9399192303498
5.939704452357
5.9395230375906
5.939354772041
5.9391997010704
5.9390574701186
5.9389520015759
5.9388548983422
5.9387661660597
5.9386856401804
5.9386182030152
5.9385577981893
5.9385044070922
5.938457960997
5.9384123599542
5.9383761965487
5.938349435917
5.9383319968516
5.9383232257549
5.9383281664514
5.9383467705794
5.9383788608078
5.9384252385966
5.93848557033
5.9385598758004
5.9386477943529
5.9387301791638
5.938821831781
5.9389227879002
5.9390327694821
5.9391312839963
5.9392360887082
5.9393471723504
5.9394644395905
5.9395949236319
5.9397322590526
5.9398764206769
5.9400273437958
5.9402236544571
5.9404302518836
5.9406470899723
5.9408740536531
5.9411458846565
5.9414308493218
5.9417289225941
5.942039828904
5.9422693338601
5.9425053492938
5.9427478634785
5.9429967682734
5.9432519787632
5.9435135359296
5.9437814152826
5.9440555484872
5.9443974654681
5.9447485521488
5.9451087659862
5.945477992435
5.9459073079421
5.9463481037036
5.9468003573383
5.9472638102659
5.9476945408945
5.9481345220367
5.9485838017719
5.9490420264301
5.9494184745009
5.9498007913654
5.9501889847517
5.9505828898304
5.9509534080688
5.951328825624
5.9517091256249
5.9520942397581
5.9525500385269
5.9530123403585
5.9534811137089
5.953956279519
5.9545422163546
5.9551374897719
5.9557420590036
5.9563557522583
5.956990203818
5.9576340775503
5.9582874021388
5.9589498252804
5.9595032116959
5.9600628414405
5.9606287552931
5.9612006803963
5.9616836361378
5.9621708134839
5.9626622045538
5.963157716136
5.9636854260115
5.9642176935393
5.9647544976287
5.965295776647
5.9659710098681
5.966653000821
5.9673417120415
5.9680370354889
5.9688382161925
5.9696479164514
5.9704661255171
5.971292580107
5.9718890972973
5.9724898310516
5.9730947749243
5.9737038247196
5.9743168997966
5.9749340473933
5.975555248349
5.9761804388763
5.9769453418807
5.9777160623717
5.9784925679081
5.9792747531017
5.9801673793604
5.9810672171641
5.9819742594919
5.9828882622265
5.9837255547848
5.9845686292697
5.9854175451974
5.9862719607634
5.9869672101051
5.9876661076098
5.988368667405
5.9890747300842
5.989733430461
5.9903951433452
5.9910598570128
5.9917275074756
5.9925098889521
5.9932962176378
5.9940864703342
5.9948805755723
5.9958490744255
5.9968231676316
5.9978028299624
5.9987879040224
5.999796420067
6.0008105309939
6.0018302817333
6.0028553370032
6.0037064987663
6.004561349993
6.0054199403981
6.0062820070735
6.0070071356672
6.0077347325394
6.0084647953652
6.0091972358348
6.0099732928512
6.0107519763025
6.0115332716247
6.0123171230808
6.0132879199503
6.0142625514678
6.0152409927801
6.0162231474794
6.0173461076278
6.0184738331929
6.0196063324308
6.020743360339
6.021561819011
6.0223826171759
6.0232057553383
6.0240311355733
6.0248586836446
6.0256884541843
6.0265204349413
6.0273545685869
6.02836983113
6.0293882158336
6.0304097027409
6.0314341984436
6.0325973477953
6.0337643118097
6.0349351015638
6.0361094909611
6.0371813660761
6.0382562734124
6.0393342856853
6.0404150754356
6.0412925936975
6.0421719977288
6.043053308865
6.0439363746071
6.0447582698185
6.0455816833004
6.0464066091104
6.0472329885898
6.0481978120691
6.0491645785809
6.0501332740702
6.0511038357876
6.052282455054
6.0534637686891
6.0546477678337
6.0558343109768
6.0570447043859
6.0582577508972
6.0594735121624
6.060691670934
6.061701310395
6.0627126766449
6.0637258285886
6.0647405137392
6.0655931080664
6.0664468201838
6.0673016534125
6.0681575247975
6.0690624274599
6.0699684751718
6.0708756599625
6.0717839323457
6.0729050431941
6.0740277709105
6.0751521030295
6.0762779550249
6.0775605555244
6.0788451061921
6.0801316333677
6.0814199101825
6.0823465830539
6.0832741834255
6.0842027184306
6.0851320965215
6.0860622498591
6.0869932398382
6.0879250607768
6.0888576616942
6.0899898635793
6.091123184828
6.0922576171488
6.0933930785723
6.0946788967312
6.0959660234548
6.0972544864313
6.0985440765172
6.0997190705524
6.1008950746986
6.1020721736575
6.1032500534745
6.1042055311345
6.1051615990437
6.1061182850305
6.1070754432562
6.1079653267176
6.1088556326598
6.1097463603662
6.1106374562111
6.1116757827412
6.1127145927343
6.1137538803173
6.1147935907256
6.1160532208017
6.1173134509081
6.118574286584
6.1198356005922
6.1211197084759
6.1224043578484
6.1236896249188
6.1249752084154
6.1260397157037
6.1271045429039
6.1281697568815
6.1292351144696
6.1301298691405
6.1310247735703
6.1319198359637
6.1328149782339
6.1337603042857
6.1347057177949
6.1356512164903
6.1365967564389
6.1377616080567
6.1389265055509
6.1400914470228
6.1412563582997
6.1425806499144
6.1439049142626
6.1452291928707
6.146553274453
6.1475053027818
6.1484572666544
6.1494091787727
6.1503609531756
6.1513125275725
6.1522639688745
6.1532152769144
6.1541664061748
6.1553193951897
6.156472110939
6.1576245548336
6.1587766545966
6.1600793879515
6.1613816982303
6.1626836267987
6.1639849787438
6.1651694194632
6.1663534788324
6.167537251392
6.1687204344658
6.1696795963866
6.1706384590255
6.1715970555042
6.1725552456527
6.173445452867
6.1743353324437
6.1752248879339
6.1761140699662
6.177148954679
6.1781833294549
6.17921719507
6.1802505033823
6.1815006473649
6.1827499757669
6.1839985057074
6.1852461216722
6.1865147194571
6.1877824402855
6.1890493720015
6.1903152263254
6.1913626668475
6.1924094855864
6.1934557557644
6.1945012417981
6.1953789432572
6.1962561479728
6.1971328680353
6.198009029383
6.1989336156752
6.1998575861376
6.2007809430357
6.2017036469663
6.2028390392935
6.2039734397763
6.2051068548602
6.206239218721
6.2075248580488
6.2088091738334
6.2100922194678
6.2113737961469
6.2122948602494
6.2132152118183
6.214134867903
6.2150537470721
6.2159717914938
6.2168890722756
6.2178055935603
6.2187213141928
6.2198303569225
6.2209382263518
6.2220449314357
6.2231504075568
6.2243992299233
6.2256465174962
6.2268923221964
6.2281364603362
6.2292679483781
6.2303981672429
6.2315272190135
6.2326548099484
6.2335684103967
6.2344811468548
6.2353930564856
6.2363040036545
6.2371498682371
6.2379949313214
6.2388391997301
6.2396826274518
6.2406635261408
6.2416432911757
6.2426219284187
6.2435993948829
6.2447809334217
6.2459607740592
6.2471389427096
6.2483153329481
6.2495105063701
6.250703925669
6.25189568746
6.2530855135374
6.2540694698401
6.255052225996
6.2560338599999
6.2570141421755
6.2578367701438
6.2586585065591
6.2594793664302
6.2602992788397
6.2611640460631
6.2620277706077
6.2628904581535
6.2637520727824
6.2648115029198
6.2658693162098
6.2669255253467
6.2679800708805
6.2691763525642
6.2703705371769
6.2715626869181
6.272752612523
6.2736074303726
6.2744611520715
6.27531379789
6.276165289883
6.277015573621
6.2778647232375
6.2787127460761
6.2795596042865
6.2805846050467
6.2816079080965
6.2826295279724
6.2836494058191
6.2848007524859
6.2859499230587
6.287096977206
6.2882417397189
6.2892822203111
6.2903209250516
6.2913579614951
6.2923930427373
6.2932312960575
6.2940683662969
6.2949042935499
6.2957389456582
6.2965136339948
6.2972872554956
6.2980598193721
6.2988312821382
6.2997280174828
6.300623273274
6.3015170590839
6.3024093357517
6.3034872361248
6.3045629549797
6.3056365246057
6.306707845322
6.3077955992391
6.308881124834
6.3099645250056
6.3110455291051
6.3119390485402
6.3128310594701
6.3137216432827
6.31461057477
6.3153562599999
6.3161008457852
6.3168443492256
6.3175867017538
6.3183693434738
6.3191507204347
6.3199308407696
6.3207096711189
6.3216668107127
6.3226220127919
6.3235752945224
6.324526601108
6.3256051238644
6.3266811595883
6.3277547767162
6.3288257930045
6.3295948748082
6.330362670633
6.3311292030263
6.3318943966176
6.3326581994645
6.3334206877738
6.3341818711594
6.3349417141675
6.3358609659578
6.3367782692103
6.3376936424085
6.3386070308499
6.3396376251145
6.3406657433935
6.341691450778
6.3427145782293
6.3436440457416
6.3445715064855
6.3454970717754
6.3464204597952
6.3471679554657
6.3479141262437
6.3486590142457
6.3494024898881
6.3500923052536
6.3507809386049
6.3514684008192
6.3521546502289
6.3529520164889
6.3537477567545
6.3545418831823
6.3553343593302
6.3562912511084
6.3572457629872
6.3581979316666
6.3591476622688
6.3601114888938
6.3610729002466
6.3620320034941
6.3629885334895
6.3637788305522
6.3645675026382
6.3653546334134
6.366140000964
6.3667985836228
6.3674559914799
6.368112243062
6.368767271491
6.3694576150831
6.3701466166646
6.370834286049
6.3715205916738
6.3723636851326
6.3732047349771
6.3740437614237
6.3748807129284
6.3758291508628
6.3767749812173
6.3777182766246
6.3786588598207
6.3793340357678
6.3800078715978
6.380680391388
6.3813515215964
6.3820212120246
6.3826895402142
6.3833565173133
6.3840221095298
6.3848270317571
6.3856299450877
6.3864308706608
6.3872297566371
6.388130768946
6.389029242246
6.3899252452232
6.3908186131622
6.3916298615604
6.3924390628826
6.3932463308623
6.3940513873708
6.3947028613589
6.3953529907702
6.396001819036
6.3966492184175
6.3972497065641
6.3978490006642
6.3984471126964
6.3990440022459
6.3997373104453
6.4004289828238
6.4011190332455
6.4018074271108
6.4026383248249
6.4034668389607
6.4042930091044
6.4051167436503
6.4059523608611
6.4067855711491
6.407616484393
6.4084448393256
6.4091289816631
6.4098115125007
6.4104925169245
6.4111717753854
6.4117412003594
6.4123094646251
6.4128765876262
6.4134425036501
6.4140387545021
6.4146336835437
6.4152273016743
6.4158195785328
6.4165469196754
6.4172722550022
6.4179956066908
6.4187169253573
6.419534015052
6.4203485565709
6.4211606251875
6.4219700470239
6.422550887976
6.4231304249085
6.4237086828607
6.4242855895337
6.4248610958951
6.4254352802714
6.4260081547834
6.4265796867327
6.4272725879285
6.4279611231875
6.428644197266
6.429331822706
6.4299305457142
6.430543790127
6.4311710846041
6.4318123021158
6.4323432154368
6.4328828102078
6.433430883965
6.4339872828284
6.4346454937985
6.4353144259742
6.4359937771683
6.4366832764978
6.4376117330288
6.4385568073536
6.4395178293788
6.440494210533
6.4416250028513
6.4427739202059
6.4439399620199
6.445122501416
6.4458738100857
6.4466310102167
6.44739387585
6.4481622657524
6.4489360182431
6.4497148729634
6.450498625487
6.4512870997611
6.452332055268
6.4533844056344
6.4544437055997
6.4555095681535
6.456790468178
6.4580793667307
6.4593755056087
6.460678388865
6.4615554072582
6.4624349055806
6.4633166709782
6.4642005748688
6.4650864704759
6.4659741087398
6.4668632977263
6.4677538813266
6.4688702318295
6.4699881191923
6.4711071843882
6.4722271354056
6.4735076569027
6.4747883541647
6.4760686846985
6.4773483411111
6.4782564453669
6.4791637592176
6.4800701026167
6.4809753806977
6.4818794805228
6.4827821831826
6.4836833279463
6.4845827930257
6.4856778338157
6.4867698681596
6.4878586177652
6.4889438709293
6.490164688525
6.4913803127955
6.4925903352566
6.4937945533493
6.494881664072
6.4959633606734
6.4970393083422
6.4981094935764
6.4989766978135
6.4998397112767
6.5006983771392
6.5015526741515
6.5023497077705
6.5031426654862
6.503931441435
6.5047159734535
6.505625337523
6.5065286402274
6.5074257256197
6.5083164817735
6.5093732524716
6.5104205014514
6.5114579647232
6.5124854953
6.5135057360794
6.5145154586543
6.5155143654304
6.516502442937
6.5173183575571
6.518126371562
6.518926311259
6.5197182139096
6.5203935516967
6.5210627276996
6.5217256579101
6.5223823219644
6.5230772527475
6.5237648470776
6.5244450156305
6.5251177053579
6.5259228221123
6.5267166825425
6.5274991342506
6.5282700917147
6.5291057213898
6.5299270293839
6.5307337943753
6.531525991892
6.5322210002021
6.5329040597473
6.5335749873425
6.5342338652313
6.5347684733783
6.5352946788749
6.5358123998783
6.536321660006
6.5368042974729
6.5372789576068
6.5377455848069
6.5382041617383
6.5387322950414
6.5392491792025
6.5397547319398
6.5402489141688
6.5408152567874
6.5413656502472
6.5418999559395
6.5424181526779
6.5429100615702
6.5433862492484
6.543846552727
6.544291064622
6.5446488871734
6.5449955871275
6.5453310730348
6.5456554210407
6.5459317571829
6.5461993578587
6.5464581822574
6.5467082415164
6.5469709168634
6.5472230858378
6.5474647051321
6.5476957652922
6.5479602902321
6.5482093397453
6.5484428398643
6.5486607839819
6.5488781150087
6.5490772240876
6.5492579957314
6.5494205048793
6.5495483414653
6.5496618965517
6.5497610707535
6.5498459894555
6.5499059259883
6.5499558632151
6.5499957627651
6.5500256699605
6.5500454138592
6.5500553705906
6.5500555167917
6.550045862541
6.5500217766171
6.5499839014988
6.549932203233
6.5498666898461
6.5497734228107
6.5496614787393
6.5495307946932
6.5493814255272
6.549220735382
6.5490427449588
6.5488473663606
6.5486347460365
6.5484457606615
6.5482448604274
6.5480320004482
6.5478072725184
6.547595820197
6.5473747899146
6.5471441672227
6.546903980424
6.5466259549164
6.5463361011075
6.5460344061656
6.5457208884365
6.5453279648982
6.5449178885781
6.5444906357599
6.5440462498646
6.543557929516
6.5430504029932
6.5425236158899
6.5419776994183
6.5414899217871
6.5409877390296
6.5404710988462
6.5399401439459
6.5394840779641
6.5390179069915
6.5385416179163
6.5380552652194
6.5375549158333
6.5370443324866
6.536523512352
6.5359924816515
6.5353446979562
6.5346823411108
6.5340054089503
6.5333139395087
6.5325018632212
6.53167060394
6.5308201448767
6.5299505869496
6.5291154009179
6.5282632788129
6.5273941749982
6.5265082619932
6.5257673248831
6.5250149796484
6.5242512078174
6.5234761047808
6.5227615742198
6.5220376673959
6.5213043855596
6.5205617653371
6.5197108690963
6.5188480478544
6.5179733084792
6.5170866861957
6.5160032163847
6.5149025401736
6.5137846658194
6.5126496677604
6.5114503059443
6.5102324040777
6.5089959428245
6.5077410845668
6.506657466281
6.5055604631103
6.5044500491916
6.503326370964
6.502371219957
6.5014066755587
6.5004327389253
6.4994494665482
6.4984301631128
6.4974010326318
6.4963620847801
6.4953133543663
6.4940347315129
6.4927418994596
6.4914348763222
6.4901137182329
6.4885894756983
6.4870468882943
6.4854859668447
6.4839068391823
6.4824312009933
6.4809400137418
6.4794332551622
6.4779111080929
6.476658317566
6.4753952757005
6.4741219786761
6.4728385190788
6.4716490538437
6.4704510019672
6.4692443734936
6.4680292079156
6.4666218636872
6.4652032759558
6.4637734636288
6.4623324711886
6.4605778921516
6.4588070806962
6.4570200646558
6.4552169364418
6.453347978053
6.4514620639873
6.449559194246
6.447639546776
6.4460153630548
6.4443793556725
6.4427315132491
6.4410719785953
6.4396657899263
6.4382513177783
6.4368285708559
6.4353976037273
6.4338953325599
6.4323841370507
6.4308640338691
6.4293350614304
6.4289708507317
6.4286061002162
6.4282404916409
6.4278736494242
6.4275053763236
6.4271357568607
6.4267647952382
6.4263924958497
6.4252592935918
6.4241140665976
6.4229569819777
6.4217881718575
6.4205507778461
6.4193008770254
6.4180386601031
6.4167643079297
6.4149562138982
6.413125117342
6.4112715329924
6.4093959524261
6.4069441254186
6.4044575891112
6.4019374138042
6.3993845790231
6.3967864182124
6.3941573785272
6.3914985394473
6.3888107252472
6.3866266679657
6.3844250629853
6.3822064570742
6.3799712193107
6.3780799439817
6.3761775897001
6.3742644498
6.372340772368
6.3702397447958
6.3681269801775
6.3660028344685
6.3638676361919
6.3611993764508
6.3585152429482
6.3558158909426
6.3531019168574
6.3500771685428
6.3470361055311
6.3439796015395
6.3409083472118
6.3381823803906
6.3354461496932
6.3327002594118
6.3299450663909
6.3276913536741
6.3254321417995
6.3231677284497
6.320898316957
6.3187057988592
6.3165091452748
6.3143085990464
6.312104368642
6.3094816592127
6.3068544711359
6.3042231902127
6.3015881603814
6.298452759071
6.2953132161497
6.2921701565746
6.2890240854181
6.2859387827253
6.2828517520493
6.2797635919709
6.2766746249994
6.2741372168727
6.2715999703462
6.2690632039673
6.2665270535736
6.2643237950077
6.262121411929
6.2599200834735
6.2577199351853
6.2553156534868
6.252913204509
6.2505128041213
6.2481146336931
6.2451773224256
6.2422440548001
6.2393152090154
6.2363910923125
6.2331896672955
6.2299948599358
6.2268071729408
6.2236268834556
6.2208538930515
6.2180872616596
6.2153273445097
6.2125741971389
6.210349910862
6.2081304466895
6.2059159636131
6.2037065144753
6.2015709229463
6.1994403189412
6.197314824912
6.1951945267467
6.1926529729196
6.1901192914194
6.1875936796881
6.1850762911391
6.1820630098341
6.1790621985618
6.1760741923099
6.1730991889213
6.1702046463246
6.1673231550119
6.1644550671484
6.1616003847691
6.1593139593833
6.1570366000826
6.1547684856087
6.152509572011
6.150584771511
6.1486669055945
6.1467560550396
6.1448522444216
6.1427602216133
6.1406769510837
6.1386025270815
6.1365370101235
6.1339661503099
6.1314095344948
6.1288673362011
6.1263396570039
6.1235444174228
6.1207676006508
6.1180094712403
6.115270028538
6.1134117288994
6.1115623250806
6.1097218891213
6.107890412125
6.1060679047436
6.1042544769187
6.1024501843854
6.1006550514099
6.0984021224807
6.0961639712258
6.0939407004016
6.0917323578161
6.0891599265688
6.0866083546507
6.0840778277555
6.0815683112693
6.079828675595
6.0780994284241
6.0763806258942
6.0746722406881
6.0729742642544
6.0712867941727
6.0696098710265
6.0679434971247
6.0659166183198
6.0639056868173
6.0619107699834
6.0599318701487
6.0577002471215
6.0554895335112
6.0532998513508
6.0511311022103
6.0495766764236
6.0480332871865
6.0465009736157
6.0449796865339
6.0434693965465
6.0419701881146
6.0404820851884
6.0390050698016
6.0372353086377
6.0354817930091
6.03374455948
6.0320235769607
6.030097357172
6.0281920085372
6.0263076074563
6.0244440174777
6.0227621797819
6.0210977957942
6.0194509727886
6.0178214577317
6.0165124125596
6.0152148540142
6.0139288207504
6.0126541918338
6.0114824875666
6.0103206193955
6.0091685947208
6.0080263721575
6.0067100451602
6.0054069852908
6.004117196059
6.0028406362259
6.0013080598211
5.9997949971403
5.9983014612915
5.9968273446813
5.9953401291015
5.9938732628402
5.9924268178513
5.9910005137666
5.9898360957493
5.9886855434004
5.9875489181914
5.9864259838174
5.985499716298
5.9845830133505
5.9836758791735
5.9827782362207
5.9818445473608
5.9809213404706
5.9800086071835
5.9791063010055
5.9780045921423
5.9769187950006
5.9758488917523
5.9747947994082
5.973604697111
5.9724353680701
5.9712868202955
5.9701588269112
5.9693641702268
5.9685800433687
5.9678064453408
5.9670432827666
5.9662904838941
5.9655480971953
5.9648161081483
5.9640944593026
5.9632327627905
5.962386225859
5.9615548213846
5.9607384520359
5.9598326418194
5.9589460181857
5.9580785751594
5.9572300802521
5.9564745572503
5.9557347269853
5.9550106433203
5.9543019770943
5.9537396912439
5.9531875372193
5.9526455255779
5.95211350093
5.9516284206628
5.9511519340676
5.95068402663
5.9502246337804
5.9496993617086
5.9491856216462
5.948683384634
5.9481925754385
5.9476116280954
5.9470474450771
5.9464999869868
5.94596908755
5.94544465183
5.9449373759197
5.9444472846446
5.9439740335334
5.9435958006895
5.9432290819314
5.9428739142067
5.9425300286096
5.9422510995677
5.9419800617647
5.9417169052763
5.9414615368833
5.9412004558815
5.9409480022184
5.9407041520166
5.9404688420053
5.9401895124666
5.9399231572303
5.9396697319447
5.9394291239399
5.9391696272246
5.9389267672896
5.9387005193016
5.9384906126224
5.9383504204432
5.9382185593514
5.9380950172751
5.9379796868269
5.9378724834068
5.9377734468138
5.9376825520432
5.9375997304511
5.9375098548523
5.9374318106502
5.9373655538263
5.9373109689273
5.9372630603062
5.9372300266443
5.9372118417339
5.937208246572
5.9372173950238
5.9372386003862
5.9372719059037
5.9373169593626
5.9373617623839
5.9374142700422
5.9374744876361
5.93754224976
5.9376117718007
5.9376877680354
5.9377702197257
5.9378590570019
5.9379707375865
5.9380910469739
5.938219950397
5.9383573659165
5.938535637413
5.9387263565324
5.9389294759128
5.9391448185598
5.9393766561995
5.9396211268938
5.9398782507623
5.9401476711145
5.9403791637897
5.9406190741477
5.9408674377967
5.9411239791366
5.9413447028791
5.9415711563985
5.9418033289392
5.9420411248768
5.9422981460068
5.9425613875885
5.9428308250701
5.9431063936482
5.9434554060699
5.9438136933527
5.9441812111366
5.944557845169
5.9449987315099
5.945451389033
5.9459157957087
5.9463916793014
5.9467392795689
5.9470927436072
5.947452060763
5.9478171233003
5.9481878468224
5.9485642739177
5.9489463812039
5.9493341008825
5.949812527426
5.9502991490219
5.9507939254669
5.9512967439761
5.9518757145881
5.9524649027699
5.9530642896722
5.9536736207529
5.9542363461695
5.9548073040836
5.9553865445026
5.9559737184778
5.9564545093495
5.9569405315815
5.9574317943049
5.957928134025
5.9583934589679
5.9588631451169
5.9593371768156
5.9598154864072
5.9603787114697
5.9609476966236
5.9615224123676
5.9621027811816
5.9628144703444
5.9635343855554
5.9642624900763
5.9649986156558
5.9657563844706
5.9665224320437
5.9672967907917
5.9680791141928
5.9687315214815
5.9693894189513
5.9700528492129
5.9707215429911
5.9712857774791
5.9718537245236
5.9724253776553
5.9730006447121
5.973611952878
5.9742272557554
5.9748465339109
5.975469726952
5.9762443439929
5.9770248518218
5.9778112163331
5.978603332259
5.9795127226783
5.9804295026969
5.9813536666737
5.9822849565032
5.9829571033455
5.9836329112203
5.9843123755282
5.9849953935681
5.9856818862496
5.9863719029123
5.9870654262352
5.9877623939795
5.9886130259426
5.9894686677951
5.9903292904941
5.9911947917695
5.9921803291304
5.9931720534633
5.9941699626251
5.9951738176976
5.9960924041132
5.9970159448651
5.9979445027411
5.998877740637
5.9996368997174
6.000399180107
6.0011645978693
6.0019329954774
6.0026493359916
6.0033682427964
6.0040897057533
6.0048136621706
6.0056605767354
6.006510835379
6.0073644174297
6.0082212536911
6.0092642446222
6.0103119500742
6.0113643494076
6.0124212896179
6.0135019390634
6.0145872881868
6.0156773863846
6.016771904026
6.0176804943955
6.0185921792766
6.0195070107748
6.0204247292868
6.0211966543252
6.0219706400542
6.022746685734
6.0235247044488
6.0243483589231
6.0251741915798
6.0260021897007
6.0268322991837
6.0278588127137
6.0288884850849
6.0299212949621
6.0309571491786
6.032139723126
6.0333261994948
6.0345165916654
6.0357106599231
6.0365703974617
6.0374320439316
6.0382956017202
6.0391609746303
6.0400280901673
6.0408970049533
6.0417677086055
6.0426401455127
6.0437008243721
6.0447640107983
6.0458296881783
6.0468977663011
6.0481091501625
6.0493235767879
6.0505410619891
6.0517613846416
6.0528746762339
6.053990376928
6.0551085627175
6.0562289103955
6.0571385177383
6.0580496122679
6.0589622171697
6.0598761818613
6.0607266036323
6.0615782064591
6.0624309859065
6.0632848846845
6.0642809917905
6.0652785911342
6.0662776710249
6.0672781709463
6.0684919363036
6.0697077465161
6.0709255969098
6.0721453500742
6.073388759295
6.0746341651015
6.0758816332702
6.0771308514667
6.0781661172076
6.079202672372
6.0802405780902
6.0812795847743
6.0821526599001
6.0830265521034
6.0839012661312
6.0847767203919
6.0857019364313
6.0866279684193
6.0875548100455
6.0884824133798
6.0896264396191
6.0907715921448
6.0919178615881
6.0930651663792
6.0943711062313
6.0956783765706
6.096987008178
6.0982967787941
6.0992390436267
6.1001819252232
6.1011254323528
6.1020694750585
6.1030139870872
6.103959031493
6.1049046042139
6.1058506558264
6.1069984807865
6.1081469870003
6.1092961690344
6.1104459477284
6.11174725111
6.1130493169215
6.1143521768637
6.1156556260271
6.1168429264711
6.118030797385
6.1192193262953
6.1204082027398
6.1213725467334
6.1223371996166
6.1233021907778
6.1242673760418
6.1251645602986
6.1260619294479
6.1269594840388
6.1278571716603
6.1289026790475
6.1299483545429
6.1309941942444
6.1320401453097
6.1333066356647
6.1345732755019
6.1358400738011
6.1371069067745
6.1383961073299
6.1396853967666
6.1409748547009
6.142264183835
6.143331674961
6.1443991849158
6.1454667824169
6.1465342266301
6.1474307162233
6.1483271485661
6.1492235330251
6.1501197926805
6.151066053059
6.1520121752846
6.1529581584398
6.1539039599087
6.1550685847813
6.1562329218388
6.1573969716779
6.1585606625786
6.1598829287501
6.1612047496518
6.1625261703543
6.1638469833056
6.1647966690648
6.165746080878
6.1666952327516
6.1676440400515
6.1685924417976
6.1695405061842
6.1704882343369
6.1714355820195
6.1725835757333
6.1737310039465
6.1748778703351
6.1760241048935
6.1773197691209
6.178614648313
6.1799087869991
6.1812019936387
6.1823787798585
6.1835548947452
6.1847304350771
6.1859051009192
6.1868572709284
6.1878089566609
6.1887601924562
6.1897108394952
6.1905939158628
6.1914765089675
6.1923586233493
6.1932402106256
6.194265966078
6.1952910062619
6.1963153334892
6.1973389011504
6.1985768518872
6.1998136957492
6.2010494525147
6.2022840093904
6.203538990323
6.2047928036601
6.2060455398789
6.2072969137789
6.2083322462843
6.2093667646098
6.2104005434083
6.2114333489069
6.2123003489855
6.2131667205312
6.2140324765226
6.2148975438313
6.2158102647319
6.2167222269073
6.2176334336609
6.2185438466276
6.2196637984178
6.2207825485015
6.2219001052248
6.2230164046744
6.2242834257274
6.2255488624903
6.2268127710349
6.228074955441
6.2289820279931
6.2298882580399
6.2307936636146
6.2316981643272
6.2326017033661
6.233504352779
6.2344061176854
6.2353069579219
6.2363977332008
6.2374871561995
6.2385752375769
6.2396619144555
6.2408892243954
6.2421147796367
6.2433386344659
6.2445606077703
6.2456717550532
6.2467814584075
6.2478898215816
6.2489965529282
6.2498931596864
6.2507887917661
6.2516834872314
6.2525771114947
6.2534067944423
6.2542355833996
6.2550634859235
6.2558904567617
6.2568520401214
6.2578123687134
6.2587714495392
6.2597292407713
6.260886749129
6.2620423893231
6.2631961892282
6.26434804447
6.2655180685516
6.2666861703672
6.2678524484619
6.2690166269452
6.2699792565044
6.2709405757025
6.271900663578
6.2728592918224
6.2736636803798
6.2744671025366
6.2752695739494
6.2760710244103
6.2769162118765
6.2777602762028
6.2786032238274
6.2794450196098
6.2804798924311
6.2815130314288
6.2825444506802
6.283574092156
6.2847418902184
6.2859074476757
6.2870708286606
6.2882318460561
6.2890658246211
6.2898986363742
6.2907303022937
6.2915607452165
6.2923899114717
6.2932178758497
6.2940446463986
6.2948701860011
6.2958692288676
6.2968664789283
6.2978619519457
6.2988555903402
6.2999771321199
6.3010963826934
6.3022134034179
6.3033280209805
6.3043409635791
6.3053520403496
6.3063613600213
6.3073686372513
6.3081842905146
6.3089987045952
6.309811920222
6.3106238060208
6.3113772889049
6.3121296587482
6.3128809252834
6.3136310455817
6.3145028597908
6.3153731348606
6.3162418811712
6.3171090604013
6.3181564841787
6.3192016442371
6.3202445742484
6.3212851760155
6.3223415850904
6.3233956865062
6.3244475845048
6.3254970101341
6.3263643306907
6.3272300919606
6.3280943760518
6.3289569587682
6.3296804782563
6.330402864565
6.3311241352447
6.3318442222468
6.3326033131817
6.3333611038642
6.3341176029566
6.3348727776566
6.3358007254037
6.3367266853272
6.3376506755552
6.3385726423032
6.3396177501383
6.340660311203
6.3417003952638
6.3427378216213
6.3434827161757
6.3442262963873
6.3449685852898
6.3457095080771
6.3464490133487
6.3471871777453
6.347924011367
6.3486594792785
6.3495491375094
6.3504368115972
6.3513225208683
6.3522062115167
6.3532031688489
6.3541976091557
6.3551895986751
6.3561789697163
6.3570776657162
6.3579743246898
6.3588690587315
6.3597615871632
6.3604840333999
6.3612051369806
6.3619249404456
6.3626433147799
6.3633097829819
6.3639750553906
6.3646391432356
6.3653020052412
6.3660721195035
6.3668405911702
6.3676074329441
6.3683726089645
6.3692964287148
6.3702178476902
6.3711369035179
6.372053502351
6.372983594036
6.3739112527292
6.3748365864781
6.3757593313451
6.3765216374081
6.3772823088029
6.3780414296608
6.3787987787996
6.3794338132894
6.3800676675827
6.3807003605037
6.3813318255388
6.3819972784571
6.3826613847855
6.3833241546885
6.3839855569849
6.3847979754132
6.3856083456129
6.3864166884361
6.3872229530264
6.3881365115424
6.3890474599666
6.3899558717957
6.390861570834
6.3915116512396
6.3921603919365
6.3928078173173
6.3934538542312
6.3940984528501
6.394741690982
6.3953835800923
6.3960240867386
6.3967985967869
6.3975711025532
6.398341625724
6.3991101150607
6.3999767508237
6.4008408564282
6.4017025012917
6.4025615216194
6.4033414994913
6.4041194400803
6.4048954575989
6.4056692747263
6.4062954148883
6.40692021832
6.4075437287164
6.4081658187377
6.4087427871237
6.4093185692708
6.4098931773821
6.410466571305
6.4111325319526
6.4117968687035
6.4124595957688
6.4131206789307
6.4139185344209
6.4147140260016
6.4155071938415
6.4162979470158
6.4171000240938
6.4178997170819
6.418697136391
6.4194920215871
6.4201484602975
6.420803304732
6.4214566402507
6.4221082478191
6.4226544501126
6.4231995047889
6.4237434314746
6.4242861647017
6.4248579468548
6.4254284227101
6.4259976033845
6.4265654587625
6.4272647403277
6.4279595761126
6.4286488510224
6.4293427550782
6.4299459968932
6.4305639556329
6.4311961477562
6.4318424477923
6.4323739559824
6.4329141373678
6.4334627892859
6.4340197592331
6.4346742136147
6.4353392395618
6.4360145408864
6.4366998523303
6.4376234512975
6.4385634803818
6.4395192810624
6.4404902735547
6.4416222393567
6.4427723777078
6.4439396880376
6.4451235336273
6.445878288643
6.4466389900542
6.4474054088606
6.448177400922
6.4489548018301
6.4497373481848
6.4505248327296
6.4513170771767
6.4523634106841
6.453417144606
6.4544778322544
6.4555450861343
6.4568232761061
6.4581094136464
6.4594027455967
6.4607027811547
6.4615802015667
6.4624600999821
6.463342263368
6.4642265632128
6.4651128527613
6.4660008826374
6.4668904607662
6.4677814310421
6.4688973547002
6.4700148087328
6.471133434753
6.4722529413765
6.4735328486769
6.4748129268146
6.4760926345454
6.4773716647895
6.4782805897519
6.479188721219
6.4800958787567
6.4810019672084
6.4819068733679
6.4828103778565
6.4837123195693
6.4846125765366
6.4857075994476
6.4867996128605
6.4878883385899
6.4889735652192
6.4901936098189
6.4914084646105
6.4926177220719
6.4938211801795
6.4949079430157
6.4959892941426
6.4970648995353
6.4981347449837
6.4990024362345
6.4998659316991
6.5007250744327
6.5015798428571
6.5023776232676
6.5031713195062
6.5039608254325
6.5047460787547
6.5056557790699
6.5065594121791
6.5074568219918
6.5083478965946
6.5094043069475
6.5104512000868
6.5114883123283
6.5125154970568
6.5135352080405
6.5145444107318
6.5155428082147
6.5165303868067
6.5173463409268
6.5181543938008
6.5189543719514
6.5197463121798
6.5204221128581
6.5210917433254
6.5217551194283
6.5224122207094
6.5231075687281
6.5237955709403
6.5244761378701
6.525149216435
6.5259543343203
6.5267481943837
6.5275306442243
6.5283015984659
6.5291368317456
6.5299577553577
6.5307641483201
6.531555986294
6.5322507807699
6.5329336337228
6.5336043623568
6.5342630484427
6.534797823615
6.5353241912502
6.535842069503
6.536351481831
6.5368344245738
6.5373093797831
6.5377762917574
6.5382351431394
6.5387634204415
6.5392804412331
6.5397861231576
6.5402804271736
6.5408466115636
6.541396853106
6.5419310132696
6.5424490710424
6.5429407493652
6.5434167195847
6.5438768190197
6.5443211400495
6.5446789413773
6.5450256215805
6.5453610893544
6.5456854205502
6.5459618824196
6.5462296009983
6.5464885354333
6.5467386968303
6.5470014826372
6.5472537519184
6.5474954613048
6.5477266013605
6.5479911040902
6.5482401290776
6.5484736023264
6.5486915173387
6.5489087278551
6.5491077290018
6.5492884054068
6.5494508320334
6.5495786116803
6.549692118697
6.5497912539178
6.5498761423679
6.549936086009
6.5499860272333
6.5500259276952
6.5500558326128
6.5500755760458
6.5500855226734
6.5500856490994
6.5500759654143
6.5500518382303
6.5500139136129
6.5499621575715
6.5498965781948
6.5498032698251
6.5496912898129
6.5495605752142
6.549411181002
6.5492505123087
6.5490725567051
6.5488772264422
6.5486646677467
6.5484756922862
6.5482748050656
6.5480619613007
6.5478372525573
6.5476257196067
6.5474046022927
6.5471738861617
6.5469335995032
6.5466554292507
6.5463654205649
6.5460635605956
6.5457498677297
6.5453568508619
6.544946677695
6.5445193244825
6.5440748347523
6.5435866031117
6.5430791769945
6.5425525020133
6.542006709379
6.5415190594281
6.5410170138894
6.5405005206007
6.5399697219641
6.5395136057442
6.53904738301
6.5385710406789
6.5380846331464
6.5375840492099
6.5370732225415
6.536552150311
6.5360208587657
6.5353728331724
6.5347102255486
6.534033033717
6.5333412957893
6.5325292386457
6.5316980026305
6.5308475709153
6.5299780445285
6.5291431238866
6.5282912801777
6.5274224678378
6.5265368591776
6.5257960294128
6.5250437956962
6.5242801396309
6.5235051564066
6.5227904098927
6.52206628197
6.521332773898
6.5205899222948
6.5197386370539
6.5188754168791
6.518000268644
6.5171132276278
6.5160295489463
6.5149286592744
6.5138105668443
6.5126753462125
6.5114762567478
6.5102586379049
6.5090224703176
6.5077679163671
6.5066846459522
6.5055880003869
6.5044779539018
6.5033546526535
6.5023994567887
6.5014348671573
6.500460884942
6.4994775665557
6.4984578223575
6.4974282431513
6.496388838625
6.495339643618
6.4940605499452
6.4927672377964
6.4914597252937
6.490138068661
6.4886138721222
6.4870713337308
6.4855104642534
6.4839313916424
6.4824562766753
6.4809656250668
6.4794594145824
6.4779378278612
6.4766852898949
6.47542250534
6.4741494704329
6.4728662775714
6.4716764971038
6.4704781258321
6.4692711738152
6.4680556805392
6.4666476951511
6.4652284566777
6.4637979840482
6.4623563218077
6.4606013810497
6.4588302025413
6.4570428140983
6.4552393082659
6.4533708008615
6.4514853474608
6.4495829480048
6.44766378045
6.4460401967962
6.4444047990162
6.4427575757982
6.4410986696826
6.4396924792618
6.4382780057277
6.4368552578069
6.4354242899926
6.4346506569357
6.4338746481463
6.4330962670549
6.4323155173094
6.4318594661576
6.4314026124379
6.4309449567803
6.4304864998129
6.4302452396272
6.4300037583841
6.429762056173
6.4295201330833
6.429413838807
6.4293075019712
6.4292011225835
6.4290947006513
6.4290655606546
6.4290364180541
6.429007273119
6.4289781234263
