0.05
0.050000207131212
0.050000413419234
0.050000619284712
0.050000825144865
0.050001868766218
0.050002972879174
0.05000418588697
0.050005554318555
0.050016376013019
0.050036981990657
0.050071236949967
0.050122653041082
0.050198187391636
0.050297935274818
0.050423776371681
0.050577426527404
0.050802346509859
0.051071383484753
0.051385696784441
0.051746410045523
0.052280904323105
0.052894408261642
0.053587330216035
0.054360261346358
0.05549474204414
0.056766446664704
0.058174720398485
0.05971934365248
0.062059508813453
0.064652613180595
0.06749619284205
0.070588378901402
0.075666622901315
0.081286629467591
0.087440859356222
0.094120723439423
0.10182507328745
0.11011254249372
0.11897631407608
0.12840106527014
0.13836754578664
0.14888413801562
0.15994988275735
0.1715362126552
0.18221666703343
0.19330585059394
0.20480723856819
0.21669059517382
0.22723584269738
0.23806699637388
0.24918430484383
0.26057199813991
0.27224784428918
0.28419266882627
0.29640515869122
0.30887460424113
0.32337224234622
0.33819760847264
0.35334953671603
0.36881224712297
0.38588837938281
0.40332622024292
0.42112868591399
0.43926620943173
0.45677196553981
0.47458505359581
0.49271275464631
0.51111803780499
0.5278872061726
0.54488807250053
0.56212485146345
0.57957197034079
0.59670765293663
0.61404454189512
0.63158407615323
0.64930946927909
0.66864154562416
0.68819026106831
0.70795724418902
0.72792383919852
0.7497070006128
0.77172561027763
0.79398494755245
0.81645501463055
0.8388370790683
0.86143430542809
0.88425679017884
0.9072636297033
0.92867963043515
0.95026587613807
0.97203075213994
0.99393977434808
1.0149778644352
1.0361559578065
1.0574786417777
1.0789225225866
1.1013590308207
1.1239318373325
1.1466449130198
1.1694766288251
1.194107010945
1.2188804503081
1.2438038312643
1.2688472039671
1.2943737958949
1.3200366533575
1.3458477425868
1.3717646479417
1.3963816447983
1.4211107201619
1.4459640879089
1.4708998206555
1.4945498221686
1.5182878934139
1.5421220177178
1.5660217924034
1.5902361168977
1.6145272856391
1.6389014140205
1.6633336390425
1.6893401267656
1.7154217073458
1.7415863867928
1.7678044879693
1.7949879595577
1.8222433845644
1.8495836868073
1.8769669407456
1.9035300282829
1.9301540389164
1.956854262172
1.9835833944566
2.0088214676879
2.0341049569077
2.0594454141211
2.0848051312639
2.1098176122949
2.1348632919472
2.159950445791
2.1850503853654
2.2113130167886
2.2376020250432
2.2639262682212
2.2902561890629
2.317859398856
2.3454848304266
2.373145595116
2.400801733594
2.4282332340252
2.4556827102457
2.4831674280427
2.5106373660031
2.5366628549408
2.5626991958792
2.5887615185856
2.6148049054236
2.6399349365046
2.6650665232623
2.6902103338222
2.715332906605
2.7410612995832
2.7667825667247
2.79250636835
2.8182026761928
2.845245975183
2.8722755023038
2.8993040410666
2.9262943417065
2.9536668481836
2.9810229921643
3.0083807248197
3.0356902534747
3.0618614531205
3.0880155617392
3.114170927451
3.1402763916626
3.1650808647868
3.1898640231756
3.2146393396413
3.2393674026387
3.2640699436934
3.2887434265435
3.3133985015943
3.3380036182253
3.3637739154434
3.3895066032436
3.4152139366925
3.4408612998807
3.4673854332216
3.4938676782579
3.520325464728
3.5467118435208
3.5724800575785
3.598208715434
3.6239184561458
3.6495541333102
3.6737530062618
3.6979137463902
3.7220530734285
3.7461245979798
3.7695602148122
3.7929531072067
3.8163153630269
3.8396123940954
3.8636646877886
3.8876654720034
3.9116265843514
3.935515213589
3.9605525374801
3.9855312037788
4.0104672893329
4.035318305508
4.0601793870057
4.0849834633228
4.1097519840037
4.1344292587241
4.1578262879442
4.1811722951891
4.2044873957764
4.2277180570752
4.2498303303317
4.2718916391585
4.2939162184826
4.3158645254825
4.3380047273836
4.3600868789348
4.3821227929332
4.4040800083334
4.4271739334235
4.4502005307465
4.4731742245408
4.4960572647787
4.5195368670967
4.5429472693222
4.5663090669286
4.5895697741597
4.6119801362572
4.6343291435242
4.6566397233385
4.6788527857148
4.6996924312813
4.7204760091962
4.7412207770108
4.7618802128582
4.7821240054094
4.8023080247576
4.8224447272469
4.8424999971207
4.8634034097832
4.884237479039
4.9050151770189
4.925702547856
4.9473813614956
4.9689845408313
4.9905305476674
5.0119728288325
5.0331729015541
5.0543034090809
5.0753885313924
5.0963673712917
5.1160130880687
5.1355990387724
5.1551462069877
5.1745997486961
5.1931098303045
5.2115610690979
5.2299675416916
5.2482909300853
5.2669688664391
5.2855800898692
5.304136692488
5.3226066962836
5.3421746369365
5.3616663162309
5.3810975559077
5.4004285535814
5.4201440415682
5.4397844322324
5.4593729816415
5.4788519953249
5.4973404843302
5.5157657818747
5.5341524808641
5.5524381045666
5.5694484675363
5.5864019122073
5.6033154127597
5.6201434968767
5.6367426090221
5.6532802178676
5.6697683965291
5.6861747012716
5.7034848486072
5.720722999808
5.7379025913586
5.7549895425715
5.7729302796229
5.7907941998836
5.8086017547685
5.8263026148849
5.843580230795
5.8607911812946
5.8779621107268
5.8950268172012
5.9107665318944
5.9264510012279
5.9421013999626
5.9576624690944
5.972452963669
5.9871880707805
6.001881036523
6.0164958639232
6.0315863964983
6.0466123802107
6.0615856180104
6.0764755346584
6.0924069704391
6.1082644448796
6.1240647911721
6.1397665960838
6.1556786503172
6.1715212813508
6.1873203876646
6.2030125632022
6.2176402475744
6.232213173185
6.2467572252669
6.2612068122399
6.2745093182796
6.2877623220064
6.3009818726232
6.3141246010249
6.3271971931566
6.3402140203361
6.3531862899001
6.3660840560612
6.3799022577673
6.3936534781035
6.4073512432923
6.4209618986047
6.435291260578
6.4495508449458
6.4637630962842
6.4778735019049
6.4914318897063
6.5049344024905
6.5184102114744
6.5317871923693
6.5439002194196
6.5559685728849
6.5680130580413
6.5799788545872
6.5913436054672
6.6026613463618
6.6139440423312
6.625158832542
6.6369270366096
6.6486377991316
6.6603023093945
6.6718919343793
6.6844405714134
6.6969229988508
6.7093569610294
6.7216993898526
6.7341044635791
6.7464516170163
6.7587697614346
6.7709885634499
6.7821282818496
6.79322626135
6.8043094423035
6.815309240673
6.8253141530492
6.8352800721688
6.8452216421916
6.8550984688884
6.8650308343518
6.8749160618527
6.8847642268117
6.8945483653707
6.9052255569838
6.9158440857753
6.9264173927574
6.9369124735572
6.9479893990108
6.9590074983381
6.9699915333154
6.9808817952558
6.9911406771217
7.001358068286
7.0115659833058
7.0216853041166
7.0306478799436
7.0395782892047
7.0484964881038
7.0573488877836
7.0657583614162
7.0741305487822
7.0824758804278
7.0907651338039
7.0996371148546
7.1084604449523
7.1172455450037
7.1259659744685
7.1355339072726
7.1450456506719
7.1545199504728
7.163911696851
7.1732449909249
7.182534553379
7.191812967906
7.2010011935568
7.2091535160586
7.2172784783381
7.2254038373844
7.2334582255334
7.2406868032042
7.2478871314612
7.2550721131687
7.2622050062219
7.2694802537683
7.2767174249279
7.2839253741101
7.2910802823543
7.2990527860942
7.3069759443714
7.3148630716254
7.3226817975987
7.3309422465586
7.3391564953198
7.347352153198
7.3554628896487
7.3629154125273
7.3703420214983
7.3777779157727
7.3851359312973
7.3914875788194
7.3978191801548
7.4041493860906
7.4104266862481
7.4164005486796
7.4223463275214
7.4282728553045
7.4341547055168
7.4405954092566
7.4469962931627
7.4533669879001
7.4596832334348
7.4667052168224
7.4736817281144
7.4806327202429
7.4875104267374
7.4942398697964
7.5009408005231
7.5076502602792
7.5142784865596
7.5199721338687
7.5256523212299
7.5313472925594
7.5369833722943
7.5419700817362
7.5469380885151
7.5518984067331
7.5568182954041
7.5619222217533
7.5669964350786
7.5720486286766
7.577057975622
7.5827617668671
7.5884254704315
7.594062311228
7.5996403771998
7.6055225648398
7.611371737435
7.6172189622211
7.6229896998886
7.6281322847579
7.6332643283004
7.6384244505101
7.6435166868047
7.647785915328
7.6520456805273
7.6563129921826
7.6605390872648
7.6645731508459
7.6685870559985
7.672588153236
7.6765545855101
7.6810035544762
7.6854209091366
7.6898155542035
7.6941652023111
7.6990555221352
7.703911067045
7.7087532105134
7.7135309075241
7.7181092259736
7.722674287115
7.727268277707
7.731788974735
7.7355272379254
7.7392644515517
7.7430289572417
7.7467454590619
7.7499830021725
7.7532096727509
7.7564346684329
7.7596291592962
7.7630031525436
7.76635472283
7.769690564608
7.7729924420573
7.7768269302516
7.7806301196014
7.7844152002094
7.7881505034231
7.7920640551242
7.7959576722172
7.799866331039
7.8037060882529
7.807001971542
7.81030153705
7.8136467858093
7.8169329145626
7.8195959696724
7.8222581772753
7.8249347823768
7.8275800707651
7.8301112045799
7.8326286799574
7.8351386113377
7.837622171453
7.8404693908083
7.8432923881923
7.8460994507892
7.8488699429217
7.8520053406882
7.8551162645758
7.858225591435
7.8612786913456
7.8641223010023
7.8669671153326
7.8698607186213
7.8726877687559
7.874918494153
7.8771585873488
7.8794361307383
7.8816749614585
7.8835869290386
7.8854941475036
7.8874042616605
7.8892918477832
7.8913156193849
7.8933231714224
7.8953204097967
7.8972911532578
7.8996114515921
7.9019086107269
7.9041958074342
7.906441482509
7.908759337437
7.9110696179755
7.9134112098703
7.9156906682519
7.9175506846761
7.9194267508489
7.9213638449503
7.9232492553533
7.9247086552167
7.9261738923709
7.9276585771595
7.9291198830592
7.9305129161749
7.931897510888
7.9332788460554
7.9346404241991
7.9362233008379
7.9377885170652
7.9393438600613
7.9408699975579
7.9425901563891
7.9442954120363
7.9460099856527
7.9476759529144
7.949156162306
7.9506504327264
7.9522112982118
7.9537113563601
7.954811245561
7.9559288026794
7.9570916429518
7.9582233415819
7.9591544807314
7.9600855625835
7.9610230459036
7.9619441559496
7.9629347732577
7.9639143954424
7.9648883472482
7.9658419558542
7.966962982728
7.9680682662194
7.9691709348449
7.9702395522785
7.9712975353664
7.9723589382811
7.9734659595975
7.9745170245432
7.9752899921674
7.9760890951949
7.9769616049456
7.9777886285892
7.9783667204512
7.9789557036525
7.979567878331
7.9801627745557
7.9807112897704
7.9812555390239
7.9818000477802
7.9823299611
7.9829382502714
7.9835346035663
7.98412641187
7.9846953374143
7.9853064004805
7.985911050897
7.9865344627254
7.9871163014061
7.987555023471
7.9880184425037
7.9885629528189
7.9890517245445
7.9893228938641
7.9896180803089
7.9899644147321
7.9902855441979
7.9905051829384
7.9907283647164
7.9909607275087
7.9911813568426
7.9913994707342
7.9916109452922
7.991820695293
7.9920150951697
7.9922153076845
7.992406254644
7.992600941243
7.9927681864215
7.9928635583627
7.992971502013
7.993136508184
7.993251308063
7.9932225535256
7.9932276945281
7.9933155439452
7.9933630146837
7.9933082232159
7.9932681277264
7.9932541084037
7.9932273767004
7.9931625042963
7.9930967019314
7.9930340631797
7.9929608181833
7.9928410329668
7.9927141790655
7.992587331978
7.9924429101843
7.9922164711518
7.9919907777886
7.9917914731798
7.9915569586304
7.9913248844101
7.9910988764588
7.9908903975066
7.9906669804616
7.990405458543
7.9901431432409
7.9898865884517
7.9896173493341
7.9892670731331
7.9889139256167
7.9885690844084
7.9882050802773
7.9877474734502
7.9872980039403
7.9868849987809
7.986440011312
7.9859392102953
7.9854628349462
7.9850496671949
7.9846034588711
7.9841409933832
7.9836953533473
7.9832835178837
7.982856487723
7.9824023832437
7.9819521721905
7.9815123250957
7.9810627118115
7.9805198186411
7.9799755095217
7.9794372156327
7.9788857806981
7.9782018884933
7.9775208429958
7.9768611151593
7.9761780921529
7.9754177791638
7.9746798830716
7.9740049994043
7.9732944984593
7.9725943124456
7.971920338367
7.9713017717473
7.9706614071575
7.9700371200677
7.9694233812992
7.9688288697765
7.9682255369372
7.9675524484669
7.966880771198
7.9662161551192
7.9655425066051
7.9647075991434
7.9638732491311
7.9630504438807
7.9622123113514
7.9612360645463
7.9602746168863
7.9593595955035
7.9584145985394
7.9574703551127
7.9565584488237
7.9557215119175
7.9548535520527
7.9540491367608
7.9532648488765
7.9525162125468
7.9517565234042
7.9509858579728
7.95022075774
7.9494665979586
7.9487059225639
7.9477922131528
7.9468794979982
7.9459746363046
7.9450600070147
7.9439423057359
7.9428318633017
7.9417481771466
7.9406441968133
7.9394740112949
7.9383341147156
7.9372702003662
7.9361713101959
7.9351606918215
7.9341813090656
7.9332626572573
7.9323255238349
7.9314513789373
7.9305893765092
7.9297468375553
7.9288986146495
7.9279534708182
7.9270114289035
7.9260774732316
7.9251372624752
7.9239658555787
7.9227979002795
7.9216442461086
7.9204784367699
7.9191417179899
7.917825656449
7.9165649882108
7.9152757520464
7.91404092156
7.9128450406834
7.9117341112681
7.9105935665971
7.909579597589
7.9085881144073
7.9076333531127
7.906670677899
7.9057041761204
7.9047444388511
7.9037960555955
7.9028435204242
7.9016867447429
7.9005329266994
7.8993884973747
7.8982369729539
7.8968274320912
7.8954288751591
7.8940616513791
7.8926766389594
7.8912396046523
7.8898394402545
7.8885262728824
7.8871784049862
7.8859804898065
7.8848176254786
7.8837193969361
7.8826052439491
7.8815861698874
7.880580329138
7.8795940538155
7.8786043354184
7.877493733792
7.8763875619332
7.8752903440577
7.8741889528969
7.8728043132977
7.8714255039249
7.8700632423372
7.8686914269344
7.8671271858335
7.8655883340923
7.8641120481438
7.8626083836708
7.8612009827206
7.8598376081841
7.8585668462652
7.8572675373276
7.8561381819104
7.8550329817765
7.8539652016323
7.8528917728653
7.8518171436559
7.8507501838948
7.849694961312
7.8486372754034
7.8473392274552
7.8460457158505
7.8447628578451
7.8434749844943
7.8418925740154
7.8403240904754
7.8387904207675
7.8372410999511
7.835651629031
7.8341040004576
7.8326516096651
7.8311648319346
7.8298689604375
7.8286108845322
7.8274202094281
7.8262154872822
7.8251252146052
7.8240489698329
7.8229924347627
7.8219340149484
7.8207386529032
7.8195487658434
7.8183685722494
7.8171857432935
7.8156879764067
7.8141979073264
7.8127261012577
7.8112468287099
7.8095630583788
7.8079081488041
7.8063208297011
7.8047073102666
7.8035449326808
7.8024006763991
7.8012837085099
7.8001635358392
7.7990200357048
7.7978829731974
7.7967557948267
7.7956270847295
7.7941853257724
7.792749761563
7.7913277937294
7.789901108667
7.7881881664839
7.7864979325383
7.7848607516022
7.7832031277867
7.7819921017649
7.7807974924009
7.7796290579352
7.7784569325912
7.7772607869552
7.7760719558082
7.7748948742851
7.7737160076968
7.7722564594314
7.7708048283446
7.7693698529854
7.7679299206117
7.7662556460219
7.7646048008412
7.7630070344311
7.7613905542107
7.7598552414081
7.7583603654616
7.7569103195533
7.7553517734139
7.7538527160544
7.7522758374762
7.7506521263991
7.7488997320224
7.747264921132
7.7455616119016
7.7437949586884
7.7419476244234
7.7397250895981
7.7374059241753
7.7349950718569
7.7324832719194
7.7291132760204
7.7255942840862
7.7219391655543
7.718125778104
7.7136949813354
7.7091182169622
7.7044405555536
7.6995640324145
7.6962197273536
7.6928223611474
7.6893805849979
7.6858673568401
7.6822653777011
7.6786014414622
7.6748789780681
7.6710895543679
7.6660700866025
7.6609482803572
7.6557321915052
7.6504078280372
7.6439133384507
7.6372982357346
7.6305941083391
7.6237335386949
7.6189185539538
7.6140564338913
7.6091563537235
7.6041928075036
7.5991488141543
7.5940521112524
7.5889070785281
7.5837031871355
7.5771702136903
7.5705585685728
7.5638772721686
7.5571088171376
7.5492877207899
7.5413844704525
7.5334278088004
7.5253546323637
7.5179423761739
7.5104917189684
7.5030468652893
7.4955032542518
7.4893250195342
7.4831245529638
7.4769167415021
7.4706583872056
7.4647306973485
7.4587728871585
7.4527891491451
7.4467666189857
7.4395909183699
7.4323691542074
7.4251068018693
7.417792220199
7.4088565035119
7.3998616890255
7.3908234915667
7.3817083012215
7.3724483918113
7.363153629897
7.3538632589049
7.3444862395461
7.3366404881599
7.3287843293958
7.3209443369425
7.3130519983073
7.3062488100655
7.2994304153769
7.2926029147784
7.2857462721902
7.2783317129745
7.2708916324073
7.2634300432025
7.2559367608935
7.2466898071403
7.2374056073498
7.2280927676383
7.218732910488
7.2082679925474
7.197772762248
7.187273644449
7.1767102049286
7.1672263833135
7.1577389103865
7.1482833421242
7.1387736105077
7.130937357454
7.1230981102274
7.1152673474218
7.1074107647944
7.0998242209794
7.0922253829423
7.0846180303641
7.0769905729715
7.0679176499387
7.058823935692
7.0497146922172
7.0405780029206
7.0296763562006
7.0187524564126
7.0078215666364
6.9968493307153
6.9860053713148
6.9751597585744
6.9643467933484
6.9534853447818
6.9444452059409
6.9354122434285
6.9264070523137
6.9173749708926
6.9094424474826
6.9015076387461
6.8935755989951
6.8856296249938
6.8769147058419
6.8681902412402
6.8594600249851
6.8507142598424
6.8400403875979
6.8293535000659
6.8186620952366
6.8079470891068
6.7962764023706
6.784604018743
6.7729548855385
6.7612706264589
6.75095680359
6.7406570391144
6.7304006669248
6.7201153100344
6.7115648277414
6.7030214958139
6.694494284125
6.6859556224509
6.6775335560777
6.6691098749675
6.660687977061
6.6522575175808
6.6421992757676
6.632135821934
6.622072255802
6.6119966484633
6.6001828307433
6.5883684995925
6.5765686979525
6.5647485909028
6.5533301036789
6.5419279901904
6.5305730325849
6.5191914622508
6.509764179664
6.5003531389233
6.4909747266638
6.4815842252853
6.4731950977358
6.4648111621566
6.4564366063652
6.448057457512
6.4387253568925
6.4293937931359
6.4200663129281
6.4107336925459
6.3994091946097
6.3880867738067
6.3767748233309
6.3654539532407
6.3533772399227
6.3413154624263
6.3292925436547
6.317251730349
6.3067879787313
6.296347606417
6.2859555309906
6.2755492410495
6.2668442227113
6.2581518229393
6.2494791537444
6.2408036834281
6.2320786991496
6.223358704797
6.2146467107779
6.2059335838812
6.1954754707229
6.1850221341897
6.1745784653225
6.1641328103604
6.1520350811614
6.1399502199136
6.1278930872869
6.1158286830193
6.104402297403
6.0930023642213
6.0816570924681
6.0702982435123
6.0609483715386
6.0516193341592
6.0423244769729
6.0330263657679
6.0246030574774
6.0161892465994
6.007788396606
5.999388776109
5.9898891005604
5.9803963975984
5.9709139318458
5.9614331787902
5.9499502970029
5.93847912068
5.9270278781264
5.9155772284084
5.9035651737016
5.8915779651172
5.8796387485031
5.8676921355057
5.8574656977698
5.8472674120727
5.8371189279439
5.8269651192932
5.8184418106609
5.8099338922801
5.8014470668251
5.7929626595892
5.7842801524366
5.7756066507496
5.766944791539
5.7582865701302
5.7478131882203
5.7373509959851
5.7269046274253
5.7164629112572
5.7044723139536
5.6925029101798
5.6805693489216
5.6686367536371
5.6575310327821
5.6464573008996
5.6354417766652
5.6244205974351
5.6154158861712
5.6064340459373
5.5974861413122
5.588540271661
5.5803444755325
5.5721605003195
5.5639912110879
5.5558267128849
5.5464551085538
5.5370944900277
5.5277478266451
5.5184073398781
5.5070862079851
5.4957828723489
5.4845053286007
5.4732345665428
5.4615718720931
5.449939833617
5.4383609225207
5.4267810592355
5.417010396931
5.4072700024282
5.3975789906921
5.3878880324022
5.3797418279178
5.3716121560579
5.3635036366326
5.3554005989318
5.346979738138
5.3385701846774
5.3301742355854
5.3217848944466
5.3115504006444
5.3013310860508
5.2911312955972
5.2809404686374
5.2693055956738
5.2576969484624
5.2461288892193
5.2345669741367
5.2239701439553
5.2134080439031
5.2029052351309
5.1924015853262
5.1885009089099
5.1846039438776
5.1807138557838
5.1768368488104
5.1729813670949
5.1691516339531
5.1653503222583
5.161580799488
5.1556386149495
5.1497839341391
5.1440162079015
5.1383413936573
5.1314404126731
5.1246801469885
5.1180582784298
5.1115779864667
5.1030926012089
5.0948543750876
5.0868558375415
5.0791058846606
5.0706282540782
5.0624450586745
5.0545318775161
5.0469344547617
5.0419086325431
5.0370130847147
5.0322413109308
5.0276091857518
5.0231270201265
5.0187764729523
5.0145541300658
5.010465788201
5.0055712707643
5.0008747236024
4.996368863475
4.9920635909853
4.9874195328348
4.9830127353534
4.9788223835857
4.9748872688772
4.9715757337154
4.9684345794946
4.9654326231656
4.9626381288291
4.9605575731416
4.9585832477169
4.9567029970597
4.9549479134643
4.9534381135347
4.9520254007432
4.9507056267118
4.9494884897887
4.9482079324461
4.9470584321455
4.946034612523
4.9451448232461
4.9442672324356
4.9435660819774
4.943027646788
4.9426759875014
4.9425455808351
4.9425690036325
4.9427145664541
4.9430500735407
4.9435221840914
4.9440856698493
4.9447172451155
4.9454728037368
4.9462475857967
4.9470918646117
4.9479992805077
4.9489875045531
4.950138637333
4.9513720452371
4.9526834324681
4.9540813665982
4.9559120462669
4.9578598831737
4.9599163708801
4.9620960469906
4.9647060028997
4.9674430361908
4.9702825115394
4.973275555646
4.9761429777538
4.9790875440378
4.9820732644084
4.9851830371846
4.9878415432336
4.9905469736979
4.9932864050069
4.9960954458404
4.998830332631
5.0016141678529
5.0044427797865
5.007327398999
5.0108072566522
5.0143564511536
5.0179695565492
5.0216566725181
5.0262270328292
5.030888064788
5.0356246907774
5.0404668302324
5.045480882154
5.0505591762407
5.0556628542564
5.0608798030072
5.0652952478264
5.0697377433341
5.0741798107292
5.0786906520085
5.0825842729843
5.0865033536355
5.0904417298229
5.0944190409184
5.0987370287411
5.1030914068453
5.1074782546477
5.1119067974039
5.1174739204465
5.1230947355075
5.1287609644397
5.1344887261684
5.1410866958857
5.1477345354695
5.1544041141088
5.1611577901683
5.1659818661993
5.1708234932975
5.175674213839
5.1805581030256
5.1854911969084
5.1904476109867
5.1954234130822
5.2004286361203
5.206649329212
5.2129047801236
5.2191873366243
5.225512608475
5.2328605738248
5.2402380607298
5.2476192606185
5.2550619640631
5.2604845630494
5.2659156893425
5.2713463742132
5.2768016346303
5.2822984755517
5.2878091890116
5.2933292861079
5.2988703769273
5.3056059420113
5.3123613635923
5.3191283741429
5.3259247401349
5.3336635440656
5.3414129529214
5.3491476453673
5.3569253131583
5.3641077473655
5.371274797608
5.3783850876551
5.3855378015895
5.3914272768172
5.3973038669216
5.4031515707524
5.4090163305106
5.4145046741813
5.4199925378294
5.425475425495
5.4309677593766
5.4373872797214
5.4438115744865
5.4502354708799
5.4566711262959
5.4645188662908
5.4723678174945
5.4802034495552
5.4880584428252
5.4961494977735
5.5042175440722
5.5122212755497
5.5202583243204
5.5269910190972
5.5336915955683
5.5403273010573
5.546982282192
5.5525941443543
5.5581918295608
5.563768120964
5.5693477110975
5.57524353565
5.5811342389856
5.5870159748978
5.5928997596187
5.6001986737875
5.6074911187851
5.6147693328871
5.6220510297598
5.630440896286
5.6388074012741
5.647122771015
5.6554522340724
5.6614400648548
5.6674104353852
5.6733541401644
5.6792983520488
5.6852615433744
5.6912146216294
5.6971532477257
5.7030898179876
5.7103148169042
5.7175264670154
5.7247165710831
5.7319043231522
5.7400792050663
5.7482236769437
5.7563110830122
5.7644044997871
5.7718335856574
5.7792132954118
5.7864989764722
5.7937994088586
5.7997652492098
5.8056972611533
5.8115786886522
5.8174589404673
5.8229389367816
5.8284023627604
5.8338447847066
5.8392814435985
5.8456376252696
5.8519782096529
5.8582981007895
5.8646102834845
5.872303354981
5.8799690047977
5.8875923729078
5.8952085483032
5.9030292150011
5.910797596455
5.9184702636008
5.9261516298834
5.9325632235911
5.9389233434842
5.9451977885355
5.951475538903
5.9567587599307
5.9620157325513
5.9672391498993
5.9724548615864
5.9779649460177
5.9834577211336
5.9889293576647
5.9943914998499
6.0011607062029
6.0079058715249
6.0146191486994
6.0213194748529
6.0290158145059
6.0366666918264
6.0442433833265
6.05181485617
6.0572475585838
6.0626522179167
6.0680194284545
6.0733776455591
6.0787462459187
6.0840951590399
6.0894200511446
6.0947339028872
6.1011962743902
6.1076321277195
6.1140332112251
6.1204196919617
6.1276739311975
6.1348817021145
6.1420157022605
6.1491417070386
6.1556801826173
6.1621564064035
6.1685245380946
6.1748971234258
6.1801104101191
6.1852820982307
6.1903950728799
6.1955003303564
6.2002604685559
6.2049981386028
6.2097088528926
6.214408440477
6.2198977673291
6.2253641852729
6.2308025483586
6.2362264723988
6.2428224603498
6.2493809990808
6.2558869352327
6.2623768786096
6.2690314997208
6.2756240484716
6.2821103554843
6.2885974499938
6.2940245104602
6.299393978318
6.3046713473977
6.3099469649554
6.314402556674
6.3188280688856
6.3232160932517
6.3275930818642
6.3322209739001
6.3368277298005
6.3414094521596
6.3459782624079
6.35162757941
6.3572475732864
6.3628302251683
6.3683953805711
6.3747674333488
6.3810877723124
6.3873271262268
6.393556468533
6.3980388793127
6.4024903020375
6.4069011772307
6.4113007292711
6.415708880464
6.4200949063222
6.4244544399283
6.4288008357003
6.4340818555524
6.4393332746844
6.4445467803237
6.4497430855216
6.4556444026874
6.4614957636211
6.4672695862873
6.4730328459597
6.4783343196072
6.4835708914139
6.4886962727666
6.4938245065432
6.4980371944097
6.50220674679
6.5063158215243
6.5104162636316
6.5142455966779
6.5180514604927
6.5218292995368
6.5255953232764
6.5299902854418
6.5343613639564
6.5387033557843
6.5430302520075
6.5482854979364
6.5535022777637
6.5586652720743
6.5638118543135
6.5690942213498
6.5743138506935
6.5794263483371
6.5845396497833
6.5888390496757
6.5930806312945
6.5972297964291
6.6013773707258
6.6048970246278
6.6083865380018
6.6118384086476
6.6152794568974
6.6189206284022
6.6225407885707
6.6261359780471
6.6297186093427
6.6341420353816
6.6385366346685
6.6428942706114
6.6472352872612
6.6522012181387
6.6571164416659
6.6619514510995
6.6667780705626
6.6702665786619
6.6737246554271
6.6771426383271
6.680550165009
6.6839674579319
6.687363393233
6.6907335609688
6.6940915468737
6.6981691484492
6.7022185417779
6.7062313542478
6.710228608763
6.7147712295683
6.7192659300073
6.7236850169929
6.7280959426471
6.7321721076445
6.7361852227697
6.7400889337379
6.7439976128169
6.7472299082305
6.7504203046074
6.7535513518552
6.7566752452855
6.7596012449919
6.7625049155278
6.7653816420024
6.7682478599065
6.7715917304934
6.7749134456853
6.7782077500956
6.7814888552845
6.7854723291544
6.7894200860206
6.7933167061888
6.7971999407019
6.801196875737
6.8051341707576
6.8089674441414
6.8128047347403
6.8160560518255
6.8192517878863
6.8223574011587
6.8254636606912
6.8281170272463
6.8307417780161
6.8333303478545
6.8359097354072
6.8386432791048
6.841357551503
6.8440485426825
6.8467288362686
6.8500361098119
6.8533173434464
6.8565643168317
6.8597976498536
6.8634993503565
6.8671541479683
6.8707324484149
6.8743063749041
6.8769045576994
6.8794742400646
6.8820056995619
6.884528771623
6.8870638253366
6.8895795216872
6.8920714173802
6.8945532224923
6.8975674221321
6.9005564710462
6.903511956905
6.9064550493608
6.9098064453094
6.913113957448
6.9163498756364
6.9195817497735
6.9225899200356
6.9255384908734
6.9283811876076
6.9312322389333
6.9336129309559
6.9359539519675
6.9382378092767
6.9405167990476
6.9426610465179
6.9447848648405
6.9468835984713
6.9489737997303
6.9514138391362
6.9538343653096
6.9562300862613
6.9586153258619
6.9615134698865
6.9643798616521
6.9671990343282
6.9700088805504
6.9729161669196
6.9757680751921
6.9785203374076
6.9812807424461
6.9836463730901
6.9859594050152
6.9881854054754
6.9904148773564
6.9923370930924
6.994232702218
6.9960941026134
6.9979483587981
6.9999183715862
7.0018713291312
7.0038031882257
7.0057266177333
7.0081012367809
7.010453225033
7.0127743121447
7.0150852461498
7.0177385579378
7.0203494698195
7.022888384698
7.0254274323149
7.0272879284421
7.02912220847
7.0309205230571
7.0327127716145
7.0345193736758
7.0363089023364
7.0380768937275
7.0398371103973
7.0419776997612
7.04409652634
7.0461851559548
7.0482648088073
7.0506422419603
7.0529801791955
7.0552509404475
7.0575219916162
7.0596596822483
7.0617414926778
7.0637212939429
7.0657129561469
7.0674007178962
7.0690512074807
7.0706469369737
7.0722401495048
7.0737497563728
7.0752409412879
7.0767090262597
7.0781706044649
7.0798800115654
7.0815726260405
7.0832431350436
7.0849059039666
7.0869311567587
7.0889286633652
7.0908829415675
7.09283190169
7.0948663476019
7.0968496602235
7.0987377125541
7.1006379304487
7.1022952362245
7.1039029015918
7.1054266273077
7.1069565594533
7.1082944879481
7.1096078040405
7.1108888931547
7.1121648058389
7.1135262235636
7.1148727527345
7.1162003319846
7.1175216578882
7.1191562278214
7.1207714454209
7.1223590153626
7.1239397247323
7.1257652559622
7.1275526599693
7.1292723758941
7.1309964100017
7.1322746442954
7.1335288400882
7.1347492454354
7.1359657425897
7.1371987417916
7.1384168154681
7.139615492174
7.140808536964
7.1422636700407
7.143700184368
7.1451096422552
7.1465132480117
7.1481292411661
7.1497097726424
7.1512272166492
7.1527488698728
7.1542075826033
7.1556138140848
7.1569215832836
7.1582443721343
7.1593922370508
7.1605050270318
7.1615652824256
7.162625127095
7.1636410006268
7.164640281977
7.1656182864741
7.1665915978646
7.1677343386398
7.1688627357955
7.1699714703711
7.1710749003354
7.1724256415278
7.1737522101263
7.1750391350045
7.1763242625329
7.1776863533053
7.1790010669624
7.1802244177436
7.1814634501623
7.18257592296
7.1836413627959
7.184625594319
7.1856184188062
7.1865072016519
7.1873731363122
7.1882086123943
7.1890406236901
7.1899350981482
7.1908165884101
7.191681027763
7.1925411020038
7.1936097376995
7.1946618774438
7.1956892220114
7.1967125366394
7.1979073750426
7.1990677835358
7.2001642621755
7.2012686232084
7.2021035762083
7.2029163824086
7.2036973029856
7.2044761556658
7.2052733067141
7.2060573814418
7.206823909838
7.2075866302633
7.208522282485
7.2094420016737
7.2103373584684
7.2112295056273
7.2122699559955
7.2132783775892
7.2142272123215
7.2151835480295
7.2161301105002
7.217027081269
7.2178286259004
7.2186478337002
7.2193890316987
7.2200970259564
7.2207543990034
7.221413120611
7.222057670033
7.2226871772592
7.2232969607475
7.2239035668501
7.2246211119882
7.22532637057
7.2260140268157
7.2266984049818
7.2275443812853
7.2283691731169
7.229157336354
7.2299466113958
7.2308068354729
7.2316228148042
7.2323507019816
7.2330971637528
7.2338036486466
7.2344652734492
7.2350479787946
7.2356412384033
7.2361957263758
7.2367288368935
7.2372329735494
7.2377350513034
7.2382825830111
7.2388187082821
7.2393393629496
7.239857201384
7.240506378912
7.2411414142582
7.2417540170069
7.2423648987134
7.2430935796778
7.2437908708852
7.2444273477063
7.2450745938348
7.2455824017145
7.2460696221597
7.2465265379314
7.2469828790853
7.2474589511838
7.247923459753
7.2483719412686
7.2488180935451
7.24937186662
7.2499118926835
7.2504297574295
7.2509465459594
7.2515648681357
7.2521539539706
7.252686320891
7.2532288306647
7.2538005652221
7.2543250650608
7.2547566418713
7.2552079935695
7.2556520981829
7.2560645259574
7.2564279081333
7.2567940462098
7.2571677832378
7.2575277336758
7.257869224141
7.2582087511974
7.2586168054035
7.2590142284528
7.2593957128215
7.2597755375347
7.2602549405296
7.2607155586227
7.2611419832055
7.2615718308636
7.2620684572897
7.262523358351
7.2628928234548
7.2632831482806
7.2636961048115
7.2640659518823
7.2643587406593
7.2646636322907
7.2649768343038
7.265269839639
7.2655350703082
7.26579935458
7.2660969165022
7.2663843297517
7.2666575367381
7.2669291519292
7.2672767612769
7.2676120979236
7.2679268868651
7.2682417728415
7.2686361472369
7.2690015480554
7.2693086326215
7.2696287449463
7.2699024342324
7.2701567776082
7.2703820830086
7.2706079849329
7.2708547226942
7.2710910924547
7.2713126395229
7.2715330166917
7.2718145897502
7.272084136883
7.2723332620063
7.2725829781431
7.2729011127534
7.2731922124092
7.2734288728357
7.2736777282334
7.2739835543195
7.2742440141993
7.2744135630792
7.274604517343
7.2748383273399
7.275041670402
7.2751972281123
7.2753566329103
7.2755390645728
7.2757086954057
7.2758608622759
7.2760120086994
7.2762018797723
7.2763824114733
7.2765483068666
7.2767137968119
7.276935377488
7.2771400441635
7.2773124271451
7.2774900161257
7.2777315769077
7.2779333858959
7.2780518662594
7.2781929554385
7.2784005194702
7.2785663504669
7.2786566046269
7.2787601473826
7.2789048914873
7.2790303612217
7.2791289981632
7.2792275446119
7.279350949787
7.2794651805374
7.2795661874887
7.2796665437504
7.2798045269996
7.2799316813193
7.2800397498328
7.2801493081612
7.2803119259246
7.2804474407949
7.280526592997
7.2806204910108
7.2807323279737
7.280825781731
7.280891185931
7.2809580807659
7.2810466403375
7.2811257516459
7.2811909694987
7.2812559025157
7.2813501785963
7.2814337485297
7.2814982352855
7.2815645820789
7.2816767327018
7.2817635410806
7.2817976800854
7.281845565405
7.2819694694773
7.282049455777
7.2820401173467
7.2820534075713
7.2821437537162
7.2822045697858
7.2822185861371
7.2822372739709
7.2822895331165
7.2823297460885
7.2823532603557
7.2823764682962
7.2824182452003
7.282451665558
7.2824714436478
7.2824917640024
7.2825388391345
7.2825704235537
7.2825711865369
7.2825784964426
7.282647974743
7.2826792133095
7.2826287627789
7.2826022235655
7.282671671107
7.282700445788
7.2826548018022
7.2826233303224
7.282655138145
7.2826683757104
7.2826555035059
7.282643183403
7.2826501506731
7.2826486799863
7.2826347304961
7.2826208361304
7.2826190717915
7.282607566836
7.2825780829473
7.2825511300659
7.2825597763713
7.2825427354196
7.2824708271384
7.2824149386961
7.2824196517086
7.2824067112235
7.2823664753862
7.2823283964311
7.2823125878626
7.2822880220548
7.2822502630546
7.2822128788317
7.2821839657784
7.2821453350016
7.2820886279409
7.2820347237468
7.2820118984753
7.2819650036462
7.2818667851216
7.2817834562384
7.2817384685625
7.2816912174061
7.2816688078625
7.28161118999
7.281478191668
7.2813134238729
7.281115686747
7.2808818360539
7.280402141468
7.2798207198235
7.2791419903636
7.2783576728358
7.2771745047551
7.2758286611971
7.2743313184809
7.2726647173276
7.2705254362891
7.268210160969
7.2657604206507
7.2630883217241
7.2611851337777
7.2592173539118
7.2571936491912
7.2550882434971
7.2528845950246
7.2506089933576
7.2482650679097
7.2458444358763
7.2426036897371
7.239246342858
7.2357807830124
7.2321928513577
7.2277835211036
7.2232371187221
7.2185851239775
7.2137610999228
7.2103199925768
7.2068237653669
7.2032814571911
7.1996681766848
7.1959674001933
7.1922062845069
7.188389159351
7.1845058852756
7.1795958518714
7.1745958437438
7.169514748962
7.1643357960963
7.1583011857677
7.1521698174755
7.1459697306162
7.13964011513
7.1337781293063
7.127865701185
7.1219459501613
7.1159174352124
7.110947436208
7.1059478263404
7.1009332444766
7.095861571104
7.0910430749417
7.0861886069652
7.0813023216426
7.0763717064453
7.0704846983726
7.0645439815932
7.0585549792862
7.0525064340229
7.0450971763046
7.0376179845358
7.0300842524175
7.0224635373113
7.0146907866858
7.0068719322531
6.9990449501608
6.9911222474808
6.9844591736911
6.9777778488981
6.9711040378136
6.964371632527
6.9585461973794
6.9527003419347
6.9468400873354
6.9409459454072
6.9345647710538
6.9281525895911
6.9217133947231
6.9152372554962
6.9072449837085
6.8992077016105
6.8911339211694
6.8830057478318
6.8739132799491
6.8647810066646
6.8556345721517
6.8464157395357
6.8381135592476
6.8297995893232
6.8215079198736
6.8131562897746
6.8062420870409
6.7993196210519
6.7924000363319
6.7854502982355
6.7787210327514
6.7719751695092
6.7652164755031
6.7584336299719
6.7503702192893
6.7422804582107
6.7341695953679
6.7260259322208
6.7163261991306
6.7065967416718
6.6968525394273
6.687060153253
6.6773806494329
6.6676917465494
6.6580263055097
6.6483068629613
6.6401845629411
6.6320637815021
6.6239641702154
6.6158337202158
6.6086592930801
6.6014787482519
6.5942970636568
6.5870980618683
6.5791950559221
6.5712784204719
6.563351956996
6.5554060212749
6.5457325693549
6.5360404779422
6.5263382017318
6.5166069340245
6.5060363203742
6.4954573016307
6.484894023523
6.4742902235988
6.4649150594669
6.4555479889406
6.4462167696337
6.4368529888943
6.4290257594324
6.4212017668426
6.4133896356743
6.4055630659911
6.3978138804795
6.3900598747679
6.3823044476229
6.3745374662705
6.3652858731602
6.3560249341547
6.3467597703684
6.3374785422609
6.3266422564981
6.3158000195568
6.3049666349226
6.2941079951477
6.2836365955374
6.2731757978697
6.2627548729386
6.2523037882501
6.2436110852422
6.2349303247073
6.2262769504595
6.2176088610431
6.2098176398067
6.2020287521976
6.194246315899
6.1864568412288
6.177771326914
6.169083295175
6.1603963176236
6.1517012531637
6.1411926619879
6.1306819644829
6.1201775580603
6.1096601652008
6.0984937839032
6.0873373011062
6.0762138389763
6.0650686841602
6.0553746033264
6.045699260364
6.0360659928803
6.0264162065472
6.0182912394207
6.0101759036502
6.0020769847373
5.9939731480916
5.9857828579483
5.9775951665618
5.9694130913336
5.961227670965
5.9514239113221
5.9416218301194
5.9318263674037
5.9220258608084
5.910742963424
5.8994688321067
5.8882181376757
5.8769564397422
5.8663233517605
5.855712162266
5.8451495468989
5.8345709932438
5.8258245823175
5.8170956047945
5.8083965074419
5.7996923465795
5.7917481823957
5.78381136013
5.7758852790923
5.7679586480672
5.7589798053811
5.7500056530458
5.7410394905086
5.7320728289127
5.7212668647994
5.7104694475174
5.6996888553151
5.6889057165314
5.6776656728862
5.666446529704
5.6552706573025
5.644084604268
5.6345063250802
5.6249524213809
5.6154429973666
5.605926725192
5.5978788142191
5.5898439539584
5.5818275453326
5.5738120250883
5.5655596020064
5.5573143984933
5.5490790599149
5.540845728087
5.5309093479751
5.5209818315086
5.5110678836059
5.5011562487896
5.4898575403356
5.4785768607543
5.4673287311115
5.4560786559628
5.4456535299808
5.4352566500438
5.424912712571
5.4145615107376
5.4060649021036
5.397588378202
5.3891421564539
5.3806966868331
5.3728914621025
5.3650964101346
5.3573143356761
5.3495357491361
5.3405878542869
5.3316492444715
5.3227229285409
5.3138011341495
5.3030486139524
5.2923114905329
5.2815978555738
5.2708885342174
5.2598931417448
5.2489252269393
5.2380065395936
5.2270847809252
5.2178729661825
5.2086882372901
5.1995482120432
5.1904072147547
5.1826594604235
5.1749263546888
5.1672122379613
5.1595024733874
5.1514319037736
5.1433713031985
5.1353229754632
5.1272800561637
5.1174900564021
5.1077134956558
5.0979548071649
5.088203287208
5.0771640064669
5.0661484811314
5.0551710213138
5.0441973623073
5.0341960795151
5.0242263590662
5.0143112773413
5.0043942338901
4.9963180202038
4.9882628406871
4.9802372061887
4.9722157608917
4.9690191849596
4.9658246163678
4.9626318709092
4.9594407545187
4.9575844782626
4.9557286973997
4.9538733971656
4.9520185643083
4.9501640908633
4.9483099891047
4.9464568746344
4.944605959536
4.9428986157331
4.9411950878037
4.939496016977
4.9378019790875
4.9322510503329
4.9267689248504
4.9213562554231
4.9160284654579
4.9106306196635
4.9053235081911
4.9001065746432
4.894982607616
4.8879374152021
4.8810727978439
4.87438522411
4.8678782621884
4.859725845659
4.8518626861016
4.8442766268179
4.8369849118607
4.8299132073206
4.8231106233379
4.8165458315255
4.8102822584794
4.8054764777074
4.8008294171389
4.7963196269738
4.7919971483171
4.788553568511
4.7852226897646
4.7819996358056
4.7788974797764
4.775704071445
4.7726433750774
4.7697117059674
4.7669149157964
4.7636383656572
4.7605589937686
4.7576686818893
4.7549787374371
4.7522344981984
4.7497143298304
4.7473955385912
4.7453214947434
4.7437229955229
4.7422777839536
4.7409555970718
4.7398234325149
4.7390780435618
4.7384298673815
4.7378682748657
4.7374209379268
4.737116903607
4.7369060018307
4.7367842246934
4.7367605774393
4.7368677542544
4.7371033880703
4.7374617813661
4.7379516703567
4.7387217912695
4.7396607955883
4.7407535559335
4.7420272845694
4.7435008113945
4.745112652108
4.7468294197999
4.7487234684714
4.7504649372851
4.7522863397664
4.7541661483182
4.7561570539277
4.7579959356751
4.7598983361374
4.7618585958112
4.7638925787522
4.7661947537671
4.7685752685333
4.7710298138977
4.7735667381379
4.7767984760758
4.7801420057115
4.7835881786601
4.7871528276943
4.7912542167848
4.7954706749623
4.7997751743528
4.804224762619
4.8083134623025
4.8124664323862
4.8166476941308
4.8209410315826
4.8245396280263
4.828178289203
4.8318456127597
4.8355740137905
4.8392330326801
4.8429366389094
4.8466809256197
4.8504762734084
4.855094311838
4.8597771209773
4.8645190971884
4.869330580784
4.8752402222844
4.8812321839824
4.8872899005996
4.8934468376918
4.8996603518278
4.9059250861604
4.9121995556371
4.9185783919244
4.9238639892564
4.9291686038917
4.9344665533324
4.9398239024997
4.9444601929387
4.94911778316
4.9537912762175
4.958498346301
4.9636994988334
4.9689331545427
4.9741954339944
4.9794952842716
4.9861850946902
4.992922632522
4.9996990596728
5.0065317440774
5.014288680712
5.0220845800628
5.0298885005098
5.0377698084739
5.0432559239495
5.0487535532158
5.0542546184934
5.0597831622076
5.0653549756242
5.070945154402
5.0765502383591
5.0821793681813
5.0892890699065
5.0964275764135
5.1035877703174
5.1107840842001
5.1192572526013
5.1277526713411
5.1362438221163
5.1447902654793
5.1508588644734
5.15693152924
5.1629995815608
5.1690876384435
5.1752123160094
5.1813467902038
5.1874868738835
5.1936435594969
5.2011996128025
5.2087700985079
5.216346966761
5.223947532595
5.2326412194639
5.2413381881875
5.2500122016455
5.2587232692654
5.2667064332197
5.2746663385947
5.2825589483378
5.2904899902122
5.2969348923813
5.3033621994727
5.3097559000887
5.3161627249679
5.3221311720589
5.3280960255261
5.3340531225652
5.3400162930688
5.3470393057946
5.3540631690023
5.36108295476
5.3681103102303
5.3767471951876
5.3853795766719
5.3939929653148
5.4026200412797
5.4115075321568
5.4203646904433
5.4291481553882
5.4379606334876
5.445270768436
5.4525431177398
5.4597435066747
5.4669599518149
5.4729875133712
5.4789979964532
5.4849844678303
5.4909713989601
5.4973054220015
5.503631611704
5.5099463426655
5.5162602019189
5.5241508072449
5.5320308518242
5.5398928158666
5.5477539182002
5.5568603600788
5.5659376112057
5.5749574628817
5.5839863395463
5.5904001145995
5.5967937279997
5.6031581197919
5.6095202952705
5.6158985501894
5.6222642242519
5.6286131357213
5.634957367003
5.64271592558
5.6504574365644
5.6581738288631
5.6658840654096
5.6746743460049
5.6834290823132
5.6921211763252
5.7008148951573
5.7087663294814
5.7166634201354
5.7244601164748
5.732268663757
5.7386083760807
5.7449114672833
5.7511611473912
5.7574073069388
5.7632142269296
5.7690027270948
5.7747685373507
5.7805266173741
5.7872823119701
5.7940198979042
5.8007344043654
5.8074385681454
5.8156399370024
5.8238100032744
5.8319339427752
5.8400468487711
5.8483780252683
5.8566522124165
5.8648249811412
5.8730032588034
5.8797970977233
5.8865360734646
5.8931852610493
5.8998356133195
5.905406007702
5.9109483992984
5.9164556086738
5.9219534126375
5.927763579656
5.9335547342466
5.9393231540809
5.9450802829989
5.9522389978264
5.9593709873875
5.9664685269214
5.9735503205717
5.9817045751892
5.9898095470757
5.9978363123955
6.0058544297609
6.0115757795969
6.0172673707122
6.0229198612852
6.0285616464722
6.0342120345689
6.0398411388377
6.0454446968185
6.0510355556517
6.0578486717286
6.0646328432739
6.071379874279
6.0781098497094
6.0857607372702
6.0933618529916
6.1008856819011
6.1083985987659
6.1152787560639
6.1220936572451
6.1287968239957
6.1355024055723
6.1409706260153
6.1463955339303
6.1517599971504
6.1571152444806
6.1621025307043
6.1670661369733
6.1720016481763
6.1769247759242
6.1826835941012
6.1884178445074
6.1941224360943
6.1998108867908
6.2067386812911
6.2136264885942
6.2204591612171
6.2272733571113
6.23425817538
6.2411780065684
6.247988216425
6.254797023191
6.26047888948
6.2661011347634
6.2716289358188
6.2771535227846
6.2818086321691
6.2864325321041
6.291017870228
6.295591073468
6.3004269307767
6.3052405051042
6.3100279455492
6.3148012931883
6.320711463808
6.3265905227613
6.3324305006625
6.3382511641542
6.344920896145
6.3515364497263
6.3580684386142
6.3645881821673
6.3692667646159
6.3739132203777
6.3785180151401
6.3831103675494
6.3877101830338
6.3922868046191
6.396835898145
6.4013707642219
6.4068854105176
6.4123688551004
6.4178128102687
6.4232379632701
6.4294006128449
6.4355111703829
6.4415419457845
6.4475602301985
6.453089459887
6.4585518922806
6.463900917259
6.4692513943313
6.473638267796
6.4779808861615
6.4822618871106
6.4865332634528
6.4905190444721
6.4944805291841
6.4984131941061
6.5023332055641
6.5069103843567
6.5114625633393
6.515984564281
6.5204903416092
6.5259658603373
6.5314012375509
6.5367811522333
6.5421430221148
6.5476440200558
6.5530804137843
6.5584075741064
6.563734046931
6.5682053589544
6.572617555252
6.5769358703245
6.5812515975329
6.5849086325271
6.5885347598578
6.5921224987901
6.5956986775959
6.5994823997687
6.6032443214435
6.6069805038809
6.6107033304937
6.6153021939402
6.6198710233996
6.6244017033173
6.6289145537169
6.6340778636138
6.6391888429885
6.6442179194054
6.6492371182932
6.652859206487
6.6564500864316
6.6600001024242
6.6635389081539
6.6670867315286
6.6706124620109
6.674111703023
6.6775980251287
6.681832562636
6.6860378085122
6.6902053983076
6.6943563584267
6.699073107363
6.7037405161596
6.708330828915
6.7129116845899
6.7171405673319
6.7213051624285
6.7253589468712
6.729416727508
6.7327675786636
6.7360757770982
6.7393238549826
6.7425641045904
6.7455971619869
6.7486073128724
6.7515899549729
6.7545615146928
6.758028711146
6.7614729828642
6.7648890837708
6.768291218886
6.772421988435
6.7765159049625
6.7805575406391
6.7845846927388
6.7887274104733
6.7928092509195
6.796785703591
6.8007651463952
6.8041323000563
6.8074430137001
6.8106626538646
6.8138822487616
6.8166292990123
6.8193472015949
6.8220283976621
6.8246999047983
6.8275304370656
6.8303411448512
6.8331280260457
6.8359036593285
6.8393289159999
6.8427272989398
6.846090593783
6.8494394240716
6.8532725966171
6.8570577644822
6.8607652880272
6.8644674275957
6.86715587759
6.869815285262
6.8724359266743
6.8750476623889
6.877670876283
6.8802742187422
6.8828532510358
6.8854216845258
6.8885410392742
6.8916344951362
6.8946936403721
6.8977396591273
6.9012071605882
6.9046298078511
6.9079798487945
6.9113249579233
6.9144352453067
6.9174850933656
6.9204281261241
6.9233788356872
6.9258393648531
6.9282597001514
6.9306223318594
6.9329796302196
6.9351961043049
6.937391741257
6.9395618894391
6.9417231065434
6.9442458069419
6.9467484562227
6.9492257647982
6.9516920620893
6.954688240204
6.9576518798873
6.9605675039639
6.9634730480625
6.9664771536719
6.9694250343593
6.9722723414661
6.9751270776558
6.9775699981228
6.9799597296681
6.982261780384
6.9845668203679
6.9865518654645
6.9885099284809
6.9904334066597
6.9923493881448
6.9943842959522
6.9964017574901
6.9983977316512
7.0003848922934
7.0028379130067
7.005267719459
7.0076660408758
7.01005363894
7.0127938089574
7.0154908150293
7.0181150257221
7.0207386722448
7.022659195329
7.0245531194215
7.0264106901144
7.0282618342274
7.0301269890976
7.0319747075184
7.0338005260407
7.0356182153826
7.0378282773538
7.0400160526335
7.0421731040482
7.0443206702696
7.0467745109498
7.0491881797902
7.0515339650575
7.0538794250295
7.0560843276482
7.0582327663945
7.060278544442
7.0623357093329
7.0640761533483
7.0657789566006
7.0674266154603
7.0690714329109
7.0706286974572
7.0721672499761
7.0736824124053
7.0751907889772
7.0769544921983
7.0787010235566
7.0804250693536
7.0821410053412
7.08423032787
7.0862913530248
7.0883085873267
7.0903199808727
7.0924175249114
7.0944633446043
7.0964132561911
7.0983748358682
7.1000825539693
7.1017402182818
7.1033134876668
7.1048926264578
7.1062715917824
7.107625677941
7.1089472669592
7.1102634330277
7.1116671371575
7.113055675434
7.1144249859547
7.1157877740992
7.1174731759927
7.119138814471
7.1207763908133
7.1224067093235
7.1242882845591
7.1261311958936
7.1279058538084
7.1296843466883
7.131001363802
7.1322940702991
7.1335527079936
7.1348071857331
7.1360779315604
7.1373334949902
7.1385694033
7.1397994316965
7.1412991649451
7.1427799108872
7.1442332275303
7.1456803376798
7.1473452010282
7.1489741272684
7.1505394644663
7.1521085836509
7.1536101939104
7.1550589105931
7.1564087011206
7.1577731819303
7.1589546363335
7.1601007534612
7.1611940593859
7.1622867285719
7.1633329259799
7.1643623252024
7.1653702399742
7.1663732663253
7.1675504179208
7.1687129585902
7.1698555672671
7.1709926131884
7.1723837765496
7.1737503796658
7.1750769404076
7.1764013406941
7.1778030877426
7.1791570408779
7.1804191700003
7.1816966362305
7.1828407194112
7.183937476398
7.1849526989474
7.1859762805813
7.1868907452008
7.1877821719289
7.1886429461293
7.1895000835451
7.1904209320912
7.1913286006207
7.1922190208836
7.1931048881619
7.1942050782531
7.19528848343
7.1963468001042
7.1974008106023
7.1986302604598
7.1998249026132
7.2009552125248
7.2020930710433
7.2029519101283
7.2037884093948
7.2045928237253
7.2053949951094
7.2062153062374
7.20702236014
7.2078116849137
7.2085970290091
7.2095599163743
7.2105066123105
7.2114286828499
7.2123472978079
7.2134174380819
7.2144552153687
7.2154330493167
7.2164180895861
7.2173905901586
7.2183132066887
7.219140063164
7.2199843568436
7.2207457789992
7.2214738107257
7.2221510218508
7.2228294253229
7.2234921521492
7.224139691463
7.2247673596178
7.2253917147499
7.22612978075
7.2268553731259
7.2275631735928
7.2282675171144
7.2291374556621
7.229985938589
7.2307975115648
7.2316099461346
7.2324935312469
7.2333325776447
7.2340832011538
7.2348521642502
7.2355771599555
7.2362570871168
7.2368578591871
7.2374690255725
7.2380384686668
7.2385864002579
7.2391052197412
7.239621861509
7.2401846633536
7.2407359219397
7.2412715712962
7.2418042746466
7.2424716012762
7.2431245846018
7.2437549297616
7.2443833638493
7.2451317974355
7.2458485770067
7.2465042565585
7.2471704780649
7.2476918130519
7.2481924248789
7.2486625904959
7.2491320612905
7.2496211573032
7.2500985639005
7.2505598155894
7.2510186192817
7.2515875913822
7.2521426374218
7.252675338709
7.2532067953003
7.2538415384419
7.2544468123851
7.2549951153474
7.2555533613303
7.2561393034829
7.2566778044197
7.2571231409756
7.2575881009647
7.2580431766282
7.2584664434882
7.2588405216896
7.259217249585
7.2596007564185
7.2599703755526
7.2603214314999
7.2606704313062
7.2610894130074
7.2614976346095
7.2618897861277
7.2622801560519
7.2627721808389
7.2632452336931
7.2636838968713
7.26412581374
7.264634589472
7.2651014344721
7.265482607134
7.2658844831146
7.2663069384146
7.2666861371388
7.2669881076279
7.2673020741652
7.2676228505314
7.2679233367418
7.268195950982
7.2684675382806
7.2687727393569
7.2690676978388
7.269348354367
7.2696273312001
7.2699838980982
7.2703280548243
7.2706515222327
7.2709749585916
7.2713789207502
7.2717537273141
7.272070017174
7.2723991836989
7.2726793136311
7.2729400037348
7.2731715568094
7.2734036256644
7.2736564620378
7.2738988445151
7.2741263165675
7.2743525388441
7.2746411037919
7.2749175212472
7.2751733911721
7.275429739352
7.2757552643683
7.2760535950734
7.2762973107143
7.2765530895327
7.2768651505167
7.2771317013179
7.2773071677429
7.2775039415236
7.2777424395448
7.2779503787175
7.2781104311128
7.2782742603228
7.2784607600923
7.2786343901702
7.2787904855047
7.2789454985994
7.2791398039824
7.2793246832263
7.2794948371496
7.2796645046954
7.2798910483454
7.280100551957
7.2802776378655
7.2804598184398
7.2807059720209
7.2809122329086
7.2810349980719
7.2811802719376
7.2813912699923
7.2815604327526
7.2816538972517
7.2817605816335
7.2819079397655
7.2820359597144
7.2821370797269
7.2822380562567
7.2823639812393
7.2824806690513
7.2825840687137
7.282686759961
7.282827548423
7.2829574166141
7.2830681039765
7.2831801976012
7.2833456163485
7.2834838099205
7.2835655028167
7.2836618450026
7.2837753995088
7.28387050741
7.2839374979453
7.2840059267318
7.2840959783217
7.2841765247769
7.2842431192845
7.2843093770597
7.2844051984319
7.2844902336915
7.2845561023646
7.284623758335
7.2847373215718
7.2848254365493
7.2848607621498
7.2849097509136
7.2850346253554
7.2851154837548
7.2851068944307
7.2851208737663
7.2852117685079
7.2852730706038
7.2852875023845
7.2853065610982
7.2853591403814
7.2853996280712
7.2854233699722
7.2854467659795
7.2854887194335
7.2855222600586
7.2855421001704
7.2855624310396
7.2856094610899
7.2856409184862
7.2856414656932
7.2856484899872
7.2857176348472
7.2857484459873
7.2856974520382
7.2856703092542
7.2857392484619
7.2857674453902
7.2857211382333
7.2856889619538
7.2857201680837
7.285732761753
7.2857192006338
7.2857061583516
7.2857123355222
7.2857100345066
7.2856952130659
7.2856804106283
7.285677485525
7.2856647616962
7.2856339976545
7.2856057128686
7.2856128003081
7.2855941214189
7.2855204828837
7.285462806378
7.2854662132663
7.2854519254172
7.2854102972711
7.2853707938501
7.2853535373037
7.2853274875556
7.2852882072719
7.2852492698467
7.2852164809033
7.2851763466096
7.2851216235358
7.2850631370934
7.284936778731
7.2847390370352
7.28450653728
7.2841395776383
7.2836947503134
7.2831865706004
7.2826184921938
7.2819752795264
7.2811191728282
7.2801673001793
7.2791235695171
7.2779807633353
7.2763035808474
7.2744661352089
7.2724795074127
7.2703262188037
7.2676258337271
7.2647544436159
7.2617576676683
7.2585375476931
7.2563612201891
7.2541278521501
7.2518453318446
7.2494884739432
7.2470412740648
7.2445283417344
7.2419527497325
7.2393070941044
7.2357074418765
7.2319959189622
7.228180330405
7.2242476972562
7.2193671858229
7.214352132981
7.2092347214268
7.2039467334906
7.2002756403083
7.1965535286583
7.1927890274437
7.1889578561101
7.1850439939448
7.1810734696992
7.1770502792484
7.1729649309033
7.1677524030024
7.1624533127649
7.1570762661662
7.1516050481325
7.145207047904
7.1387158875211
7.1321602291199
7.1254776374248
7.1206252579599
7.1157334107349
7.1108109211661
7.1058332011872
7.1007837365405
7.0956894095835
7.0905545137465
7.0853684713728
7.0789587890909
7.0724836269495
7.0659513398204
7.0593451585588
7.0517694011914
7.0441260333058
7.0364400510951
7.0286562020675
7.0214558859859
7.0142230057991
7.0069954012737
6.999683396416
6.9936164905365
6.9875303001251
6.9814388108167
6.9753021979276
6.9694831361005
6.9636379887293
6.9577710141586
6.951869406214
6.9449320309089
6.9379554754384
6.9309450250119
6.9238891500074
6.9153738275189
6.9068094806666
6.898210426642
6.8895456575551
6.8807487861389
6.8719231025643
6.863102454334
6.854208130143
6.8466794399155
6.8391418356407
6.8316188447734
6.8240499671642
6.8174635747393
6.8108640600598
6.8042574447649
6.7976245667739
6.7904913413448
6.7833361304725
6.7761629071938
6.7689615567789
6.7601841345197
6.7513753920066
6.742543492406
6.7336707288898
6.7238239526038
6.7139525357389
6.7040800607815
6.6941524009922
6.6851922334639
6.6762294496378
6.667294937142
6.6583137612607
6.6508263437311
6.6433365684476
6.6358550827342
6.6283505270668
6.6210787766087
6.6137965287004
6.6065075475202
6.5992005286408
6.5905868040637
6.5819554852256
6.5733116804436
6.5646436990851
6.5544052045678
6.5441486872008
6.5338882903149
6.5235919833525
6.5134328291182
6.503273371702
6.4931438279619
6.4829725808337
6.4744329864499
6.4659001390784
6.4573923734989
6.4488610772637
6.4413041150217
6.4337455484608
6.4261902637098
6.4186225031178
6.4103438915215
6.4020573617337
6.3937666307803
6.3854621261362
6.3754190346934
6.3653655207101
6.3553096879664
6.3452332027251
6.3343299428157
6.3234266653953
6.3125460090048
6.3016348901722
6.2919735585157
6.2823253779519
6.2727162210804
6.263082088343
6.2549996493991
6.246924021265
6.2388634724978
6.2307928483794
6.2228012240221
6.2148086785342
6.2068185292432
6.1988208460497
6.1893346195645
6.1798445573086
6.170355589834
6.1608561361686
6.1498073633422
6.1387595112346
6.1277266406379
6.1166760884627
6.1060258698047
6.0953913114249
6.0847999607014
6.0741856779632
6.0653398954033
6.0565091210744
6.0477080211745
6.0388965531913
6.0309671596939
6.0230429217546
6.0151278252011
6.0072088112633
5.9983958536624
5.9895840323127
5.980776782447
5.9719652080823
5.9613439815484
5.9507257080036
5.9401183988305
5.9295034780813
5.9182463792657
5.9070039910809
5.8957982755227
5.8845770614844
5.874812190827
5.8650689580447
5.8553695823479
5.8456581590385
5.8374767028835
5.8293070467479
5.821155712007
5.8130021721675
5.8047679112121
5.7965387052046
5.7883174489
5.7800954774474
5.7702622951963
5.7604342558476
5.7506160651631
5.7407964957061
5.7294984548118
5.7182132709243
5.7069549171133
5.6956904256758
5.6850533428674
5.6744410410622
5.6638790526402
5.6533055043911
5.644565857604
5.6358454499187
5.6271562579733
5.6184646150266
5.6105400440764
5.6026245287775
5.5947213261529
5.5868195521985
5.5778773203419
5.5689420547243
5.5600168887857
5.5510936776212
5.5403386832571
5.5295953151079
5.5188714311722
5.5081485252941
5.4969621289269
5.485799388277
5.4746817373524
5.4635578359311
5.4540360274523
5.4445402592623
5.4350899743881
5.425635496487
5.4176543284034
5.409687482618
5.4017401596796
5.3937953819241
5.385628411292
5.3774701326834
5.3693230540578
5.3611796460853
5.3513482981305
5.3415279100706
5.3317229240235
5.3219226305924
5.3107314401169
5.2995606404745
5.2884240714295
5.2772887478546
5.2669624321257
5.2566659720887
5.2464232903843
5.2361760161753
5.2277811014575
5.2194073018969
5.2110645515223
5.2027240960495
5.1950374493382
5.1873619479626
5.1797002613694
5.1720432622741
5.1632391140113
5.1544455754522
5.1456654781229
5.1368914377811
5.1262954952851
5.1157167129363
5.105162732597
5.0946153656701
5.083760567264
5.0729347243223
5.0621587828008
5.0513822993059
5.0422999293372
5.0332455599639
5.0242364318833
5.0152278755501
5.0076196802007
5.0000268262428
4.9924535044425
4.9848855002568
4.9769820221232
4.9690893099199
4.9612095316708
4.9533361459495
4.9514668474772
4.9495979593184
4.9477301036222
4.9458645115166
4.9440026431453
4.9421454110335
4.9402936201652
4.93844799359
4.9329184331522
4.9274585725938
4.9220690560857
4.9167641494932
4.9113049595277
4.9059390318265
4.9006657154425
4.8954877967411
4.888387501038
4.881471443141
4.8747359653475
4.8681847157493
4.8600124418506
4.8521325169
4.8445322315389
4.8372299321071
4.8302210990825
4.8234782467912
4.8169693921807
4.8107597008866
4.8060206168571
4.8014371495045
4.7969886531938
4.7927236643666
4.7893061064275
4.7860006697981
4.7828027014069
4.7797246416838
4.7765264735803
4.7734626080211
4.7705293141903
4.7677324013052
4.7644545433475
4.7613763362234
4.758489375322
4.7558054577315
4.7530894977743
4.7505968289878
4.7483040333175
4.7462562330346
4.7446925446958
4.7432793911307
4.7419868428156
4.7408814339706
4.7401545748855
4.7395239023278
4.7389792978948
4.7385472778603
4.7382537103327
4.7380537885447
4.7379435470594
4.7379317574362
4.7380541796626
4.7383067371773
4.7386835937217
4.7391936590825
4.7399878526238
4.740951632312
4.7420692968819
4.7433693381152
4.7448589556555
4.7464847583579
4.7482129171146
4.750117012319
4.7518595108225
4.7536805914313
4.7555595092535
4.757547389811
4.7593913304517
4.7612987496659
4.7632642011745
4.7653029188061
4.7676277086258
4.770031758132
4.772510710933
4.775072892554
4.7783390421609
4.7817181051469
4.785200607221
4.7888030244396
4.792921171564
4.7971533326
4.801471601373
4.8059351708528
4.8100084094417
4.81414433317
4.8183074507393
4.8225807197727
4.8261658712678
4.8297908564935
4.8334448606692
4.8371589050921
4.8408335015273
4.8445530817359
4.8483137799757
4.8521257291139
4.856785492532
4.8615108792526
4.8662961420438
4.8711518370399
4.8770968532749
4.8831242079478
4.8892166337763
4.8954092219651
4.9016073265671
4.9078549988572
4.9141101513126
4.9204690043187
4.9257187151867
4.9309870385437
4.9362493414872
4.9415695197595
4.94619990436
4.9508518272739
4.9555201258874
4.9602217316865
4.9654601306482
4.9707315109209
4.976031945053
4.9813703658168
4.9881129593009
4.9949036666489
5.0017332992547
5.0086199643836
5.016384025176
5.0241859039493
5.0319935185545
5.0398790163172
5.0453358752873
5.0508035785909
5.0562741639125
5.061771707609
5.0673119519172
5.0728702641958
5.0784433251159
5.084039998853
5.0911492972194
5.0982874154139
5.10544740626
5.1126432905226
5.1211621816502
5.1297035706168
5.1382407904413
5.1468337154154
5.1528946698437
5.1589595758974
5.1650198294714
5.171099911985
5.1772163209945
5.1833424669735
5.1894742301368
5.1956224444021
5.2031891181659
5.2107702226569
5.2183577435544
5.2259688935461
5.2346861851903
5.2434065757282
5.2521035547552
5.2608377742344
5.267203611482
5.2735649763722
5.2799127567279
5.2862729499309
5.2926632411403
5.2990552055878
5.3054443786921
5.3118427902184
5.3195995711818
5.3273592418113
5.3351136023678
5.342880939091
5.3517088884663
5.3605266870807
5.3693088568003
5.3781143785872
5.3862279497772
5.3943092026325
5.4023159249693
5.4103499833617
5.416943400057
5.4235131252298
5.4300427601915
5.4365797465289
5.4426754241727
5.4487619767362
5.4548348834162
5.4609090289863
5.4679895197034
5.4750637400546
5.4821265564799
5.4891904780414
5.4977898897994
5.5063749913388
5.5149312816159
5.5234920742524
5.5323002950736
5.5410698752564
5.5497591512424
5.558467327572
5.5657521649444
5.5729943650234
5.5801605893773
5.5873368396866
5.5933754129633
5.5993928925829
5.6053819376728
5.6113679147247
5.6176769578419
5.6239737767641
5.6302545268005
5.6365305262581
5.644300447949
5.6520535993217
5.6597822457287
5.6675044953717
5.6763901407205
5.6852395101793
5.6940247728649
5.7028119346788
5.7091333990064
5.7154310390538
5.7216955487826
5.7279546085453
5.7342270820198
5.7404834019853
5.7467191875703
5.7529471850118
5.7605074613893
5.7680459490849
5.7755543941243
5.7830525108757
5.7915581008956
5.8000230306171
5.808420527438
5.8168144706792
5.8245121981256
5.8321526178803
5.8396911309387
5.8472368064235
5.8534082133214
5.8595408114278
5.8656177778928
5.8716888767625
5.8773494199214
5.8829892452437
5.8886038567254
5.89420881083
5.9007501199781
5.9072704893505
5.9137647700403
5.9202463069622
5.9281232467675
5.9359653065825
5.943757493209
5.9515356007587
5.9595053222404
5.9674155739962
5.9752229395757
5.9830321965532
5.9895532017634
5.9960182490029
6.0023933188097
6.0087672008152
6.0141407886936
6.0194850281909
6.0247925565006
6.0300894445899
6.035685635209
6.0412611640606
6.0468121474559
6.0523504949075
6.0591979795907
6.0660165823693
6.0727983510398
6.0795627144516
6.0873085594866
6.0950030393514
6.1026172428746
6.1102209232944
6.1156848542689
6.1211178246869
6.1265103593854
6.1318912581438
6.1372801469203
6.1426466540965
6.1479864274275
6.1533126321793
6.1597827673824
6.1662226780914
6.1726240956417
6.1790074272822
6.1862523851321
6.1934464080241
6.2005621455237
6.2076657526337
6.2141841056649
6.2206366917727
6.2269775869409
6.2333197412391
6.2385107901071
6.2436580019788
6.2487441580643
6.2538206228868
6.258553276302
6.2632616598448
6.2679412490117
6.2726080648963
6.278053372697
6.2834735210633
6.2888633415036
6.2942366273217
6.3007635750747
6.3072499942951
6.313680685419
6.320092561496
6.3266641113077
6.3331706397431
6.3395679657683
6.3459633399219
6.3513172918558
6.3566117468844
6.3618121728646
6.3670090931942
6.3714015905401
6.3757627002135
6.3800849605265
6.3843950203597
6.3889504736974
6.3934834413604
6.3979899983474
6.4024824098821
6.4080308635998
6.4135481091809
6.4190260855152
6.4244848601574
6.4307285457095
6.4369182799745
6.4430247306981
6.4491191791068
6.4535098895928
6.4578684838497
6.4621853532119
6.4664899182559
6.4708022487413
6.4750914230326
6.4793530503886
6.4836006118606
6.4887571001916
6.4938826177855
6.4989688228973
6.5040365962889
6.5097885197707
6.5154888989801
6.521110118102
6.5267193608575
6.5318812724569
6.5369771008794
6.5419605791715
6.5469458012174
6.5510453454258
6.5551009918872
6.5590953520742
6.5630804256652
6.5668034416704
6.5705023592053
6.5741725914447
6.5778304694688
6.5820964722607
6.5863378368716
6.5905493344139
6.5947450779097
6.5998367998456
6.6048890757183
6.6098865382301
6.6148667674839
6.6199776597181
6.6250249555875
6.6299642779379
6.6349036134004
6.6390612062786
6.6431604721091
6.6471668468967
6.6511711272088
6.6545731310191
6.6579446175369
6.6612780513299
6.6646003538682
6.6681160335732
6.671610313188
6.6750792083454
6.6785352270511
6.6827990206037
6.6870334850353
6.6912304428656
6.6954103930995
6.7001889392337
6.7049162457816
6.7095627553205
6.7142004872325
6.7175565414448
6.7208818884551
6.7241668330031
6.7274411320953
6.7307250964796
6.7339874790356
6.7372238534645
6.7404478791969
6.7443611481284
6.7482459557546
6.7520939102942
6.7559261260632
6.7602808100508
6.7645873291491
6.7688179706924
6.7730402908586
6.7769456283338
6.7807877691402
6.7845203635668
6.7882578194294
6.7913528490849
6.7944058775703
6.7973994198675
6.8003857745184
6.8031845198131
6.8059608614464
6.8087101635796
6.8114489356408
6.8146431969054
6.8178152556067
6.8209598390772
6.8240912282306
6.8278916787542
6.8316564067277
6.8353699648508
6.8390702106611
6.842880577409
6.846631374885
6.8502782356451
6.8539292041006
6.8570276982423
6.8600706883122
6.8630236436813
6.8659773275017
6.8685039372152
6.8710019676114
6.8734638301001
6.8759165889658
6.8785164574119
6.8810971127175
6.8836545288841
6.8862013448358
6.8893428673439
6.8924584825342
6.8955399456019
6.8986079596709
6.9021204175162
6.9055861998958
6.9089756879795
6.9123610938961
6.91482559424
6.9172617028491
6.9196596762895
6.922049417529
6.9244513461454
6.9268340479687
6.9291930675965
6.9315421595595
6.934394854644
6.937222627303
6.9400170499758
6.9427993477533
6.9459685907577
6.9490942801143
6.9521486925535
6.9551994319538
6.9580434089005
6.9608280931667
6.9635072246036
6.9661950167431
6.9684443237923
6.9706541531772
6.9728069948751
6.9749551909067
6.9769784162077
6.9789813774027
6.9809594050467
6.9829290940372
6.9852285287661
6.9875086976022
6.98976429601
6.9920096891474
6.9947380597861
6.9974350684044
7.0000852282204
7.0027264947729
7.0054623990336
7.0081433696778
7.0107251510643
7.01331551694
7.0155412525355
7.017714711882
7.0198014779928
7.0218920227533
7.0236984099258
7.0254784003812
7.0272243778704
7.0289634410112
7.0308120698764
7.032643880099
7.0344548175577
7.0362575833406
7.0384832959691
7.0406867546366
7.0428596719274
7.0450228453255
7.0475079735076
7.0499512134781
7.0523229527147
7.054695367126
7.0564370733778
7.0581528202011
7.0598328458801
7.0615070862896
7.0631959880146
7.0648680819059
7.0665188966431
7.0681622185227
7.0701611417932
7.0721387075232
7.0740864723223
7.0760256843572
7.0782445611601
7.0804244748012
7.0825377385595
7.0846518401689
7.0866472449749
7.0885872252569
7.0904256618238
7.0922764071083
7.0938504909248
7.0953875944653
7.0968702200658
7.0983506333003
7.099755792316
7.101142777508
7.102506902792
7.1038647836385
7.105453581225
7.107025931568
7.1085765144086
7.1101197159852
7.1120004094061
7.1138538714778
7.1156646086447
7.1174705613695
7.1193599208492
7.1211986972677
7.1229427722274
7.1246995533347
7.1262386720175
7.1277285352755
7.1291348544435
7.1305477503367
7.1317878612717
7.1330036193934
7.1341874025209
7.1353662770715
7.136625519227
7.1378701602865
7.1390961326499
7.1403161488625
7.141826133998
7.1433172074914
7.1447810643608
7.1462385157038
7.1479242635581
7.1495724602547
7.1511535367532
7.152739518545
7.153919042123
7.155074819761
7.156197093406
7.1573157613414
7.1584512455771
7.1595720988826
7.160673845933
7.1617702620684
7.1631085548623
7.1644286653454
7.1657221509891
7.1670102273979
7.1684960222794
7.1699469157723
7.1713352787188
7.1727284142245
7.174070613808
7.1753608008042
7.176553000155
7.1777606787952
7.1788155797127
7.1798357089433
7.1808036032054
7.1817713924314
7.182702009509
7.1836162921079
7.1845095517434
7.1853983808799
7.1864430347787
7.1874736953002
7.1884850397239
7.1894914341692
7.1907251046968
7.1919351155121
7.1931059899863
7.1942755851976
7.1955205979949
7.1967187698803
7.1978261213542
7.1989496789487
7.1999669451744
7.200937549172
7.2018273236919
7.2027260478906
7.2035360967104
7.2043235510926
7.2050807975921
7.205834833963
7.2066472475856
7.2074469557713
7.2082298887916
7.2090087382695
7.2099776759159
7.2109305387105
7.21185902272
7.2127839019152
7.2138673131423
7.2149168377457
7.2159029733347
7.2168975335947
7.217653880057
7.2183883570845
7.2190912237458
7.2197923013872
7.2205119588953
7.2212188158255
7.2219084005617
7.2225944539238
7.2234375112076
7.2242650389048
7.2250686057384
7.2258693661082
7.2268069215152
7.2277129619371
7.2285599296559
7.2294149068935
7.230269597302
7.2310751228159
7.2317856557452
7.2325142656599
7.2331822728586
7.2338173533424
7.2344020898469
7.2349884478656
7.2355659801745
7.2361287047901
7.2366719388007
7.2372122297678
7.237852848715
7.238481496156
7.2390928548079
7.2397012500077
7.2404556544883
7.2411893325765
7.2418868387196
7.2425859121644
7.2433547949848
7.2440799077806
7.2447174097834
7.2453739467864
7.2460062840067
7.2465940876712
7.2471033059324
7.2476233904838
7.2481166307201
7.2485887182028
7.2490320561684
7.2494735566578
7.2499573581621
7.2504299986485
7.2508874129122
7.2513422553799
7.2519141855035
7.2524723415002
7.2530084314041
7.2535431666868
7.2541857379079
7.2547973918631
7.2553487057652
7.2559112531269
7.2563584034334
7.2567852081901
7.257181950491
7.2575783567519
7.2579947299034
7.2583997778998
7.2587890369785
7.2591762031031
7.2596587820237
7.260127960331
7.2605753236582
7.2610219534144
7.2615613271152
7.2620719043429
7.2625262057833
7.2629910797671
7.2634924630065
7.2639469766123
7.2643089409068
7.2646910285147
7.2650791773718
7.2654358866736
7.2657437903298
7.2660546790448
7.2663772559399
7.2666862459633
7.2669769757681
7.2672659390024
7.2676153691552
7.267954434416
7.2682778271198
7.2685998235734
7.2690095784104
7.2694009341888
7.2697584834504
7.2701198349662
7.2705471318853
7.2709331028303
7.2712340459611
7.2715562304749
7.2719130087836
7.2722269522288
7.2724641203855
7.2727136496098
7.2729805128732
7.2732273681358
7.2734466384769
7.2736651455375
7.273914560847
7.2741540321922
7.2743795020018
7.2746035819389
7.2748929347456
7.27517032054
7.2754274645578
7.2756850069801
7.2760145730976
7.276315557779
7.2765586232471
7.2768150959508
7.2770432120854
7.2772521833687
7.2774323194151
7.2776132472212
7.2778152007505
7.2780069829305
7.2781841395555
7.2783603195088
7.2785885712661
7.27880508163
7.279001455541
7.2791986997041
7.2794578135836
7.2796902538409
7.2798686216277
7.280059532642
7.2803128652198
7.2805211325036
7.2806388005561
7.2807781550177
7.2809702844237
7.2811321424378
7.2812464147374
7.2813647192069
7.2815090999937
7.2816408432318
7.2817552865251
7.2818688685341
7.2820152033948
7.282152415246
7.2822752077549
7.282397807305
7.2825677542451
7.2827211002624
7.2828424783649
7.2829693669901
7.2831596295696
7.2833104652916
7.2833783080794
7.2834690643814
7.2836351386343
7.2837597037365
7.2838089252273
7.2838716413438
7.2839822173718
7.2840736720977
7.2841384488558
7.2842032815834
7.2842912377748
7.2843701843971
7.2844360726372
7.2845014715378
7.284596630855
7.2846812066667
7.2847469433158
7.2848144098141
7.284929477439
7.2850177574496
7.2850499968807
7.2850972825851
7.2851757469356
7.2852359899246
7.2852683475521
7.2853023507287
7.2853581670055
7.2854046921719
7.2854374818744
7.2854701400196
7.2855254935018
7.2855703674747
7.2855963865149
7.2856244864775
7.2856936340293
7.2857377276277
7.2857294469146
7.285735186428
7.2858209192073
7.2858629757428
7.28581596153
7.2857917957039
7.2858518900014
7.2858826110402
7.285866693963
7.2858555936907
7.2858802811584
7.2858930521508
7.2858892551829
7.2858852770687
7.2858955572698
7.2858976518284
7.2858862760008
7.2858756092224
7.2858853961555
7.2858799395512
7.2858439122153
7.2858146698523
7.2858471778385
7.2858417039244
7.2857548107722
7.2856920653632
7.2857316727182
7.2857307855485
7.2856556679
7.2855948826647
7.2856021615996
7.2855909913417
7.2855538343994
7.285517343756
7.2854989043638
7.2854721563402
7.2854330596508
7.2853941437736
7.2853597489938
7.2853182705652
7.2852626095379
7.2852030296031
7.2850732102777
7.2848714218973
7.2846360178728
7.2842635519991
7.2838139556635
7.2833015108895
7.2827297615637
7.2820829293429
7.2812283736265
7.280279455849
7.2792400016537
7.2781028237496
7.2764337351244
7.2746060486714
7.2726304941655
7.2704902687045
7.2677902840797
7.2649179397032
7.2619177037294
7.2586944514756
7.2565095882105
7.2542667638152
7.2519739668669
7.2496060757879
7.2471470952943
7.2446217874487
7.2420333094402
7.2393741189439
7.2357681804103
7.232050264439
7.228228288741
7.2242890176505
7.2194168963564
7.2144110951204
7.209303805807
7.2040267309239
7.2003535099502
7.1966292832956
7.1928627072795
7.1890294294827
7.1851133779181
7.181140666477
7.1771153064338
7.1730277643025
7.1678166971164
7.1625191965787
7.1571438646706
7.1516744826015
7.1452793189075
7.1387910863142
7.1322383358127
7.1255588878532
7.1207021592549
7.1158058725488
7.1108788731973
7.1058965563867
7.1008423846937
7.095743300414
7.0906036209292
7.0854127173876
7.0790027049371
7.0725272690589
7.0659947846119
7.0593884290623
7.0518171295373
7.0441783394099
7.0364970028957
7.0287179791418
7.0215201473446
7.0142896810778
7.0070642423793
6.9997545752061
6.9936845368466
6.9875951187314
6.9815002940688
6.9753603117015
6.9695358116121
6.9636851794146
6.9578126945155
6.9519055136221
6.9449653150498
6.9379859356408
6.9309726789522
6.9239139718339
6.9154011454809
6.9068393678688
6.8982429627161
6.889580899264
6.8807885045798
6.8719673056384
6.8631510431628
6.8542612527309
6.8467324677465
6.839194689667
6.8316713711089
6.8241022085688
6.8175114572475
6.8109075423833
6.8042964979877
6.7976591545464
6.7905215210918
6.7833618872058
6.7761842406854
6.7689784354832
6.7602005672275
6.7513914053792
6.7425591301947
6.7336859917316
6.7238434527114
6.7139763152592
6.7041081365295
6.6941848445488
6.6852274866463
6.6762674625211
6.6673355568499
6.6583570769493
6.6508675460147
6.6433756110777
6.6358919078169
6.6283851286719
6.6211087653671
6.6138218887496
6.6065282745562
6.5992165990247
6.5906000782139
6.5819659676525
6.5733193897211
6.564648620913
6.5544121588648
6.5441577086001
6.5338994241999
6.523605245883
6.5134503444978
6.5032951296488
6.4931697528178
6.4830027472187
6.4744637468846
6.4659314444758
6.4574241257509
6.4488933056819
6.4413329659301
6.4337710029461
6.4262123080215
6.4186411249341
6.410358501232
6.4020679570096
6.3937732195027
6.3854646948313
6.3754208212552
6.365366542888
6.3553099795572
6.3452327581787
6.3343332255516
6.3234336930515
6.3125567877631
6.3016494501221
6.2919911168408
6.2823458951579
6.2727395879807
6.2631083581022
6.2550246616605
6.2469477472311
6.2388858725678
6.2308139243763
6.2228183441273
6.2148218378161
6.206827729807
6.1988260792173
6.1893369788116
6.179844050279
6.170352236097
6.1608499276921
6.1498026925249
6.1387564000003
6.1277251250598
6.1166761687292
6.1060300302969
6.0953995370366
6.0848121910596
6.0742019555739
6.065357315697
6.0565276466932
6.0477275775674
6.0389171612879
6.030985098466
6.0230581804611
6.0151403950151
6.0072186887347
5.9984019189214
5.989586288665
5.9807752409749
5.9719598638642
5.9613374896577
5.9507180842624
5.9401096752064
5.9294936474926
5.9182399161191
5.9070009047871
5.8957985725283
5.8845807527724
5.8748190921387
5.8650790345192
5.8553827451013
5.8456744435194
5.8374923555456
5.8293220454303
5.8211700243827
5.813015801831
5.804777980515
5.7965452138883
5.788320401377
5.7800948718524
5.7702586422899
5.760427565958
5.7506063594855
5.7407837704054
5.7294868744804
5.7182028537691
5.7069456987724
5.6956823986939
5.6850493554058
5.6744410764347
5.6638830594248
5.6533135088729
5.6445754435764
5.6358565846355
5.6271688774208
5.618478734592
5.6105519645353
5.6026342427496
5.5947288265885
5.5868248392845
5.5778788412981
5.5689398161867
5.5600109037491
5.551083946176
5.5403274537463
5.5295826041938
5.518857272383
5.5081329115898
5.4969496697379
5.4857900904199
5.4746756106974
5.4635548809262
5.4540365066302
5.4445441395205
5.4350971764595
5.425646045937
5.4176646995976
5.4096976560224
5.4017501061429
5.3938051049066
5.3856347924892
5.3774731743245
5.3693227617004
5.3611760215528
5.3513414115219
5.3415177743128
5.3317095623862
5.3219060425352
5.3107157011399
5.2995457685596
5.2884101052148
5.277275675456
5.2669534368507
5.2566610364676
5.2464223680685
5.236179124221
5.2277861344579
5.2194142288185
5.2110733133967
5.2027347043131
5.1950461688295
5.1873687729059
5.1797051855331
5.1720462874587
5.1632383451734
5.1544410216449
5.1456571538579
5.1368793465974
5.1262815990613
5.1157010302437
5.1051452998234
5.0945961763957
5.0837444098873
5.0729216051848
5.0621487159252
5.0513752784554
5.0422965399232
5.0332457693657
5.0242401655287
5.0152351529031
5.0076271049145
5.0000343799013
4.9924611595706
4.9848932595796
4.9808174518993
4.9767442848803
4.9726735928741
4.968605125207
4.9662352839905
4.9638661514969
4.9614977160736
4.9591299670384
4.9578858836079
4.9566419867295
4.9553982756109
4.9541547495412
4.9536087956629
4.9530628772965
4.9525169943984
4.9519711469278
4.9518217324139
4.9516723199676
4.951522909319
4.9513735028908
