3
3.150705547883
3.3013958207844
3.4520708202548
3.6027305478444
4.3558001618308
5.108488211253
5.8607948897227
6.6127203907534
10.36663700053
14.11105314527
17.845992904532
21.571480297302
25.470780697957
29.359726237222
33.238344455884
37.106662822035
41.770690606847
46.419745532325
51.053875744067
55.673129234079
61.602422570044
67.507204732732
73.387577224154
79.243641129574
86.88045880906
94.475936971022
102.03029980751
109.54377030617
119.78573839595
129.95172344631
140.04229028951
150.0579996048
164.88439817211
179.54676570438
194.0469209637
208.38666282445
223.52880383525
238.4920869276
253.27863004742
267.89052641387
282.3298445436
296.59862812901
310.69889691158
324.63264703776
336.8451835395
348.9298087425
360.8878665226
372.72068680561
382.83486954559
392.85755859417
402.78958439671
412.63176993887
422.40992791624
432.09941645328
441.7010424985
451.21560573039
461.94373537131
472.56118450655
483.06909935295
493.46861438559
504.61007245721
515.62712238796
526.52115896603
537.29356151777
547.41179228735
557.42272336167
567.32749750547
577.12724543871
585.85480131804
594.49906325204
603.06082979279
611.54089190575
619.70347885654
627.79037131333
635.80227455615
643.73988734949
652.22834736952
660.63185620966
668.95126826234
677.18742940326
685.99660918928
694.7105612484
703.33032031853
711.85690999864
720.19240701545
728.43887431832
736.59726794723
744.66853376656
752.05845597626
759.37534792698
766.61993539096
773.79293698406
780.57887442539
787.30075051645
793.95917353875
800.55474603927
807.35621995951
814.09086573244
820.75934392873
827.36230863677
834.38166711888
841.32699821432
848.19908747214
854.99871216901
861.83118076469
868.59049309344
875.27743747023
881.89279377888
888.09510347023
894.23449431731
900.31160881956
906.32708295936
911.96537530842
917.54952222529
923.08004722043
928.55746877281
934.04388951559
939.47703942253
944.85743934866
950.18560508607
955.79182839372
961.34023179757
966.83141590076
972.26597510612
977.83625031046
983.34704640586
988.79900318082
994.19275358491
999.36921276559
1004.4920694736
1009.5618829591
1014.5792066706
1019.2707106565
1023.9163279938
1028.5165109679
1033.0717074284
1037.5227480025
1041.9308424683
1046.2964084777
1050.6198596395
1055.1010400471
1059.5369839562
1063.9281517155
1068.2749990115
1072.7888548114
1077.2549273351
1081.6737265958
1086.0457571907
1090.3431487053
1094.5953629276
1098.8028788116
1102.9661702578
1106.8781482292
1110.7510867399
1114.5853787527
1118.3814132913
1122.0158740015
1125.6152708278
1129.1799450396
1132.710234597
1136.2973406641
1139.8489526943
1143.365425057
1146.8471085968
1150.4820054645
1154.0789914721
1157.6384656427
1161.1608228164
1164.7052995109
1168.2121990379
1171.6819235004
1175.1148707158
1178.3814025209
1181.6146429504
1184.8149345358
1187.9826162958
1190.9726865292
1193.9337069534
1196.8659625446
1199.769735491
1202.6514615101
1205.5051412021
1208.3310502291
1211.1294615507
1214.0405015141
1216.9217918454
1219.7736396343
1222.59634881
1225.4958533265
1228.364618784
1231.2029744013
1234.0112458822
1236.7367084551
1239.4338412204
1242.1029417264
1244.7443044047
1247.2236977222
1249.6786560156
1252.1094226587
1254.5162386064
1256.8466176929
1259.1545479816
1261.4402480632
1263.7039344036
1266.0275890962
1268.3280532947
1270.6055609879
1272.8603438082
1275.209700257
1277.5343912309
1279.8346785809
1282.1108213839
1284.3754025955
1286.6160896983
1288.8331376697
1291.0267987717
1293.0966799729
1295.1457441216
1297.1742029994
1299.1822662365
1301.0850157688
1302.9694571587
1304.8357686387
1306.6841267074
1308.5397359341
1310.3772548386
1312.1968618907
1313.9987338009
1315.884338755
1317.7505267351
1319.5975001128
1321.4254591531
1323.291970346
1325.138661876
1326.9657467943
1328.773435865
1330.5077934903
1332.2243017216
1333.9231465631
1335.6045120818
1337.1761629293
1338.7325451316
1340.2738089164
1341.8001030334
1343.289956823
1344.7655508128
1346.2270232555
1347.6745110632
1349.1768330205
1350.6640946531
1352.1364489209
1353.5940472305
1355.1149969486
1356.6198846224
1358.1088821394
1359.582159549
1361.0334720193
1362.4695340346
1363.8905080216
1365.2965546776
1366.6094425542
1367.909319321
1369.1963157014
1370.4705611041
1371.6795334898
1372.8770309249
1374.0631638503
1375.2380416426
1376.4316098623
1377.6135652038
1378.7840222618
1379.9430944988
1381.1665957946
1382.3774151162
1383.5756858122
1384.7615398285
1385.9670779292
1387.1597877098
1388.3398076786
1389.5072748472
1390.612841218
1391.7071541626
1392.7903299344
1393.8624835842
1394.8579874212
1395.8439916413
1396.8205882667
1397.7878684264
1398.739685649
1399.6824845506
1400.6163518903
1401.5413735909
1402.5144791467
1403.477798552
1404.4314317543
1405.3754776786
1406.363908858
1407.3418335267
1408.3093651276
1409.2666158767
1410.1992546765
1411.1221378309
1412.0353690245
1412.9390508374
1413.771771903
1414.5963871164
1415.4129766687
1416.2216199546
1416.9892370465
1417.7496960006
1418.5030646725
1419.2494102723
1420.0184247701
1420.7799854925
1421.5341658984
1422.2810387203
1423.0782925718
1423.867222588
1424.6479171526
1425.420463709
1426.2021555552
1426.9755084147
1427.7406127825
1428.4975581686
1429.2030183166
1429.9013942397
1430.5927583256
1431.2771822193
1431.9072892527
1432.5315159999
1433.1499183141
1433.7625515156
1434.3712949563
1434.9743442503
1435.5717536213
1436.1635767747
1436.7965568488
1437.4231490235
1438.0434189427
1438.6574315727
1439.3030526858
1439.9417583918
1440.5736241362
1441.1987245384
1441.7995537368
1442.3941352695
1442.9825353251
1443.5648193876
1444.0928095887
1444.6157731028
1445.1337587009
1445.6468146775
1446.1343188004
1446.6173737202
1447.0960208293
1447.5703011325
1448.067578875
1448.560057844
1449.0477852563
1449.5308078614
1450.0533272453
1450.5703431697
1451.0819147511
1451.5881004676
1452.0971362081
1452.6007276192
1453.098934103
1453.5918144096
1454.0423019119
1454.4883419396
1454.9299792989
1455.3672583409
1455.7659250909
1456.1609706693
1456.5524286499
1456.9403322927
1457.3306119984
1457.7172950845
1458.100415391
1458.4800064373
1458.8941096826
1459.3040144801
1459.7097642999
1460.1114021589
1460.5355890864
1460.9551914667
1461.370259914
1461.7808444797
1462.168881069
1462.5529146003
1462.9329872708
1463.3091408283
1463.643804291
1463.9753668809
1464.3038579653
1464.6293066298
1464.9392521826
1465.2464394027
1465.550893387
1465.8526390016
1466.1758034159
1466.4958626314
1466.8128471599
1467.1267872105
1467.4715344886
1467.8126121758
1468.1500602254
1468.4839181521
1468.8168498336
1469.1462130724
1469.4720470022
1469.7943903227
1470.0822467689
1470.367320905
1470.6496402555
1470.9292320686
1471.1815348704
1471.4316175679
1471.6795001611
1471.9252024673
1472.1763851248
1472.4252901356
1472.6719386485
1472.9163516135
1473.1890667269
1473.4589998931
1473.7261801782
1473.9906363414
1474.2709739101
1474.5482519513
1474.8225046738
1475.0937658996
1475.3449381823
1475.5935470073
1475.8396191865
1476.083181247
1476.2953653612
1476.5056453779
1476.7140388131
1476.9205630192
1477.118130326
1477.3139877959
1477.5081506019
1477.7006337802
1477.9119239069
1478.1211911015
1478.3284552269
1478.5337359486
1478.7627097859
1478.9892172664
1479.2132856411
1479.434941856
1479.6535570101
1479.8698270702
1480.0837778481
1480.2954348667
1480.4795729223
1480.661975832
1480.8426603774
1481.0216431744
1481.1815957389
1481.3401898467
1481.4974373423
1481.6533499646
1481.815847678
1481.9768960621
1482.1365083903
1482.2946978121
1482.4754876521
1482.6544199366
1482.8315142667
1483.0067900332
1483.1930238143
1483.3772057405
1483.5593590338
1483.7395066485
1483.9024800589
1484.0638129447
1484.2235222742
1484.3816248355
1484.5163951585
1484.6499985762
1484.7824454727
1484.9137461371
1485.0402176436
1485.165626195
1485.2899809749
1485.4132910854
1485.5522988692
1485.6899797524
1485.8263467565
1485.9614127728
1486.114352195
1486.2656245004
1486.4152483743
1486.5632422884
1486.7072987921
1486.8498118755
1486.9907985452
1487.1302756155
1487.2483527365
1487.3653485807
1487.4812733338
1487.5961370823
1487.697936988
1487.7989039296
1487.8990449191
1487.9983669082
1488.1041250722
1488.2089551132
1488.312865412
1488.415864272
1488.5363689822
1488.655626807
1488.7736510228
1488.8904547611
1489.0146604437
1489.1374869378
1489.2589500044
1489.3790652196
1489.4851427535
1489.5901697263
1489.6941568478
1489.7971147142
1489.8830813312
1489.9683307701
1490.0528691904
1490.1367026966
1490.2181517498
1490.2989357461
1490.3790602763
1490.4585308827
1490.5504853604
1490.6415647938
1490.731777756
1490.821132734
1490.9236707213
1491.0250795788
1491.1253721079
1491.2245609609
1491.3197910073
1491.4140043831
1491.5072122642
1491.5994256985
1491.6754950723
1491.7508881197
1491.8256110327
1491.8996699439
1491.9648808913
1492.0295772789
1492.0937632874
1492.1574430628
1492.2267025065
1492.2953634152
1492.363431115
1492.4309108831
1492.5115123324
1492.5912754483
1492.6702092085
1492.7483224917
1492.831362552
1492.9134759735
1492.9946734021
1493.0749653568
1493.1443148586
1493.2129892948
1493.2809954311
1493.3483399611
1493.4035737372
1493.4583627049
1493.5127105518
1493.5666209337
1493.619466587
1493.6718920846
1493.7239008652
1493.775496338
1493.8365718799
1493.8970685788
1493.9569920809
1494.0163479754
1494.0852058883
1494.153300379
1494.2206401567
1494.2872338276
1494.3503849381
1494.4128655155
1494.4746828847
1494.535844286
1494.5852008176
1494.6341304033
1494.6826368423
1494.7307238972
1494.7728636142
1494.8146814214
1494.8561798476
1494.897361401
1494.9429804034
1494.9882107454
1495.0330558314
1495.0775190348
1495.1315094628
1495.1849371238
1495.2378080466
1495.2901281935
1495.3457179818
1495.4006863804
1495.4550405259
1495.5087874688
1495.5543836342
1495.5995430496
1495.6442700124
1495.6885687735
1495.724395094
1495.7599414756
1495.7952101644
1495.8302033868
1495.8647643434
1495.8990567095
1495.9330826277
1495.9668442223
1496.0075169864
1496.0478063082
1496.0877158963
1496.127249422
1496.1734923157
1496.2192209442
1496.2644411716
1496.309158792
1496.351171101
1496.3927400212
1496.4338703485
1496.4745668223
1496.5068679536
1496.5388958982
1496.570653023
1496.6021416719
1496.6296367938
1496.656927299
1496.6840147463
1496.7109006818
1496.7410945514
1496.7710343677
1496.8007223177
1496.8301605686
1496.8663314759
1496.9021255723
1496.9375468711
1496.9725993411
1497.0098388219
1497.046662214
1497.083074267
1497.1190796723
1497.1492420447
1497.17911917
1497.2087138026
1497.2380286661
1497.2614982747
1497.2847886239
1497.3079011103
1497.3308371187
1497.353604778
1497.376198593
1497.3986199166
1497.4208700905
1497.4479988515
1497.4748732643
1497.5014957573
1497.527868735
1497.558903312
1497.5895924988
1497.6199402064
1497.6499502984
1497.6721840182
1497.6942324837
1497.7160972638
1497.737779913
1497.7592819719
1497.7806049687
1497.8017504174
1497.8227198186
1497.846926055
1497.8708977629
1497.894637247
1497.9181467882
1497.9435317767
1497.9686487469
1497.9935005655
1498.0180900662
1498.0404345213
1498.0625624265
1498.0844759057
1498.1061770588
1498.1244349748
1498.1425426276
1498.1605012671
1498.1783121312
1498.1952157229
1498.2119862321
1498.2286247166
1498.2451322245
1498.2637820624
1498.2822647462
1498.3005817862
1498.3187346779
1498.3396191533
1498.3602863934
1498.3807386727
1498.4009782402
1498.4209488294
1498.4407123476
1498.4602709528
1498.4796267774
1498.4959301513
1498.5120896707
1498.5281066094
1498.5439822277
1498.5577994026
1498.571509533
1498.5851134499
1498.5986119768
1498.6128621222
1498.6269948159
1498.6410110263
1498.654911713
1498.6713478932
1498.687622561
1498.7037373014
1498.7196936824
1498.7369820746
1498.754084555
1498.7710031163
1498.7877397274
1498.8026134148
1498.8173433895
1498.831931033
1498.8463777105
1498.8582668673
1498.8700605401
1498.8817594902
1498.8933644717
1498.9044385882
1498.915427125
1498.9263307373
1498.937150075
1498.9496820911
1498.9621010199
1498.9744078707
1498.9866036429
1499.0008404525
1499.0149258557
1499.0288614413
1499.04264878
1499.0561058345
1499.0694216149
1499.0825975816
1499.0956351765
1499.1063461723
1499.1169637443
1499.127488693
1499.1379218097
1499.1469214127
1499.1558526636
1499.1647160708
1499.1735121384
1499.1829692109
1499.1923484156
1499.2016503789
1499.2108757221
1499.2220047803
1499.2330222836
1499.2439293222
1499.2547269747
1499.2664503886
1499.2780447817
1499.2895115346
1499.3008520104
1499.3107363619
1499.3205247228
1499.330217997
1499.3398170769
1499.3475735523
1499.3552684894
1499.3629023598
1499.3704756309
1499.3777416156
1499.3849517877
1499.3921065602
1499.3992063428
1499.4076004497
1499.4159176394
1499.4241585895
1499.4323239706
1499.4419638381
1499.4514982927
1499.4609284386
1499.4702553671
1499.4792754998
1499.4881989999
1499.4970268561
1499.5057600434
1499.5127923114
1499.5197631383
1499.5266730348
1499.5335225054
1499.5393907059
1499.5452145166
1499.5509942556
1499.5567302384
1499.5629885654
1499.5691947586
1499.5753492285
1499.5814523816
1499.5889256549
1499.5963219015
1499.6036418687
1499.610886296
1499.6187627412
1499.6265497713
1499.6342483383
1499.6418593816
1499.6483960533
1499.6548680766
1499.6612760487
1499.6676205582
1499.6726768946
1499.6776928726
1499.6826687917
1499.6876049482
1499.692359675
1499.6970774657
1499.7017585858
1499.7064032989
1499.7119763269
1499.717496871
1499.722965387
1499.7283823265
1499.7348287752
1499.7412020563
1499.7475029324
1499.7537321568
1499.7597174727
1499.7656365104
1499.7714899409
1499.777278425
1499.7818728829
1499.7864263507
1499.7909391609
1499.7954116414
1499.7992233429
1499.8030057049
1499.8067589319
1499.810483226
1499.8145873425
1499.8186562671
1499.8226902714
1499.8266896247
1499.8316356355
1499.8365285437
1499.8413688603
1499.8461570906
1499.8513690936
1499.8565192306
1499.8616081561
1499.8666365153
1499.8700466793
1499.8734289226
1499.8767834477
1499.8801104547
1499.8834101426
1499.8866827095
1499.8899283518
1499.893147264
1499.8971746648
1499.9011601251
1499.9051040278
1499.9090067513
1499.9135253584
1499.917988602
1499.9223970727
1499.926751353
1499.9297755606
1499.9327735535
1499.935745528
1499.9386916783
1499.9416121975
1499.9445072777
1499.9473771093
1499.9502218808
1499.9536652378
1499.9570717748
1499.9604418282
1499.9637757304
1499.9675091777
1499.9711971313
1499.9748400613
1499.9784384312
1501.9797394676
1499.4830229622
1487.132113563
1469.4175735863
1455.7625297605
1442.2346461584
1428.8327375355
1415.5556296257
1404.3545589721
1393.2423106648
1382.2181797293
1371.2814667582
1358.8962084011
1346.6230564958
1334.4609954253
1322.4090187177
1307.1680853902
1292.1031973953
1277.2123196096
1262.4934402375
1246.4712013206
1230.6527663945
1215.0355410573
1199.6169636127
1189.6185085433
1179.7035856485
1169.8714965158
1160.1215485379
1150.453054908
1140.8653346369
1131.357712408
1121.9295185182
1109.8322018201
1097.865649736
1086.0284477532
1074.3191965354
1060.5790609552
1047.0151063935
1033.6250722304
1020.4067265589
1011.4607847622
1002.5934809296
993.80412331801
985.09202622968
976.45651000645
967.89690104946
959.41253166002
951.0027399744
940.69977460468
930.50874194069
920.42842511281
910.45762036852
899.26954365141
888.21934828581
877.30533391786
866.52582095458
856.959601461
847.49930788549
838.14376654881
828.89181666092
821.54550306239
814.26450106284
807.04822962832
799.89611285818
793.26111466936
786.68132873897
780.15629531718
773.685558458
766.1119272907
758.61267810834
751.18707990825
743.83440881606
735.03761925106
726.34521531411
717.75595752589
709.26862098189
700.86418160947
692.55968061654
684.35392884436
676.24575114499
669.6424088351
663.10378212466
656.62923634426
650.21814299913
644.80490212771
639.43689819662
634.11375291184
628.83509112185
623.21262825135
617.64063140007
612.11864728052
606.64622664736
600.00114223092
593.42913767156
586.92940871068
580.5011598605
573.45566939214
566.49604369193
559.6212355792
552.83021051376
546.87315896747
540.98057490756
535.15176015834
529.38602403698
524.73382827439
520.12269848478
515.55227189626
511.02218891847
506.71171769257
502.43777279785
498.20004447652
493.99822557958
489.06682105482
484.18487818406
479.35190048392
474.56739641323
468.9495768275
463.3985854046
457.9136265482
452.49391403836
447.24205072844
442.05145375934
436.92140783775
431.85120593881
427.7168442328
423.62227300431
419.56710896868
415.55097250349
412.07860143662
408.63540462712
405.22113674041
401.83555449074
398.16726726947
394.53265580726
390.93141067229
387.36322525431
383.0663188952
378.81735360992
374.61579402168
370.46111067603
366.01035841007
361.61340015763
357.26958512041
352.97827029203
349.26187610986
345.58485631467
341.94679332689
338.34727395558
335.40513630083
332.48874884115
329.59788596991
326.73232404259
323.94007153906
321.17184154036
318.42742715156
315.70662324683
312.49803369242
309.3222785756
306.1790215216
303.06792957189
299.47108827531
295.91723927969
292.40586812533
288.9364664456
285.64195249651
282.3852823515
279.16602078681
275.98373753462
273.39354522974
270.82785043612
268.28642117216
265.7690276354
263.5496324382
261.3489188455
259.16672940224
257.00290797116
254.61872983271
252.25685074281
249.91706186206
247.59915629154
244.82037281859
242.07303918894
239.3567989711
236.67129973403
233.849242742
231.06113143309
228.30655690392
225.58511512565
223.26004871369
220.95916559069
218.68221384646
216.42894417155
214.57165304998
212.73045134149
210.90519944768
209.0957589725
207.29548995078
205.51087202538
203.74176890928
201.98804549358
199.90547221932
197.84458658581
195.80516236519
193.78697566858
191.47990937278
189.20059444285
186.94869648761
184.72388510341
182.64983452435
180.59932293357
178.5720826984
176.56784919944
174.94397405871
173.33520133774
171.74139031437
170.16240156733
168.74874250291
167.34696383672
165.95696552956
164.57864837866
163.03515884221
161.50631733006
159.99198454816
158.49202251652
156.69586653089
154.92031626653
153.16513483893
151.43008806014
149.63561501353
147.86267836868
146.11101909394
144.38038124105
142.92227576521
141.47909154375
140.0506755337
138.63687624816
137.46594060634
136.30503081092
135.15406081351
134.01294529895
132.85667984995
131.71053185235
130.57441255958
129.44823399788
128.0996484436
126.76531697673
125.44508855501
124.13881372242
122.657365865
121.19386383348
119.74808966693
118.31982802424
117.01044823674
115.71578602692
114.43567551249
113.16995266296
112.15100751201
111.14138607771
110.14100279908
109.14977289432
108.25145863679
107.36066175438
106.47731915184
105.60136825985
104.60524595183
103.61868207679
102.64158463402
101.67386250125
100.51369754469
99.367006520862
98.233632450443
97.11342016509
95.970027333188
94.840345557918
93.724209879297
92.62145730184
91.705032524428
90.79784963843
89.899815119213
89.010836380632
88.272893165214
87.541189595634
86.815672722963
86.096290044501
85.355598019548
84.621408564412
83.893664380945
83.1723086723
82.30080186622
81.438619168231
80.585660440088
79.741826609484
78.790023598963
77.84982888735
76.921100337439
76.003697534592
75.175104174746
74.355749013945
73.545528625909
72.744340731542
71.703538837783
72.338603238477
76.657319352403
83.008848818145
88.899548863513
94.765715811859
100.60745179304
106.42485851438
115.65779029638
124.82943750289
133.94020676025
142.99050201911
154.12757648879
165.1730736949
176.12774640971
186.99234127682
201.46119250256
215.77028620472
229.92138589634
243.91623585759
259.61941962273
275.12587817497
290.43807564771
305.55844571906
315.85690090039
326.06636827309
336.18761674718
346.22140865266
356.16849974553
366.02963918608
375.8055697078
385.49702768702
397.44339902298
409.26141663651
420.952459746
432.51789291703
445.54967045027
458.42196823396
471.13673835228
483.69590929559
494.9666040192
506.11198935487
517.1334589614
528.0323911748
536.80246033603
545.49318749044
554.10529074352
562.63948176273
570.55161432314
578.39677935108
586.17554393987
593.88847042282
602.79784436846
611.61937093372
620.3539168005
629.00234018522
639.26755835237
649.41144519543
659.43543574035
669.34094823802
679.20830751424
688.95810175166
698.59173273133
708.11058571464
715.96746732154
723.7461534286
731.44742294095
739.07204708074
745.53130262817
751.93555262845
758.28526593742
764.58090744776
771.21003211708
777.77920591094
784.28897154586
790.73986686797
798.52146194591
806.2173958094
813.82861244566
821.35604554707
829.6791260451
837.89977793171
846.01926320812
854.03882850537
861.15147058208
868.1855167805
875.14183669143
882.0212903834
887.54415967465
893.01749018012
898.44172685251
903.8173106812
908.8437696866
913.82769134278
918.76943614351
923.66936155096
929.38745329007
935.04859563897
940.65335662842
946.20229867412
952.83360756153
959.38520057762
965.85803748412
972.25306661181
978.59827164762
984.86687965438
991.05981680217
997.17799818316
1002.1332638332
1007.0394932464
1011.8971725218
1016.7067829822
1020.7252627162
1024.7101878066
1028.6618389495
1032.58049451
1036.7417986505
1040.8658956526
1044.9531188216
1049.0037984998
1053.9820065309
1058.9050216596
1063.7734569939
1068.5879188958
1073.981212341
1079.3067772578
1084.5654658913
1089.7581198786
1093.366811548
1096.9436118826
1100.488803319
1104.002665811
1107.4854768315
1110.9375113639
1114.3590419685
1117.7503388091
1121.8885519112
1125.9817490231
1130.0304209383
1134.0350531477
1138.5818615738
1143.0719013543
1147.5058829154
1151.8845078861
1155.0015339276
1158.0905087493
1161.1516854102
1164.1853147029
1167.1916451552
1170.1709230228
1173.1233923499
1176.0492949952
1179.5489651378
1183.0106295198
1186.4347019357
1189.8215917142
1193.6015058423
1197.3351099376
1201.0229728696
1204.6656565899
1207.9451640758
1211.1880543913
1214.3947375035
1217.5656188315
1220.1119358277
1222.6351670479
1225.1355223896
1227.6132098557
1229.893798029
1232.1551823118
1234.3975248832
1236.6209865613
1239.1860859777
1241.7260579729
1244.2411494236
1246.7316047989
1249.7223659704
1252.6776009599
1255.5977330506
1258.4831805293
1261.3942445813
1264.2700081233
1267.1109005587
1269.9173461185
1272.2100205369
1274.4797075534
1276.7266383962
1278.9510419865
1280.7899492716
1282.6134617618
1284.421708767
1286.2148185177
1288.0865117946
1289.9417129253
1291.7805677214
1293.6032207134
1295.8370241787
1298.0464935374
1300.2318947913
1302.393491058
1304.8441163251
1307.2641475958
1309.6539681605
1312.0139565542
1313.6809423843
1315.3330450755
1316.9703979942
1318.5931333195
1320.2013820438
1321.7952739682
1323.3749377355
1324.9405008426
1326.8239472877
1328.6869870795
1330.5298421612
1332.3527320808
1334.3945563463
1336.4113339945
1338.4033734632
1340.3709794271
1342.1389148175
1343.8871259364
1345.6158337236
1347.3252566659
1348.6915342262
1350.0454932684
1351.3872453165
1352.7169008915
1353.9389683782
1355.1508185037
1356.3525370529
1357.5442090944
1358.9233518842
1360.2890396019
1361.6414040796
1362.9805758663
1364.5930160934
1366.186331976
1367.7607513284
1369.3164992749
1370.8855327848
1372.4355766969
1373.9668618664
1375.479616368
1376.7129299885
1377.9339279827
1379.1427338994
1380.3394700577
1381.3280656043
1382.3084254388
1383.2806184951
1384.2447131331
1385.2526280959
1386.2516924609
1387.2419843197
1388.2235810792
1389.4279399214
1390.619210622
1391.797536109
1392.9630577611
1394.2830130429
1395.5865485705
1396.8738696184
1398.145178918
1399.0425664269
1399.9319767778
1400.8134812474
1401.6871504791
1402.5530544837
1403.4112626359
1404.2618436927
1405.1048658003
1406.1199436241
1407.1240633267
1408.1173438358
1409.0999027977
1410.2006094179
1411.2878627556
1412.3618281373
1413.4226688759
1414.3756833403
1415.3181070049
1416.2500582229
1417.1716540364
1417.9085651362
1418.6388561183
1419.3625867965
1420.0798164481
1420.7395200988
1421.3937243045
1422.0424751787
1422.6858184496
1423.4304115127
1424.1677617146
1424.8979399278
1425.6210163354
1426.490649944
1427.3500124814
1428.1992259914
1429.0384110793
1429.8836530815
1430.7187228994
1431.5437437103
1432.3588372135
1433.0239434954
1433.6824407538
1434.3343950793
1434.9798719076
1435.5144162093
1436.0445186875
1436.5702164925
1437.0915464654
1437.6372094284
1438.1780878541
1438.7142239728
1439.245659644
1439.8966905219
1440.5406682504
1441.1776697564
1441.8077711335
1442.5192443871
1443.2219216764
1443.9159124928
1444.6013249766
1445.0861718737
1445.5667269426
1446.0430284429
1446.5151142951
1446.9830220804
1447.4467890388
1447.9064520789
1448.3620477825
1448.9103936572
1449.4528484216
1449.9894758298
1450.5203389499
1451.1148950482
1451.702221932
1452.2824081577
1452.8555412056
1453.3707273464
1453.8802154644
1454.3840690627
1454.8823509435
1455.281247578
1455.6765740264
1456.0683624932
1456.4566448945
1456.813960854
1457.168308095
1457.5197114799
1457.8681956642
1458.2712137852
1458.670328148
1459.0655768728
1459.4569977095
1459.9271830918
1460.3918460235
1460.8510519033
1461.3048653608
1461.7617108609
1462.2130927498
1462.6590769214
1463.0997284822
1463.4597582037
1463.8162288032
1464.1691757699
1464.5186342426
1464.8085730086
1465.0961107924
1465.3812676527
1465.6640634817
1465.9601327828
1466.2536146135
1466.5445317906
1466.8329069303
1467.1856582663
1467.5346066112
1467.87979334
1468.22125938
1468.6061196607
1468.9862545261
1469.361722537
1469.7325815349
1469.9955075295
1470.256117363
1470.5144316345
1470.770470761
1471.0242549769
1471.2758043324
1471.5251387001
1471.7722777767
1472.0694842957
1472.3635165636
1472.6544088181
1472.94219493
1473.2643493579
1473.582612358
1473.8970314113
1474.2076534237
1474.4870396349
1474.7633548027
1475.0366330333
1475.3069080583
1475.5235552278
1475.7382731539
1475.9510791985
1476.1619905684
1476.3561950537
1476.5487934406
1476.7397991552
1476.9292255115
1477.1481147816
1477.3648956035
1477.5795885091
1477.7922138312
1478.0473360261
1478.2994822717
1478.5486876679
1478.7949869038
1479.042843904
1479.287758663
1479.5297665042
1479.7689023311
1479.9645146894
1480.1582058189
1480.3499948085
1480.5399005602
1480.6976988386
1480.8541971284
1481.0094062665
1481.1633370003
1481.3245165888
1481.4842948224
1481.6426840319
1481.7996964404
1481.9915219403
1482.1812929141
1482.3690316361
1482.5547601404
1482.7638173906
1482.97032845
1483.1743247163
1483.3758372037
1483.5189685959
1483.6608472468
1483.8014842612
1483.9408906462
1484.0790773106
1484.2160550635
1484.3518346186
1484.486426595
1484.6481727569
1484.8082042511
1484.9665394949
1485.1231967086
1485.2984971101
1485.4716969695
1485.642821795
1485.8118967875
1485.9640500196
1486.114543726
1486.2633962557
1486.4106257576
1486.5287621347
1486.6458538347
1486.7619102253
1486.8769405914
1486.9829065104
1487.0880019499
1487.192234163
1487.2956103425
1487.4149934173
1487.5332351325
1487.650346558
1487.7663386569
1487.9053997263
1488.0428524676
1488.1787157558
1488.3130082458
1488.4481278116
1488.5816577345
1488.7136169964
1488.8440243558
1488.950795477
1489.0565266224
1489.1612280768
1489.2649100253
1489.351156605
1489.4366979321
1489.5215398638
1489.6056882091
1489.6938028987
1489.7811572808
1489.8677580198
1489.9536117219
1490.0584143538
1490.1621041461
1490.2646931053
1490.3661931091
1490.4803482912
1490.5931265609
1490.7045447976
1490.8146196757
1490.892911015
1490.9705230085
1491.0474616497
1491.1237328796
1491.1993425863
1491.2742966037
1491.3486007146
1491.4222606511
1491.5107424732
1491.5982951062
1491.6849284758
1491.7706524024
1491.8665535593
1491.9613169655
1492.0549563549
1492.1474852976
1492.2307861342
1492.3131873412
1492.3946988075
1492.4753303157
1492.5400777673
1492.6042580113
1492.6678761071
1492.7309370698
1492.7890504409
1492.8466908206
1492.9038621298
1492.9605682571
1493.0260313132
1493.0908746273
1493.1551041764
1493.2187258799
1493.2949639245
1493.3703294964
1493.4448327694
1493.5184837997
1493.5925817822
1493.6658175358
1493.7382012869
1493.8097431432
1493.8683548984
1493.9264018163
1493.9838894469
1494.0408232878
1494.0882204183
1494.1352338833
1494.1818668505
1494.2281224622
1494.276562708
1494.3245892526
1494.3722057006
1494.4194156258
1494.4770180229
1494.534015458
1494.5904144151
1494.6462213088
1494.7089569375
1494.7709447139
1494.832193738
1494.892713001
1494.9357953734
1494.9785080864
1495.0208543789
1495.0628374624
1495.1044605192
1495.1457267025
1495.1866391379
1495.2272009239
1495.2759153498
1495.3241242151
1495.3718328809
1495.4190466516
1495.4718635316
1495.5240613881
1495.5756476362
1495.6266296032
1495.6725403263
1495.7179612551
1495.7628977318
1495.8073550425
1495.8430711459
1495.8784781237
1495.9135787124
1495.948375625
1495.9804505563
1496.0122675637
1496.0438287691
1496.0751362774
1496.1112738564
1496.1470735585
1496.1825386165
1496.2176722324
1496.2597657359
1496.3013837096
1496.3425316523
1496.3832149997
1496.4241468679
1496.464608707
1496.5046060432
1496.5441443401
1496.5765498519
1496.608647167
1496.6404392873
1496.6719291877
1496.6981568856
1496.7241750217
1496.7499853118
1496.7755894578
1496.8024058474
1496.8289962043
1496.8553624813
1496.8815066143
1496.913400489
1496.9449639234
1496.9762004272
1497.0071134731
1497.0418595828
1497.0761972799
1497.1101314868
1497.1436670679
1497.1675526296
1497.1912360777
1497.2147191666
1497.238003636
1497.2610912101
1497.2839835967
1497.3066824891
1497.329189566
1497.3562202194
1497.3829743427
1497.4094548396
1497.4356645831
1497.4649872313
1497.4939711917
1497.5226204799
1497.5509390654
1497.5764467314
1497.601686249
1497.6266605124
1497.6513723871
1497.6712314239
1497.690921096
1497.7104428868
1497.7297982682
1497.7476430403
1497.765346429
1497.7829095855
1497.8003336516
1497.8204463073
1497.8403737258
1497.8601176605
1497.8796798485
1497.9031176562
1497.9262947189
1497.9492140186
1497.9718785033
1497.9946843607
1498.0172323797
1498.039525557
1498.0615668569
1498.079636955
1498.0975378618
1498.1152712062
1498.1328386033
1498.147474755
1498.1619957757
1498.1764025971
1498.1906961439
1498.2056684069
1498.2205164412
1498.2352413076
1498.2498440577
1498.2676585944
1498.2852914892
1498.3027446482
1498.3200199577
1498.3394381625
1498.3586318044
1498.3776035562
1498.3963560603
1498.4097168517
1498.4229664131
1498.4361056978
1498.4491356515
1498.4620572115
1498.4748713059
1498.4875788552
1498.5001807721
1498.5153168717
1498.5303006678
1498.5451337388
1498.5598176471
1498.5762479947
1498.59249171
1498.6085509765
1498.6244279531
1498.6387320788
1498.6528883408
1498.6668983133
1498.6807635561
1498.691908562
1498.7029601103
1498.7139190084
1498.7247860577
1498.7348066633
1498.7447492102
1498.7546143251
1498.7644026298
1498.7757024008
1498.7868998624
1498.7979959695
1498.808991668
1498.822167312
1498.8351988779
1498.8480879895
1498.8608362529
1498.8736663082
1498.8863538002
1498.8989003612
1498.9113076071
1498.9214817708
1498.931562314
1498.9415501243
1498.9514460829
1498.959692617
1498.9678754002
1498.9759949407
1498.9840517429
1498.9924922976
1499.0008640295
1499.0091675172
1499.0174033346
1499.0274516349
1499.0373992603
1499.0472472508
1499.0569966357
1499.06795687
1499.0787925684
1499.0895051894
1499.1000961757
1499.1076439135
1499.1151299132
1499.1225546955
1499.1299187771
1499.1372226701
1499.1444668812
1499.1516519131
1499.1587782647
1499.1673388214
1499.1758147497
1499.1842069119
1499.192516162
1499.2018152933
1499.2110106493
1499.2201034233
1499.2290947963
1499.2371971378
1499.2452171932
1499.2531558231
1499.2610138815
1499.2673315181
1499.2735971052
1499.2798110843
1499.2859738946
1499.2916575451
1499.2972976953
1499.3028946882
1499.3084488645
1499.3148614854
1499.3212170605
1499.3275161125
1499.3337591596
1499.3412410369
1499.3486425257
1499.3559645153
1499.363207886
1499.3704991125
1499.3777107295
1499.3848436313
1499.3918987044
1499.3976851779
1499.4034193261
1499.4091016356
1499.4147325904
1499.4194258091
1499.4240833705
1499.4287055534
1499.4332926346
1499.4380988309
1499.4428665097
1499.4475959885
1499.4522875824
1499.4580124196
1499.4636808767
1499.4692935244
1499.4748509285
1499.4810995695
1499.4872784111
1499.4933882545
1499.499429893
1499.50373639
1499.5080082513
1499.512245763
1499.5164492094
1499.5206188723
1499.52475503
1499.5288579592
1499.5329279342
1499.5378176317
1499.5426597868
1499.5474548738
1499.552203363
1499.557518394
1499.5627750766
1499.5679740674
1499.5731160171
1499.5777504222
1499.5823385157
1499.5868807712
1499.5913776604
1499.5949936412
1499.5985803013
1499.6021378842
1499.6056666322
1499.6089214353
1499.6121517161
1499.6153576637
1499.6185394661
1499.6222134461
1499.625855246
1499.6294651542
1499.6330434567
1499.6373323926
1499.6415759431
1499.6457745994
1499.6499288476
1499.6541112301
1499.658248622
1499.6623415171
1499.6663904061
1499.6697118107
1499.6730036139
1499.6762660843
1499.6794994903
1499.6821947807
1499.684869882
1499.6875249484
1499.6901601335
1499.6929214654
1499.6956609735
1499.6983788335
1499.70107522
1499.7043657879
1499.7076243863
1499.7108513312
1499.7140469361
1499.7176404956
1499.7211944376
1499.724709206
1499.728185241
1499.7306633529
1499.7331217845
1499.7355606946
1499.737980241
1499.7403805803
1499.7427618667
1499.7451242537
1499.7474678937
1499.7502837917
1499.7530726329
1499.7558346809
1499.7585701969
1499.7616324073
1499.7646613786
1499.7676574755
1499.7706210604
1495.5217993042
1487.1937365202
1478.8938224063
1471.364114783
1463.6458852223
1455.9682231833
1448.330915249
1440.7337491223
1428.1076756203
1415.5924748894
1403.1871724937
1390.8908025122
1375.1398677281
1359.5676674966
1344.1721719834
1328.9513742172
1311.863677753
1294.9961578006
1278.3459752176
1261.9103271132
1251.2829118495
1240.7451922473
1230.2964106983
1219.9358159555
1209.6626631283
1199.4762137012
1189.3757353737
1179.3605019941
1166.5878341879
1153.9538111694
1141.4569269186
1129.0956916417
1114.7228813712
1100.5334582341
1086.5250807798
1072.6954371536
1063.305586984
1053.9981308079
1044.7723451466
1035.6275128328
1026.5629230053
1017.5778711286
1008.6716588279
999.84359382064
989.02485938333
978.32348765161
967.73820465081
957.26775011889
945.50680782619
933.89074144136
922.41776522841
911.08611524487
901.01900430324
891.06343566546
881.2181726966
871.48199235061
863.74918351328
856.08518400245
848.48938114583
840.96116768863
833.98310154264
827.06310650298
820.20069900337
813.39539947859
805.43787317812
797.55842932698
789.75630127914
782.03072985759
772.7929967635
763.66472140752
754.64460605186
745.73136819597
736.902478754
728.17845199505
719.55804169613
711.04001629985
704.09231359794
697.21272460159
690.4005811274
683.6552214946
677.95301267644
672.29852846037
666.69136916386
661.13113842938
655.21263316575
649.34729840905
643.53465618551
637.77423278719
630.79158533
623.8856656953
617.0556302422
610.30064452188
602.90847632544
595.60618280849
588.39267057986
581.26685941468
575.01065966641
568.8220605468
562.70033112938
556.64474831945
551.74496716942
546.88849152777
542.07493839011
537.30392811492
532.75767500104
528.2500503933
523.78072584665
519.34937568943
514.15765126529
509.01805065285
503.93005017537
498.89313137368
492.99680676578
487.17048103671
481.41332260364
475.72450966372
470.21878500687
464.77707625599
459.39863854778
454.08273560031
449.73634803387
445.43176439812
441.16858231233
436.94640323758
433.28229664149
429.64906969444
426.04646194893
422.47421513886
418.60323994069
414.76791533197
410.96791271568
407.2029065003
402.68418798345
398.21587928509
393.79741758376
389.42824628248
384.76483933576
380.15758398286
375.6058035382
371.10882938683
367.21183619507
363.35599965645
359.54088472421
355.76606090883
352.66605095053
349.5932137803
346.54731099647
343.52810627359
340.57674399903
337.65089300704
334.75033256898
331.8748438522
328.49144781138
325.14276206526
321.82843017141
318.54809931593
314.7742618551
311.04542448063
307.36105006136
303.72060781177
300.27219377738
296.86319843979
293.49317073009
290.16166469022
287.44035687406
284.74475118302
282.07460459655
279.42967637343
277.08465975166
274.75946624475
272.45392808832
270.1678789277
267.64726784798
265.15034980313
262.67690182063
260.22670300964
257.30260358256
254.41161558602
251.55336362098
248.72747650315
245.77362911432
242.85514292454
239.97159407948
237.12256375273
234.68751969232
232.27769060545
229.89281504061
227.53263423319
225.57519009154
223.63473156589
221.71111105798
219.80418224268
217.89823612505
216.00896407707
214.13622001533
212.27985912688
210.08099112738
207.90510889359
205.75197178738
203.62134166741
201.20132782413
198.81034897181
196.44805621657
194.11410481355
191.94596172951
189.80227525725
187.68276908075
185.58716997554
183.88218443998
182.19302362615
180.51954040828
178.86158901768
177.36649965724
175.88404018778
174.41410372903
172.95658429877
171.32234527392
169.7037163537
168.1005481609
166.51269273621
164.62146837655
162.751966056
160.90393581435
159.07713053939
157.20043856299
155.3461455739
153.51398370968
151.70368827825
150.1784158181
148.66866558331
147.17427928418
145.69510023113
144.46102514682
143.23753466818
142.02453781676
140.8219443905
139.59626504563
138.3813919656
137.1772296654
135.98368349753
134.55814973487
133.14775937529
131.75235118396
130.37176562727
128.81798530419
127.28297887773
125.76651897153
124.26838093451
122.90125619407
121.54938803189
120.21260576798
118.89074061356
117.82177437245
116.76256286317
115.71301683865
114.67304786214
113.72240298362
112.77976025939
111.84505214915
110.91821167866
109.86218522186
108.81637197318
107.78067288323
106.75498985545
105.53262903385
104.324492902
103.13041545238
101.95023259565
100.75533754867
99.574684663533
98.408103678165
97.255426345282
96.298017749227
95.350200465038
94.411878105877
93.482955245396
92.705462619136
91.934554324186
91.170174418269
90.412267431105
89.626335201372
88.847363034132
88.075289085307
87.310052056354
86.387805859742
85.475489282371
84.572995044113
83.680217013481
82.681970690346
81.695870811647
80.721769051025
79.759518874784
78.895450187995
78.040937118431
77.195873594125
76.360154709663
75.689140057357
75.024149222731
74.365127916483
73.71202233501
73.453784427962
73.196471344567
72.940079759285
72.68460635851
72.536363406646
72.388429609969
72.240804321088
72.093486893969
71.570338210706
71.890294620033
74.065850046049
77.269340238421
80.022091300678
82.76950598621
85.511594635584
88.248367569436
97.253960720827
106.2019952602
115.09283892574
123.92685712534
132.98249259676
141.97841542951
150.91501923802
159.79269506345
172.17918769336
184.4509649322
196.60908891388
208.65461204165
224.0929565407
239.34633427247
254.41696091372
269.30702594227
284.24208007784
298.99547943429
313.56943331709
327.96612450955
339.48725350981
350.89486004964
362.19006276952
373.3739694049
382.63813318517
391.82593021929
400.93799010885
409.97493731213
419.61555957438
429.17069910078
438.64111402895
448.02755583711
459.5637256218
470.97305456048
482.25693769036
493.41675488061
505.72548212186
517.8832844795
529.89201326266
541.75349735453
552.18860199307
562.50974721466
572.7181781772
582.81512658483
590.96103934526
599.03439148423
607.0358297394
614.96599513688
622.48375106291
629.93745524436
637.32765378386
644.65488816851
653.23602647946
661.73080791714
670.14010220238
678.46477038433
688.27782279684
697.97328513336
707.55256766436
717.0170639438
726.25353921098
735.38069497576
744.3998263254
753.31221317979
760.57833636845
767.77350944299
774.89842592658
781.95377262732
787.99580707869
793.98682142682
799.92724698677
805.81751145694
812.15209841732
818.42867245604
824.64776550483
830.80990466019
838.28419053856
845.67468713167
852.98233494431
860.20806403429
868.09188419157
875.87818760509
883.56818212313
891.16306080413
897.76868505353
904.30236043436
910.7648717698
917.15699540787
922.27488313017
927.34765029098
932.37569530761
937.35941310752
942.10553937402
946.81146529243
951.47753192341
956.10407745588
961.58792342386
967.01624650849
972.38960982378
977.70857082371
984.04834401918
990.31083244885
996.49697991578
1002.6077188214
1008.5571403207
1014.4350853884
1020.2424143451
1025.9799772663
1030.5614957874
1035.0985317981
1039.5915180367
1044.0408830671
1047.7895644519
1051.5072828706
1055.1942945938
1058.8508537857
1062.8163518428
1066.7460355011
1070.6402289033
1074.4992532806
1079.2743603864
1083.9956216552
1088.6636455936
1093.2790338967
1098.3892382403
1103.4349193397
1108.4168937249
1113.3359677044
1116.6765878945
1119.9882000167
1123.2710565594
1126.5254078291
1129.7515019519
1132.949584866
1136.1199003792
1139.2626901917
1143.1683730384
1147.031546954
1150.8526757576
1154.6322182521
1158.9912787167
1163.295025702
1167.5441629051
1171.7393851647
1174.6560896408
1177.5467350701
1180.4115549035
1183.250780515
1186.0646412034
1188.8533641856
1191.6171746519
1194.3562957895
1197.669030749
1200.9456550382
1204.1865633974
1207.3921462894
1210.9914332131
1214.546187639
1218.0569621511
1221.5243025447
1224.6271092577
1227.6951370375
1230.7287768913
1233.7284154707
1236.1091798502
1238.4685270364
1240.806650298
1243.1237411721
1245.2495747942
1247.357705829
1249.448282164
1251.5214504585
1253.9339405363
1256.3228591812
1258.6884374505
1261.0309041532
1263.8691089243
1266.6733872622
1269.444146055
1272.1817873562
1274.9472913432
1277.6790031292
1280.3773370413
1283.042702376
1285.2013154164
1287.3383061652
1289.4538919752
1291.5482880318
1293.2650001488
1294.9674767231
1296.6558362305
1298.3301961668
1300.0815532273
1301.8175945201
1303.5384544803
1305.2442663702
1307.3519997296
1309.4367601113
1311.4987988526
1313.5383645625
1315.8651771617
1318.1627435806
1320.4314328403
1322.6716093504
1324.2366633631
1325.787801978
1327.3251494169
1328.8488287995
1330.3589621442
1331.8556703637
1333.3390732955
1334.8092897139
1336.5876962763
1338.3468101159
1340.0868413965
1341.80799801
1343.7419043638
1345.6519838979
1347.5385314193
1349.4018381213
1351.0714952023
1352.7224931222
1354.3550413178
1355.9693468958
1357.2523476637
1358.5238263823
1359.7838869919
1361.0326325012
1362.1783311756
1363.3145059122
1364.4412362455
1365.5586010493
1366.856958094
1368.1426708716
1369.415863096
1370.6766572786
1372.2012160281
1373.7076485343
1375.1961713348
1376.6669984021
1378.151508993
1379.6179952036
1381.066676947
1382.4977714779
1383.6599095467
1384.8104511127
1385.9495124742
1387.0772087723
1388.0050126416
1388.9251241661
1389.8376074507
1390.7425260691
1391.6893540536
1392.627901209
1393.5582403378
1394.4804436057
1395.6161939079
1396.7396054896
1397.8508131114
1398.9499500726
1400.1984228811
1401.431324212
1402.6488493343
1403.85119109
1404.6957330859
1405.532784729
1406.3624128248
1407.1846835862
1407.999662634
1408.8074149937
1409.608005113
1410.4014968676
1411.3592316805
1412.306626651
1413.2437940578
1414.1708449689
1415.210748706
1416.2379247652
1417.2525298472
1418.2547187403
1419.1539435834
1420.043173876
1420.9225213802
1421.7920966188
1422.4857302947
1423.1731468928
1423.8544024854
1424.5295526422
1425.150124035
1425.7655377852
1426.375837032
1426.9810645551
1427.6827900213
1428.3776983575
1429.0658562197
1429.7473296158
1430.5684214653
1431.3798106711
1432.1816126423
1432.973941426
1433.7721883858
1434.5608216795
1435.33995787
1436.1097121197
1436.7367407587
1437.3575450128
1437.9721870987
1438.5807286161
1439.0838467604
1439.582795507
1440.0776096534
1440.5683237079
1441.0821708826
1441.5915228393
1442.0964191864
1442.5968991852
1443.2110083017
1443.8184690039
1444.4193537956
1445.0137343951
1445.685678861
1446.3493123
1447.0047382762
1447.6520590741
1448.1089640262
1448.5618315606
1449.0106976285
1449.4555978624
1449.8965675763
1450.3336417637
1450.7668551073
1451.1962419827
1451.7136189086
1452.2254413166
1452.7317693144
1453.2326623634
1453.7940122082
1454.3485372368
1454.8963210982
1455.4374464246
1455.9236038824
1456.4043879057
1456.8798583811
1457.3500745338
1457.7260875899
1458.0987413152
1458.4680659786
1458.8340915781
1459.1708131059
1459.5047430929
1459.8359048832
1460.1643216268
1460.5444386558
1460.9208789333
1461.2936783377
1461.662872399
1462.1067368402
1462.5453910933
1462.9788968667
1463.4073151429
1463.8386580129
1464.2648448259
1464.6859377816
1465.101998336
1465.4416748391
1465.7779978069
1466.1110006602
1466.4407164902
1466.7140656559
1466.9851559987
1467.2540063642
1467.520635442
1467.799833254
1468.0765958304
1468.3509446202
1468.622900884
1468.9558188474
1469.2851521511
1469.6109397767
1469.9332202841
1470.2966644751
1470.6556494851
1471.0102305801
1471.3604623463
1471.6085223406
1471.8544009697
1472.0981176159
1472.3396914903
1472.5791416321
1472.8164869076
1473.0517460157
1473.2849374901
1473.5655133716
1473.8430965957
1474.1177194264
1474.3894137817
1474.693644215
1474.9942037195
1475.2911370763
1475.5844885243
1475.8482806836
1476.10917718
1476.3672101568
1476.6224114045
1476.8268773475
1477.029525985
1477.2303736554
1477.4294365513
1477.6127068527
1477.7944646417
1477.9747225472
1478.1534930933
1478.360146332
1478.5648124909
1478.7675109044
1478.9682607194
1479.2092276563
1479.4473877765
1479.6827741698
1479.9154195383
1480.1495527461
1480.3809105735
1480.6095263257
1480.8354329127
1481.0201624344
1481.2030809075
1481.3842063119
1481.563556451
1481.7125355969
1481.8602901015
1482.0068301619
1482.1521658905
1482.3043618228
1482.4552373403
1482.6048040489
1482.7530734531
1482.9342805979
1483.113550534
1483.2909042472
1483.4663624969
1483.6639111221
1483.8590577103
1484.0518318642
1484.242262825
1484.3774653767
1484.511487131
1484.6443385441
1484.7760299799
1484.90657171
1485.0359739121
1485.1642466741
1485.291399995
1485.4442447282
1485.5954724044
1485.7451003775
1485.8931458155
1486.058834895
1486.2225424183
1486.38429243
1486.5441086852
1486.6879172916
1486.8301606619
1486.9708560865
1487.110020668
1487.2216626781
1487.3323197775
1487.4420007874
1487.5507144515
1487.6508565537
1487.7501780563
1487.8486857879
1487.9463865207
1488.0592362281
1488.1710095797
1488.2817170034
1488.3913688264
1488.5228543614
1488.6528225805
1488.7812912728
1488.9082780206
1489.0360534385
1489.1623290227
1489.2871226651
1489.4104520469
1489.5114144969
1489.6113959936
1489.7104062264
1489.8084547912
1489.8900045106
1489.970889179
1490.0511143121
1490.1306853803
1490.2140122024
1490.2966219673
1490.378520952
1490.4597153786
1490.5588478789
1490.6569304752
1490.7539744812
1490.8499910888
1490.9579942162
1491.064697945
1491.1701181859
1491.2742706563
1491.3483366251
1491.4217617176
1491.4945515798
1491.5667118086
1491.6382479508
1491.7091655023
1491.779469911
1491.8491665767
1491.9328987226
1492.0157540219
1492.0977418284
1492.1788713966
1492.2696409697
1492.3593366917
1492.4479715078
1492.5355582088
1492.6144082571
1492.6924092335
1492.7695704575
1492.8459011488
1492.9071904474
1492.967944493
1493.0281680522
1493.0878658503
1493.1428797466
1493.1974472998
1493.2515722037
1493.3052581218
1493.3672409701
1493.4286388714
1493.4894574579
1493.5497023079
1493.6219018682
1493.6932777581
1493.7638395676
1493.8335967755
1493.9037804866
1493.9731501239
1494.0417153272
1494.1094856245
1494.1650053127
1494.2199917484
1494.2744501625
1494.3283857361
1494.3732851534
1494.4178223841
1494.4620004133
1494.5058222017
1494.5517159753
1494.5972191676
1494.6423351758
1494.6870673673
1494.7416521549
1494.7956656723
1494.8491140311
1494.902003278
1494.961464191
1495.0202187769
1495.078275615
1495.1356431818
1495.176479522
1495.216966766
1495.2571079667
1495.2969061508
1495.3363643181
1495.3754854402
1495.4142724634
1495.4527283081
1495.4989175836
1495.5446293028
1495.5898685196
1495.6346402345
1495.6847288902
1495.734232724
1495.7831587269
1495.8315138077
1495.875059692
1495.9181428233
1495.9607682379
1496.0029409199
1496.0368211272
1496.0704092802
1496.1037079583
1496.1367197193
1496.1671497712
1496.1973361305
1496.2272807974
1496.2569857562
1496.2912761036
1496.3252471672
1496.358901995
1496.3922436059
1496.4321933752
1496.4716937064
1496.5107497848
1496.5493667362
1496.5882215487
1496.626632072
1496.6646035174
1496.7021410373
1496.7329069627
1496.7633815594
1496.793567658
1496.8234680638
1496.8483720748
1496.8730779874
1496.8975874195
1496.9219019759
1496.9473689818
1496.972622296
1496.9976637598
1497.0224951988
1497.0527899956
1497.0827723431
1497.1124455511
1497.1418128949
1497.1748240315
1497.2074489305
1497.2396922347
1497.2715585326
1497.2942551192
1497.3167605619
1497.3390765153
1497.3612046202
1497.3831465026
1497.4049037734
1497.4264780296
1497.4478708544
1497.4735652143
1497.4989979851
1497.5241719059
1497.5490896869
1497.5769688975
1497.6045276688
1497.6317697893
1497.6586990037
1497.6829561834
1497.7069596357
1497.7307120909
1497.7542162524
1497.7731051167
1497.7918337139
1497.8104034435
1497.828815694
1497.845791565
1497.8626336345
1497.8793429884
1497.8959207042
1497.9150576895
1497.9340193448
1497.9528073245
1497.9714232675
1497.9937290224
1498.0157879362
1498.0376028227
1498.0591764641
1498.0808860056
1498.1023514205
1498.1235755367
1498.1445611516
1498.1617663538
1498.1788113454
1498.1956976638
1498.2124268331
1498.2263650653
1498.2401942674
1498.2539153185
1498.2675290914
1498.2817900833
1498.2959334138
1498.3099600837
1498.3238710859
1498.3408429472
1498.35764274
1498.3742722636
1498.3907332983
1498.4092375783
1498.4275290927
1498.4456103649
1498.4634838893
1498.4762187862
1498.4888482854
1498.5013732868
1498.5137946834
1498.52611336
1498.5383301926
1498.5504460502
1498.5624617945
1498.5768949181
1498.5911836797
1498.6053295695
1498.6193340626
1498.6350053901
1498.6504997825
1498.6658193017
1498.6809659866
1498.6946129385
1498.7081196868
1498.7214877177
1498.7347185044
1498.7453539483
1498.7559007645
1498.7663597154
1498.776731558
1498.7862959887
1498.7957863846
1498.8052033376
1498.8145474351
1498.8253351446
1498.8360258022
1498.8466203095
1498.8571195601
1498.8697013096
1498.8821463576
1498.8944562379
1498.906632468
1498.9188877008
1498.9310076422
1498.9429938341
1498.9548478032
1498.9645687709
1498.9742008783
1498.9837449641
1498.993201861
1499.0010828864
1499.0089033935
1499.0166638622
1499.0243647693
1499.0324329696
1499.0404358258
1499.0483738846
1499.0562476884
1499.0658550204
1499.0753667473
1499.0847838521
1499.0941073075
1499.1045895441
1499.1149534901
1499.1252005241
1499.1353320099
1499.1425526216
1499.149714581
1499.1568183802
1499.1638645077
1499.1708534477
1499.1777856789
1499.1846616768
1499.1914819128
1499.1996753889
1499.2077884354
1499.2158218678
1499.2237764934
1499.2326795015
1499.2414838596
1499.2501906961
1499.2588011278
1499.2665607288
1499.2742420899
1499.2818460251
1499.2893733422
1499.2954253916
1499.3014279416
1499.3073814097
1499.3132862114
1499.3187322214
1499.3241368548
1499.329500436
1499.3348232873
1499.3409692745
1499.3470609895
1499.3530989269
1499.3590835768
1499.3662563748
1499.3733526745
1499.3803733173
1499.3873191362
1499.3943114092
1499.4012279055
1499.4080694715
1499.414836946
1499.4203878863
1499.4258890091
1499.4313407746
1499.436743641
1499.4412470122
1499.4457164279
1499.450152152
1499.4545544467
1499.4591673347
1499.4637435358
1499.4682833508
1499.472787078
1499.4782831029
1499.4837254147
1499.489114554
1499.4944510562
1499.5004518289
1499.5063860859
1499.512254586
1499.5180580802
1499.5221950695
1499.5262990445
1499.5303702761
1499.5344090336
1499.538415584
1499.5423901907
1499.5463331158
1499.5502446191
1499.5549443112
1499.5595986652
1499.5642081302
1499.5687731518
1499.573883281
1499.5789377505
1499.5839371825
1499.5888821938
1499.5933394408
1499.5977524975
1499.6021218129
1499.6064478337
1499.6099266281
1499.613377438
1499.6168004938
1499.6201960256
1499.6233281464
1499.6264368569
1499.6295223365
1499.6325847633
1499.6361211657
1499.6396268397
1499.6431020585
1499.6465470936
1499.6506766485
1499.6547628529
1499.6588061723
1499.6628070678
1499.6668354029
1499.6708207506
1499.6747635794
1499.6786643546
1499.6818644795
1499.6850363126
1499.6881801088
1499.6912961226
1499.6938937173
1499.6964720113
1499.6990311508
1499.7015712815
1499.7042331894
1499.7068742285
1499.7094945656
1499.7120943662
1499.715267315
1499.7184096846
1499.721521775
1499.7246038838
1499.7280701134
1499.7314984362
1499.7348892733
1499.7382430428
1499.7406341411
1499.7430064031
1499.7453599794
1499.7476950201
1499.7500116736
1499.7523100865
1499.7545904045
1499.7568527723
1500.2689407649
1501.4714824244
1500.4819671828
1491.2310556482
1477.5324469253
1463.9599235037
1450.5123238345
1437.1884970031
1426.4570559218
1415.8059077142
1405.2344511074
1394.74208931
1382.6223764666
1370.6081946249
1358.6986241212
1346.8927532603
1331.4131244437
1316.1117725101
1300.9866426614
1286.035703583
1269.2064082337
1252.5978176087
1236.2070351887
1220.0312020846
1209.9743807203
1200.0006432968
1190.1093029105
1180.2996783044
1170.5710938627
1160.9228796279
1151.3543711612
1141.8649094853
1129.4911282747
1117.2517472733
1105.1453056608
1093.1703583651
1079.0407384075
1065.0941869011
1051.328330398
1037.7408259059
1028.7300655915
1019.7977411971
1010.9431695073
1002.165673219
993.46458093665
984.83922719088
976.2889522845
967.81310222931
957.30886586362
946.91893701371
936.64207099556
926.47703656324
914.99669175668
903.65898982707
892.4621573619
881.40444277582
873.63584006745
865.93590182336
858.30402075704
850.73959491649
843.24202767915
835.81072776939
828.44510911746
821.14459080152
812.32408494007
803.59860835328
794.96713660363
786.42865620221
776.899133842
767.48544049879
758.18616745925
748.99992297208
740.76424436798
732.61941150452
724.56442167716
716.59828314886
710.17607163616
703.81160742711
697.50437094555
691.25384725654
685.44398668672
679.68312371074
673.97084484594
668.30674007566
661.76230671442
655.28218505056
648.86574270127
642.51235345263
634.9964351057
627.56875433147
620.22827456951
612.9739713176
605.78542047248
598.68148971331
591.66118230522
584.72351313818
578.99889565733
573.33054345815
567.71790316512
562.16042680103
557.41956507224
552.71884626959
548.05793025526
543.43647975365
538.53993277686
533.68768905642
528.87934746766
524.11451049091
518.39784033317
512.74379107511
507.15167628958
501.62081700497
495.60008031247
489.65192945762
483.77548873552
477.96989289815
472.84547422538
467.77625016181
462.76162577714
457.80101249541
453.74819433905
449.73142739695
445.75039073602
441.80476625906
438.03659891834
434.30072956943
430.5968811599
426.92477899708
422.65330761549
418.42479099269
414.23879682259
410.09489711323
405.27685990414
400.51572617756
395.81082332895
391.16148662401
386.66118969192
382.21295247596
377.81617223734
373.47025314667
369.89309981971
366.35040446109
362.84183484896
359.36706193849
356.33596478214
353.33058424108
350.35070192694
347.3961012928
344.20294737058
341.03932189842
337.90495155511
334.79956552974
331.09368177134
327.42907488003
323.8052846605
320.22185599943
316.40727711218
312.63843371114
308.91477689394
305.23576427797
302.03823667056
298.87443162812
295.74399312148
292.64656884636
290.09054471443
287.55700182424
285.04574222534
282.55656969729
280.12136292345
277.70729547076
275.31418362487
272.94184525636
270.16048922326
267.40768668769
264.68314417438
261.98657119811
258.89372285429
255.83766760491
252.81796722317
249.83418864828
247.0066619176
244.21139229182
241.44801130728
238.71615466779
236.47804167218
234.26108703924
232.06509047768
229.88985357696
227.95771955739
226.04196390944
224.14244760351
222.25903278171
220.18538511936
218.13125533749
216.09645946433
214.08081524838
211.68040172089
209.30714866504
206.96074831008
204.64089633893
202.21711895505
199.82232083014
197.45615495009
195.11827841321
193.11762844321
191.13769448442
189.1782616835
187.23911739568
185.62895519091
184.03278097144
182.45047301402
180.88191064683
179.31471424872
177.76123909027
176.22136482852
174.69497216821
172.88888526228
171.1016726675
169.33313678568
167.58308206894
165.5955840489
163.63192135769
161.69180761537
159.77495984731
157.9930452512
156.23123545856
154.48930319018
152.76702371128
151.36543249326
149.97685618812
148.60117369421
147.23826502785
146.01004202619
144.79219252995
143.5846287388
142.38726359029
141.04557604458
139.71669335494
138.40049304619
137.09685380519
135.54339977199
134.00778133744
132.48979326378
130.98923265179
129.44578106317
127.92076641488
126.41396795359
124.92516754205
123.67064780145
122.42890666804
121.19981365589
119.98323959992
118.96974732003
117.96494285957
116.96875155297
115.98109937175
114.9757771933
113.97930200754
112.99159575216
112.01258104862
110.84254063144
109.68491380244
108.53956849783
107.40637404623
106.12839188056
104.86586294126
103.61859983781
102.38641742855
101.26077398938
100.14771524381
99.047100075306
97.958788934744
97.080146087593
96.209522573921
95.346844973327
94.492040532506
93.71266338576
92.939830885398
92.173487896748
91.413579746428
90.547940721937
89.690651244231
88.841630509745
88.000798490662
86.99643936142
86.003762936737
85.022632856741
84.052914337552
83.068495298294
82.095835430536
81.13479376441
80.185231002953
79.3969253716
78.616530284198
77.84396606159
77.079153820512
76.441191584006
75.808622734554
75.181401498236
74.559482486958
73.915970505839
73.27813493133
72.64592549075
72.019292353482
71.492391419932
71.814905042337
74.006886294359
77.234454846963
80.235198601771
83.229601324516
86.217676409183
89.199437221617
98.172238444779
107.08786083613
115.94666862415
124.74902373605
133.91410527408
143.01798540595
152.06107268123
161.0437729449
173.54594501418
185.93113949878
198.20045062023
210.35496247309
225.8703237896
241.19862130872
256.34210999041
271.30301796448
286.16038926598
300.83769781674
315.3371257272
329.66082900459
341.06453249531
352.35685435693
363.53888252973
374.61169444016
383.83463056502
392.9817946703
402.05380936218
411.05129217756
420.74011827538
430.34251909692
439.85926573724
449.2911224779
460.89467186865
472.3697396878
483.71774898936
494.94010724657
507.23458548641
519.37825928204
531.37297913892
543.22057313811
553.56984870763
563.80685948616
573.93282390187
583.9489473052
592.03744900783
600.05432050407
608.00019652802
615.87570624053
623.40263239848
630.86528422343
638.26421095182
645.5999571677
654.23210894719
662.77677715125
671.23484907117
679.6072030894
689.44514533984
699.16473527005
708.76739788378
718.25454122779
727.44025929742
736.51768448112
745.48809468416
754.35275290351
761.55527553563
768.68798715038
775.75156511246
782.74668027587
788.77028830215
794.74313074917
800.66563594695
806.53822864078
812.90309491006
819.20933131617
825.4574785816
831.64807248518
839.16116181943
846.58948319347
853.93399424219
861.19564189524
869.06610565331
876.83923220077
884.51622698953
892.0982807131
898.64738812166
905.12566349752
911.5338740554
917.87277878255
922.95533121037
927.9933291275
932.98716371963
937.93722276523
942.69134566734
947.40509108255
952.07880250602
956.71282053293
962.23077239001
967.6924454595
973.09841471814
978.44924932129
984.80555988032
991.08407137434
997.2857377243
1003.4115012813
1009.3253134587
1015.1683876817
1020.941571663
1026.6457030636
1031.1842756354
1035.6791341831
1040.1307005779
1044.5393926541
1048.2765438393
1051.9828884809
1055.65868105
1059.3041739305
1063.290939664
1067.2414684981
1071.156090499
1075.0351327492
1079.8373425813
1084.5850247861
1089.2787998572
1093.9192812949
1099.0205596783
1104.0574384178
1109.0307323448
1113.9412460916
1117.2559096285
1120.5419692503
1123.7996723824
1127.0292643251
1130.2309882553
1133.405085219
1136.5517941872
1139.6713520777
1143.5708607505
1147.4279466243
1151.2430723731
1155.0166956696
1159.3927512226
1163.712998898
1167.9781522483
1172.1889157989
1175.0968883283
1177.9789220077
1180.8352488343
1183.6660987454
1186.471699619
1189.2522772674
1192.0080554923
1194.7392561076
1198.0517334096
1201.3280602706
1204.5686323331
1207.7738409468
1211.3773867286
1214.9362361424
1218.4509451903
1221.9220630268
1224.403897498
1226.8634487748
1229.3009175339
1231.7165026573
1234.1104012334
1236.4828085506
1238.8339181464
1241.1639218268
1243.9511531339
1246.7081842673
1249.4353434883
1252.1329555201
1255.1476758434
1258.1254968549
1261.0668716586
1263.9722478481
1266.5913156841
1269.1811325695
1271.7420262895
1274.2743209886
1276.3073474977
1278.3219417708
1280.3182715012
1282.2965028673
1284.1146685847
1285.9175472077
1287.7052677261
1289.4779580476
1291.5211877276
1293.5444507902
1295.547943056
1297.5318584388
1299.9151513141
1302.2701942808
1304.5973234281
1306.8968708819
1309.2197560895
1311.5144995071
1313.7814433642
1316.0209257677
1317.8522836519
1319.6652788313
1321.4600961458
1323.2369185892
1324.7052861353
1326.1613652088
1327.6052590625
1329.0370700864
1330.5296872314
1332.0091744178
1333.4756476171
1334.9292217825
1336.7094882263
1338.4704075247
1340.2121908084
1341.9350469219
1343.8887726333
1345.8181611106
1347.7235168068
1349.6051404023
1350.9371695769
1352.2573066956
1353.5656583947
1354.8623303605
1356.147427329
1357.4210530828
1358.6833104772
1359.9343014506
1361.4370226049
1362.923488463
1364.3938756645
1365.8483589439
1367.4752809198
1369.0823065657
1370.6696803362
1372.2376437093
1373.647133574
1375.0409401441
1376.4192387629
1377.7822028304
1378.873863628
1379.9556880702
1381.0277652238
1382.0901833544
1383.06793672
1384.0375099098
1384.9989717058
1385.9523903148
1387.0546467926
1388.1461538353
1389.2270168096
1390.2973400557
1391.5834794776
1392.8544019978
1394.1102885916
1395.3513180991
1396.6014712106
1397.8365499305
1399.0567369959
1400.2622129485
1401.2464063629
1402.2207950324
1403.1854771698
1404.1405500122
1404.9315353662
1405.7159303407
1406.4937901543
1407.2651695656
1408.072108615
1408.8719567132
1409.6647765278
1410.4506301756
1411.4131168926
1412.3651552058
1413.3068591979
1414.238341715
1415.2906884248
1416.3299908207
1417.3564115513
1418.370111255
1419.0871369589
1419.7977988704
1420.5021538152
1421.2002581143
1421.8921675841
1422.5779375341
1423.2576227813
1423.9312776558
1424.7419273173
1425.5438456347
1426.3371272468
1427.1218657734
1428.0007723908
1428.8689641833
1429.7265726201
1430.5737275705
1431.3352083751
1432.088244454
1432.8329300789
1433.5693584785
1434.1587181203
1434.7427899736
1435.3216218036
1435.8952609472
1436.42298051
1436.9463059882
1437.4652742232
1437.9799217488
1438.5751522754
1439.1646038381
1439.7483329392
1440.3263955312
1441.0211197095
1441.7076606907
1442.3861155563
1443.0565802448
1443.7318209648
1444.3989586986
1445.0580913968
1445.7093158366
1446.2411680226
1446.7677463452
1447.2891034941
1447.8052916377
1448.2331526172
1448.6574627262
1449.0782516608
1449.4955488705
1449.9322633241
1450.3651540613
1450.7942548236
1451.2195990561
1451.7402206003
1452.2552150828
1452.764643807
1453.2685674129
1453.8371293561
1454.3986846521
1454.9533203482
1455.5011224195
1455.8891502144
1456.2737499212
1456.6549520791
1457.0327869566
1457.4072845515
1457.7784745886
1458.1463865289
1458.5110495722
1458.9496800643
1459.3836107933
1459.8128925509
1460.237575583
1460.7130236954
1461.1827091153
1461.6467023057
1462.1050728748
1462.5172447313
1462.9248712082
1463.3280028847
1463.7266897821
1464.046117559
1464.3626926717
1464.6764408322
1464.9873875222
1465.2736365747
1465.5575118981
1465.8390333624
1466.1182206721
1466.4409379858
1466.7605370747
1467.0770483571
1467.390501956
1467.7667799048
1468.1386525883
1468.5061720836
1468.8693898569
1469.2349564548
1469.5961665531
1469.953072586
1470.3057263627
1470.5940420292
1470.879516107
1471.1621768886
1471.4420523875
1471.6744497772
1471.9049270873
1472.1335003474
1472.360185454
1472.5975246754
1472.8327944633
1473.0660130532
1473.2971985207
1473.5798075189
1473.859378974
1474.1359458859
1474.4095408981
1474.7176952517
1475.0220804544
1475.3227431146
1475.6197292687
1475.8304797452
1476.0393792657
1476.2464442699
1476.4516910526
1476.6551357626
1476.856794402
1477.056682831
1477.2548167694
1477.4930061179
1477.7286604622
1477.9618070964
1478.1924730221
1478.4506408156
1478.7057019425
1478.957694231
1479.2066550523
1479.4306407905
1479.6521734647
1479.8712802668
1480.0879880912
1480.2617813723
1480.4340321184
1480.6047541909
1480.7739613279
1480.929794218
1481.0843424718
1481.2376168136
1481.3896278784
1481.5652296856
1481.7391460824
1481.9113934531
1482.0819880234
1482.2866040374
1482.4888429506
1482.6887327393
1482.8863010527
1483.0851096116
1483.2815682006
1483.4757049674
1483.6675477259
1483.8245423126
1483.9800010656
1484.1339392146
1484.2863718404
1484.4130921369
1484.5387722396
1484.6634208057
1484.7870464213
1484.9164932679
1485.044818829
1485.1720329547
1485.298145409
1485.4521627183
1485.6045373452
1485.7552870615
1485.9044294471
1486.0722501863
1486.2380364707
1486.4018133238
1486.5636054639
1486.6785951838
1486.7925826811
1486.9055768219
1487.0175863942
1487.1286201076
1487.2386865922
1487.3477944018
1487.455952015
1487.5859030841
1487.7144828659
1487.8417060539
1487.9675871852
1488.1084321844
1488.2475976939
1488.385104055
1488.5209713649
1488.6432629191
1488.7642270942
1488.8838785286
1489.0022317024
1489.0972314497
1489.1913950052
1489.2847298496
1489.3772433978
1489.4624815039
1489.5470226098
1489.6308725099
1489.7140369508
1489.8100630953
1489.9051756435
1489.9993834343
1490.0926952213
1490.2045406323
1490.3150992318
1490.4243860786
1490.5324160564
1490.6411087245
1490.7485295782
1490.8546937588
1490.95961623
1491.0455468708
1491.130644959
1491.2149187046
1491.2983762385
1491.3678237403
1491.436706249
1491.5050284446
1491.5727949689
1491.6437580855
1491.714112061
1491.7838622206
1491.8530138431
1491.9374106322
1492.0209162088
1492.1035401595
1492.1852919685
1492.2772189164
1492.3680435892
1492.4577794549
1492.5464398184
1492.6095258963
1492.6720676671
1492.7340699182
1492.7955373955
1492.8564748023
1492.9168867988
1492.9767780043
1493.0361529979
1493.1074689754
1493.178040516
1493.2478755457
1493.3169819061
1493.394290892
1493.4706883782
1493.546185329
1493.6207925786
1493.6879690152
1493.7544244903
1493.8201669008
1493.8852040595
1493.9374413318
1493.9892238221
1494.0405555731
1494.0914405922
1494.1383390294
1494.1848581282
1494.2310010222
1494.2767708196
1494.3296054156
1494.3819430366
1494.4337884582
1494.4851464103
1494.5466840641
1494.607522175
1494.6676688692
1494.7271321789
1494.7869582004
1494.8460928317
1494.9045442403
1494.9623204994
1495.0096641771
1495.0565547324
1495.1029966
1495.1489941731
1495.1872956511
1495.225289197
1495.2629773434
1495.3003626025
1495.3395155972
1495.3783365126
1495.4168282311
1495.4549936099
1495.501557007
1495.5476348644
1495.5932323644
1495.638354634
1495.689076393
1495.7391979775
1495.7887266586
1495.8376696204
1495.8725199346
1495.9070734204
1495.9413326674
1495.975300243
1496.0089786919
1496.0423705349
1496.0754782712
1496.1083043781
1496.1477283624
1496.1867463199
1496.2253625362
1496.2635812522
1496.3063375919
1496.3485967173
1496.390364556
1496.431646966
1496.4688274862
1496.5056144774
1496.5420122107
1496.5780249135
1496.6069612945
1496.6356492166
1496.6640908686
1496.6922884208
1496.7182828884
1496.7440700004
1496.7696514543
1496.795028934
1496.8243221514
1496.8533437177
1496.882096219
1496.9105822168
1496.9447118266
1496.9784590862
1497.0118283937
1497.0448240973
1497.0780237042
1497.1108453102
1497.1432933353
1497.1753721503
1497.201667801
1497.2277155075
1497.2535176719
1497.2790766745
1497.3003679334
1497.3214905377
1497.3424458604
1497.3632352641
1497.3850105559
1497.406603903
1497.4280168686
1497.4492510025
1497.4751554852
1497.5007939609
1497.5261692387
1497.5512840981
1497.5795140117
1497.6074151093
1497.6349913304
1497.6622465686
1497.6816623444
1497.7009153272
1497.7200069213
1497.7389385198
1497.7577115032
1497.7763272389
1497.7947870826
1497.8130923787
1497.8350780578
1497.8568409198
1497.8783832897
1497.8997074683
1497.9235664177
1497.9471523986
1497.9704686267
1497.9935182811
1498.0142824962
1498.0348305236
1498.0551646815
1498.0752872653
1498.0914602594
1498.1074966615
1498.1233976603
1498.1391644348
1498.1537020833
1498.1681256768
1498.1824361375
1498.1966343805
1498.2130245075
1498.2292651739
1498.2453577847
1498.2613037319
1498.2804102589
1498.2993063546
1498.3179944086
1498.3364767835
1498.3550763866
1498.3734678396
1498.3916535444
1498.4096358771
1498.4243801895
1498.4389878656
1498.453460211
1498.4677985209
1498.4797458561
1498.4916001815
1498.5033622439
1498.5150327851
1498.527258572
1498.5393839737
1498.5514098409
1498.5633370171
1498.5778885532
1498.5922932772
1498.6065527179
1498.6206683881
1498.6365364146
1498.6522228865
1498.6677299478
1498.6830597181
1498.6939833629
1498.7048170434
1498.7155615244
1498.7262175649
1498.736785917
1498.7472673252
1498.7576625282
1498.7679722585
1498.7803563804
1498.7926172479
1498.8047561278
1498.816774274
1498.8302233567
1498.8435213501
1498.8566700068
1498.8696710602
1498.881385621
1498.8929804299
1498.9044567505
1498.9158158357
1498.9249474127
1498.9340032719
1498.9429840615
1498.9518904253
1498.9601038665
1498.968254046
1498.976341467
1498.9843666291
1498.993631839
1499.0028141092
1499.0119142068
1499.0209328916
1499.0317407095
1499.0424316866
1499.0530071277
1499.0634683233
1499.0739979324
1499.084411881
1499.0947114808
1499.1048980307
1499.1132522112
1499.1215304054
1499.1297333266
1499.1378616836
1499.1446359864
1499.1513585268
1499.1580297133
1499.1646499516
1499.1715861874
1499.1784665245
1499.1852914281
1499.1920613598
1499.2003219905
1499.2085008239
1499.2165986965
1499.2246164363
1499.2336310023
1499.2425443423
1499.2513576295
1499.2600720251
1499.2662831632
1499.2724440955
1499.2785552411
1499.2846170158
1499.2906298319
1499.296594097
1499.302510216
1499.3083785902
1499.315428759
1499.3224100568
1499.3293231781
1499.3361688103
1499.3438309353
1499.3514085689
1499.3589026718
1499.3663141956
1499.3729937504
1499.3796062764
1499.3861524666
1499.3926330095
1499.3978437449
1499.4030120626
1499.4081383184
1499.4132228662
1499.417912546
1499.4225667619
1499.4271857901
1499.4317699052
1499.4370630621
1499.4423096942
1499.4475102228
1499.4526650658
1499.4588435249
1499.4649563921
1499.4710043846
1499.4769882124
1499.4830123511
1499.4889714993
1499.4948663783
1499.5006977037
1499.5054810486
1499.5102216548
1499.5149199146
1499.519576219
1499.523457498
1499.5273096394
1499.5311328683
1499.5349274084
1499.5389035866
1499.5428482775
1499.5467617375
1499.5506442211
1499.5553822558
1499.5600741808
1499.5647204573
1499.5693215421
1499.574495547
1499.5796124376
1499.5846728609
1499.5896774581
1499.5932451548
1499.5967844946
1499.6002957087
1499.603779027
1499.6072346773
1499.6106628845
1499.6140638722
1499.6174378621
1499.6214918283
1499.6255068357
1499.6294832681
1499.6334215055
1499.6378301526
1499.6421909593
1499.6465044569
1499.6507711719
1499.6546171971
1499.6584252283
1499.6621956487
1499.6659288403
1499.6689310332
1499.6719091587
1499.6748634136
1499.6777939944
1499.6804973079
1499.6831804835
1499.6858436742
1499.6884870324
1499.6915395632
1499.6945656552
1499.6975655423
1499.7005394561
1499.7041043626
1499.7076319611
1499.7111226496
1499.7145768223
1499.7180547962
1499.7214957634
1499.7249001243
1499.7282682768
1499.731031548
1499.7337704559
1499.7364852182
1499.7391760529
1499.7414192653
1499.7436458526
1499.7458559401
1499.7480496521
1499.7503485669
1499.7526295021
1499.7548926005
1499.7571380037
1500.2738284713
1501.4868331029
1500.4884034242
1491.156911656
1477.3640595812
1463.6990400079
1450.1606671312
1436.7477660769
1426.0183752615
1415.3692712913
1404.7998528687
1394.3095231788
1382.2723344518
1370.3392768196
1358.509448717
1346.7819563401
1331.3894090544
1316.1731530093
1301.131167556
1286.2614550126
1269.412285622
1252.7843036514
1236.3746033293
1220.1803166726
1210.0774829057
1200.058484814
1190.1226261931
1180.2692165869
1170.4975712819
1160.8070113254
1151.196863382
1141.6664596753
1129.2825156519
1117.0332161369
1104.9170961985
1092.9327067122
1078.8398876551
1064.9292243519
1051.1983608251
1037.6449712573
1028.632791324
1019.6990792894
1010.8431514883
1002.0643301738
993.36194351141
984.73532559844
976.18381630952
967.70676123341
957.20953875159
946.82648375686
936.55635378322
926.39791977146
914.92584967238
903.59622909091
892.40728814346
881.35727871642
873.58324252171
865.87797056347
858.2408542148
850.67129019908
843.1686805849
835.73243280359
828.36195950762
821.05667851249
812.23831947536
803.51495365595
794.88555714478
786.3491169739
776.82760864654
767.42174632896
758.13012457374
748.95135484383
740.7197619398
732.57893056491
724.52785937593
716.56555797755
710.1407807978
703.77379971872
697.46409449351
691.21114952467
685.39680626643
679.63153928179
673.91493407892
668.24657964333
661.70083295172
655.21942958251
648.80173665779
642.44712747517
634.93499675312
627.51102367096
620.1741730237
612.92342164396
605.73968187845
598.64045596364
591.62474899985
584.69157768407
578.96749344995
573.29966710025
567.6875453534
562.13058032502
557.38712402226
552.68385673861
548.02043774116
543.39652916598
538.49768886986
533.64319661206
528.83265064475
524.06565283262
518.34967245692
512.69630372982
507.10486034415
501.57466344674
495.55747230133
489.61278822796
483.73973690628
477.93745445118
472.81521593359
467.7481288307
462.73559889016
457.77703820444
453.72344810047
449.70592484346
445.72414728311
441.77779710759
438.0076633605
434.26986330655
430.5641194253
426.89015656143
422.61788638156
418.38859052973
414.20183638671
410.05719565173
405.2408152311
400.48130441898
395.77799118025
391.13021134139
386.63233992659
382.18647630635
377.79201861913
373.44837189958
369.87178125689
366.32963977288
362.82161534332
359.34737903952
356.3151987029
353.30875478279
350.32782863253
347.37220344982
344.17785392776
341.0130570173
337.87753905221
334.77102888084
331.0653273809
327.40090222728
323.77729321361
320.19404521582
316.38123944451
312.61413064467
308.89217058312
305.21481753607
302.01858161968
298.85604335625
295.72684709873
292.63064091974
290.07441795949
287.54068097126
285.02923193666
282.53987456817
280.10368015902
277.68864348039
275.29458057238
272.92130906291
270.1394104078
267.38607855724
264.66101981965
261.96394349648
258.87188736324
255.81660867813
252.79766947474
249.81463694876
246.98848060595
244.19455265001
241.43248509468
238.70191411409
236.46426206141
234.24776092946
232.05221052656
229.87741254059
227.94477402814
226.02852333604
224.12852131052
222.244629971
220.1702725682
218.11544768555
216.07997113819
214.06366046427
211.66324066336
209.28998367171
206.94358166635
204.62373027886
202.20093376995
199.80709552084
197.44186887983
195.10491130203
193.10508536465
191.12595980883
189.16732001691
187.22895357658
185.61877734559
184.02259011086
182.44027013258
180.87169672259
179.30394186527
177.74991881184
176.20950707687
174.68258722433
172.87610632437
171.08850932402
169.31959846738
167.5691780511
165.58208446138
163.61881849918
161.67909391131
159.76262784795
157.98155255456
156.22056469785
154.47943728416
152.75794586002
151.35670552268
149.96847436505
148.59313136186
147.23055660484
146.00207419968
144.78397023246
143.57615683788
142.37854688925
141.03639942055
139.70706638268
138.39042515923
137.08635429766
135.53282873803
133.99714180299
132.47908819454
130.97846495421
129.43559681906
127.91115322235
126.40491362422
124.91666009759
123.66268893211
122.42148608243
121.19292121565
119.97686531778
118.96341312264
117.95864852822
116.96249686972
115.97488411947
114.9692181555
113.97240571767
112.98436865507
112.00502950156
110.83469669821
109.67678453802
108.53116084004
107.39769481743
106.11992934348
104.85761312359
103.61055883174
102.37858138985
101.25347833222
100.14094886614
99.040852056264
97.953048532004
97.074663516996
96.204293607643
95.341865439393
94.487306314132
93.707784218377
92.934809537649
92.168327100868
91.408282198658
90.542331158569
89.684736178543
88.835416358045
87.99429157354
86.989847521023
85.997089028607
85.015879681249
84.04608464079
83.062029745826
82.089726297272
81.129033458276
80.179812062837
79.391878662253
78.611848881757
77.839643144013
77.075182666246
76.43726912489
75.804748431149
75.177574816754
74.55570289921
74.223146725991
73.892106626147
73.56257566028
73.234546920646
73.044087280085
72.854134052261
72.664685885154
72.475741430354
72.37664432988
72.277685786531
72.178865605776
72.080183593357
72.036897521076
71.993638033097
71.950405113025
71.907198744476
71.887703874326
71.857206860049
71.860309080087
71.992400215301
